1117
1,30,16,0,0,0,0,0,0,0,0,0,0
2,24,16,0,0,0,0,0,0,0,0,0,0
3,28,16,0,0,0,0,0,0,0,0,0,0
4,24,16,0,0,0,0,0,0,0,0,0,0
5,28,16,0,0,0,0,0,0,0,0,0,0
6,24,16,0,0,0,0,0,0,0,0,0,0
7,28,16,0,0,0,0,0,0,0,0,0,0
8,26,16,0,0,0,0,0,0,0,0,0,0
9,37,32,0,0,0,0,0,0,0,0,0,0
10,31,0,0,0,0,0,0,0,0,0,0,0
11,30,16,0,0,0,0,0,0,0,0,0,0
12,24,16,0,0,0,0,0,0,0,0,0,0
13,23,16,0,0,0,0,0,0,0,0,0,0
14,27,16,0,0,0,0,0,0,0,0,0,0
15,31,0,0,0,0,0,0,0,0,0,0,0
16,37,32,0,0,0,0,0,0,0,0,0,0
17,1,0,0,0,0,0,0,0,0,0,0,0
18,2,0,0,0,0,0,0,0,0,0,0,0
19,2,0,0,0,0,0,0,0,0,0,0,0
20,53,64,0,1,0,0,0,0,0,0,0,0
21,51,1,0,1,0,0,0,0,0,0,0,0
22,2,0,0,1,0,0,0,0,0,0,0,0
23,2,0,0,0,0,0,0,0,0,0,0,0
24,2,0,0,1,0,0,0,0,0,0,0,0
25,2,0,0,1,0,0,0,0,0,0,0,0
26,53,32,0,1,0,0,0,0,0,0,0,0
27,51,1,0,1,0,0,0,0,0,0,0,0
28,2,0,0,1,0,0,0,0,0,0,0,0
29,2,0,0,1,0,0,0,0,0,0,0,0
30,11,32,0,1,0,0,0,0,0,0,0,0
31,23,32,0,1,0,0,0,0,0,0,0,0
32,2,0,0,1,0,0,0,0,0,0,0,0
33,38,64,0,1,0,0,0,0,0,0,0,0
34,38,64,0,1,0,0,0,0,0,0,0,0
35,2,0,0,1,0,0,0,0,0,0,0,0
36,53,64,0,1,0,0,0,0,0,0,0,0
37,51,1,0,1,0,0,0,0,0,0,0,0
38,2,0,0,1,0,0,0,0,0,0,0,0
39,2,0,0,1,0,0,0,0,0,0,0,0
40,13,32,0,1,0,0,0,0,0,0,0,0
41,36,32,0,1,0,0,0,0,0,0,0,0
42,23,32,0,1,0,0,0,0,0,0,0,0
43,38,64,0,1,0,0,0,0,0,0,0,0
44,32,0,0,1,0,0,0,0,0,0,0,0
45,30,32,1,1,0,0,0,0,0,0,0,0
46,13,32,0,1,0,0,0,0,0,0,0,0
47,36,32,0,1,0,0,0,0,0,0,0,0
48,23,32,0,1,0,0,0,0,0,0,0,0
49,38,64,0,1,0,0,0,0,0,0,0,0
50,32,0,0,1,0,0,0,0,0,0,0,0
51,30,32,1,1,0,0,0,0,0,0,0,0
52,11,64,0,1,0,0,0,0,0,0,0,0
53,23,64,0,1,0,0,0,0,0,0,0,0
54,11,64,0,1,0,0,0,0,0,0,0,0
55,32,0,0,1,0,0,0,0,0,0,0,0
56,30,32,1,1,0,0,0,0,0,0,0,0
57,16,32,1,1,0,0,0,0,0,0,0,0
58,23,64,0,1,0,0,0,0,0,0,0,0
59,11,64,0,1,0,0,0,0,0,0,0,0
60,32,0,0,1,0,0,0,0,0,0,0,0
61,30,32,1,1,0,0,0,0,0,0,0,0
62,16,32,1,1,0,0,0,0,0,0,0,0
63,14,32,1,1,0,0,0,0,0,0,0,0
64,23,64,0,1,0,0,0,0,0,0,0,0
65,11,64,0,1,0,0,0,0,0,0,0,0
66,32,0,0,1,0,0,0,0,0,0,0,0
67,30,32,1,1,0,0,0,0,0,0,0,0
68,16,32,1,1,0,0,0,0,0,0,0,0
69,23,64,0,1,0,0,0,0,0,0,0,0
70,11,64,0,1,0,0,0,0,0,0,0,0
71,32,0,0,1,0,0,0,0,0,0,0,0
72,30,32,1,1,0,0,0,0,0,0,0,0
73,16,32,1,1,0,0,0,0,0,0,0,0
74,12,32,1,1,0,0,0,0,0,0,0,0
75,23,64,0,1,0,0,0,0,0,0,0,0
76,11,64,0,1,0,0,0,0,0,0,0,0
77,36,32,0,1,0,0,0,0,0,0,0,0
78,37,64,0,1,0,0,0,0,0,0,0,0
79,32,0,0,1,0,0,0,0,0,0,0,0
80,30,32,1,1,0,0,0,0,0,0,0,0
81,14,32,1,1,0,0,0,0,0,0,0,0
82,23,64,0,1,0,0,0,0,0,0,0,0
83,11,64,0,1,0,0,0,0,0,0,0,0
84,32,0,0,1,0,0,0,0,0,0,0,0
85,31,0,0,1,0,0,0,0,0,0,0,0
86,23,64,0,1,0,0,0,0,0,0,0,0
87,11,64,0,1,0,0,0,0,0,0,0,0
88,36,32,0,1,0,0,0,0,0,0,0,0
89,37,64,0,1,0,0,0,0,0,0,0,0
90,32,0,0,1,0,0,0,0,0,0,0,0
91,30,32,1,1,0,0,0,0,0,0,0,0
92,14,32,1,1,0,0,0,0,0,0,0,0
93,23,64,0,1,0,0,0,0,0,0,0,0
94,11,64,0,1,0,0,0,0,0,0,0,0
95,32,0,0,1,0,0,0,0,0,0,0,0
96,31,0,0,1,0,0,0,0,0,0,0,0
97,23,64,0,1,0,0,0,0,0,0,0,0
98,11,64,0,1,0,0,0,0,0,0,0,0
99,36,32,0,1,0,0,0,0,0,0,0,0
100,37,64,0,1,0,0,0,0,0,0,0,0
101,32,0,0,1,0,0,0,0,0,0,0,0
102,30,32,1,1,0,0,0,0,0,0,0,0
103,12,32,1,1,0,0,0,0,0,0,0,0
104,23,64,0,1,0,0,0,0,0,0,0,0
105,11,64,0,1,0,0,0,0,0,0,0,0
106,36,32,0,1,0,0,0,0,0,0,0,0
107,37,64,0,1,0,0,0,0,0,0,0,0
108,32,0,0,1,0,0,0,0,0,0,0,0
109,31,0,0,1,0,0,0,0,0,0,0,0
110,23,64,0,1,0,0,0,0,0,0,0,0
111,11,64,0,1,0,0,0,0,0,0,0,0
112,36,32,0,1,0,0,0,0,0,0,0,0
113,37,64,0,1,0,0,0,0,0,0,0,0
114,32,0,0,1,0,0,0,0,0,0,0,0
115,30,32,1,1,0,0,0,0,0,0,0,0
116,12,32,1,1,0,0,0,0,0,0,0,0
117,23,64,0,1,0,0,0,0,0,0,0,0
118,11,64,0,1,0,0,0,0,0,0,0,0
119,36,32,0,1,0,0,0,0,0,0,0,0
120,37,64,0,1,0,0,0,0,0,0,0,0
121,32,0,0,1,0,0,0,0,0,0,0,0
122,31,0,0,1,0,0,0,0,0,0,0,0
123,2,0,0,1,0,0,0,0,0,0,0,0
124,11,64,0,1,0,0,0,0,0,0,0,0
125,2,0,0,1,0,0,0,0,0,0,0,0
126,2,0,0,1,0,0,0,0,0,0,0,0
127,11,32,0,1,0,0,0,0,0,0,0,0
128,2,0,0,1,0,0,0,0,0,0,0,0
129,2,0,0,1,0,0,0,0,0,0,0,0
130,11,64,0,1,0,0,0,0,0,0,0,0
131,2,0,0,1,0,0,0,0,0,0,0,0
132,2,0,0,0,0,0,0,0,0,0,0,0
133,2,0,0,0,0,0,0,0,0,0,0,0
134,53,64,0,1,0,0,0,0,0,0,0,0
135,51,1,0,1,0,0,0,0,0,0,0,0
136,2,0,0,1,0,0,0,0,0,0,0,0
137,2,0,0,0,0,0,0,0,0,0,0,0
138,2,0,0,1,0,0,0,0,0,0,0,0
139,2,0,0,1,0,0,0,0,0,0,0,0
140,53,32,0,1,0,0,0,0,0,0,0,0
141,51,1,0,1,0,0,0,0,0,0,0,0
142,2,0,0,1,0,0,0,0,0,0,0,0
143,2,0,0,1,0,0,0,0,0,0,0,0
144,11,32,0,1,0,0,0,0,0,0,0,0
145,23,32,0,1,0,0,0,0,0,0,0,0
146,2,0,0,1,0,0,0,0,0,0,0,0
147,38,64,0,1,0,0,0,0,0,0,0,0
148,38,64,0,1,0,0,0,0,0,0,0,0
149,2,0,0,1,0,0,0,0,0,0,0,0
150,53,64,0,1,0,0,0,0,0,0,0,0
151,51,1,0,1,0,0,0,0,0,0,0,0
152,2,0,0,1,0,0,0,0,0,0,0,0
153,2,0,0,1,0,0,0,0,0,0,0,0
154,13,32,0,1,0,0,0,0,0,0,0,0
155,36,32,0,1,0,0,0,0,0,0,0,0
156,23,32,0,1,0,0,0,0,0,0,0,0
157,38,64,0,1,0,0,0,0,0,0,0,0
158,32,0,0,1,0,0,0,0,0,0,0,0
159,30,32,1,1,0,0,0,0,0,0,0,0
160,13,32,0,1,0,0,0,0,0,0,0,0
161,36,32,0,1,0,0,0,0,0,0,0,0
162,23,32,0,1,0,0,0,0,0,0,0,0
163,38,64,0,1,0,0,0,0,0,0,0,0
164,32,0,0,1,0,0,0,0,0,0,0,0
165,30,32,1,1,0,0,0,0,0,0,0,0
166,11,64,0,1,0,0,0,0,0,0,0,0
167,23,64,0,1,0,0,0,0,0,0,0,0
168,11,64,0,1,0,0,0,0,0,0,0,0
169,32,0,0,1,0,0,0,0,0,0,0,0
170,30,32,1,1,0,0,0,0,0,0,0,0
171,16,32,1,1,0,0,0,0,0,0,0,0
172,23,64,0,1,0,0,0,0,0,0,0,0
173,11,64,0,1,0,0,0,0,0,0,0,0
174,32,0,0,1,0,0,0,0,0,0,0,0
175,30,32,1,1,0,0,0,0,0,0,0,0
176,16,32,1,1,0,0,0,0,0,0,0,0
177,14,32,1,1,0,0,0,0,0,0,0,0
178,23,64,0,1,0,0,0,0,0,0,0,0
179,11,64,0,1,0,0,0,0,0,0,0,0
180,32,0,0,1,0,0,0,0,0,0,0,0
181,30,32,1,1,0,0,0,0,0,0,0,0
182,16,32,1,1,0,0,0,0,0,0,0,0
183,23,64,0,1,0,0,0,0,0,0,0,0
184,11,64,0,1,0,0,0,0,0,0,0,0
185,32,0,0,1,0,0,0,0,0,0,0,0
186,30,32,1,1,0,0,0,0,0,0,0,0
187,16,32,1,1,0,0,0,0,0,0,0,0
188,12,32,1,1,0,0,0,0,0,0,0,0
189,23,64,0,1,0,0,0,0,0,0,0,0
190,11,64,0,1,0,0,0,0,0,0,0,0
191,36,32,0,1,0,0,0,0,0,0,0,0
192,37,64,0,1,0,0,0,0,0,0,0,0
193,32,0,0,1,0,0,0,0,0,0,0,0
194,30,32,1,1,0,0,0,0,0,0,0,0
195,14,32,1,1,0,0,0,0,0,0,0,0
196,23,64,0,1,0,0,0,0,0,0,0,0
197,11,64,0,1,0,0,0,0,0,0,0,0
198,32,0,0,1,0,0,0,0,0,0,0,0
199,31,0,0,1,0,0,0,0,0,0,0,0
200,23,64,0,1,0,0,0,0,0,0,0,0
201,11,64,0,1,0,0,0,0,0,0,0,0
202,36,32,0,1,0,0,0,0,0,0,0,0
203,37,64,0,1,0,0,0,0,0,0,0,0
204,32,0,0,1,0,0,0,0,0,0,0,0
205,30,32,1,1,0,0,0,0,0,0,0,0
206,14,32,1,1,0,0,0,0,0,0,0,0
207,23,64,0,1,0,0,0,0,0,0,0,0
208,11,64,0,1,0,0,0,0,0,0,0,0
209,32,0,0,1,0,0,0,0,0,0,0,0
210,31,0,0,1,0,0,0,0,0,0,0,0
211,23,64,0,1,0,0,0,0,0,0,0,0
212,11,64,0,1,0,0,0,0,0,0,0,0
213,36,32,0,1,0,0,0,0,0,0,0,0
214,37,64,0,1,0,0,0,0,0,0,0,0
215,32,0,0,1,0,0,0,0,0,0,0,0
216,30,32,1,1,0,0,0,0,0,0,0,0
217,12,32,1,1,0,0,0,0,0,0,0,0
218,23,64,0,1,0,0,0,0,0,0,0,0
219,11,64,0,1,0,0,0,0,0,0,0,0
220,36,32,0,1,0,0,0,0,0,0,0,0
221,37,64,0,1,0,0,0,0,0,0,0,0
222,32,0,0,1,0,0,0,0,0,0,0,0
223,31,0,0,1,0,0,0,0,0,0,0,0
224,23,64,0,1,0,0,0,0,0,0,0,0
225,11,64,0,1,0,0,0,0,0,0,0,0
226,36,32,0,1,0,0,0,0,0,0,0,0
227,37,64,0,1,0,0,0,0,0,0,0,0
228,32,0,0,1,0,0,0,0,0,0,0,0
229,30,32,1,1,0,0,0,0,0,0,0,0
230,12,32,1,1,0,0,0,0,0,0,0,0
231,23,64,0,1,0,0,0,0,0,0,0,0
232,11,64,0,1,0,0,0,0,0,0,0,0
233,36,32,0,1,0,0,0,0,0,0,0,0
234,37,64,0,1,0,0,0,0,0,0,0,0
235,32,0,0,1,0,0,0,0,0,0,0,0
236,31,0,0,1,0,0,0,0,0,0,0,0
237,2,0,0,1,0,0,0,0,0,0,0,0
238,11,64,0,1,0,0,0,0,0,0,0,0
239,2,0,0,1,0,0,0,0,0,0,0,0
240,2,0,0,1,0,0,0,0,0,0,0,0
241,11,32,0,1,0,0,0,0,0,0,0,0
242,2,0,0,1,0,0,0,0,0,0,0,0
243,2,0,0,1,0,0,0,0,0,0,0,0
244,11,64,0,1,0,0,0,0,0,0,0,0
245,2,0,0,1,0,0,0,0,0,0,0,0
246,2,0,0,0,0,0,0,0,0,0,0,0
247,2,0,0,0,0,0,0,0,0,0,0,0
248,53,64,0,1,0,0,0,0,0,0,0,0
249,51,1,0,1,0,0,0,0,0,0,0,0
250,2,0,0,1,0,0,0,0,0,0,0,0
251,2,0,0,0,0,0,0,0,0,0,0,0
252,2,0,0,1,0,0,0,0,0,0,0,0
253,2,0,0,1,0,0,0,0,0,0,0,0
254,53,32,0,1,0,0,0,0,0,0,0,0
255,51,1,0,1,0,0,0,0,0,0,0,0
256,2,0,0,1,0,0,0,0,0,0,0,0
257,2,0,0,1,0,0,0,0,0,0,0,0
258,11,32,0,1,0,0,0,0,0,0,0,0
259,23,32,0,1,0,0,0,0,0,0,0,0
260,2,0,0,1,0,0,0,0,0,0,0,0
261,38,64,0,1,0,0,0,0,0,0,0,0
262,38,64,0,1,0,0,0,0,0,0,0,0
263,2,0,0,1,0,0,0,0,0,0,0,0
264,53,64,0,1,0,0,0,0,0,0,0,0
265,51,1,0,1,0,0,0,0,0,0,0,0
266,2,0,0,1,0,0,0,0,0,0,0,0
267,2,0,0,1,0,0,0,0,0,0,0,0
268,13,32,0,1,0,0,0,0,0,0,0,0
269,36,32,0,1,0,0,0,0,0,0,0,0
270,23,32,0,1,0,0,0,0,0,0,0,0
271,38,64,0,1,0,0,0,0,0,0,0,0
272,32,0,0,1,0,0,0,0,0,0,0,0
273,30,32,1,1,0,0,0,0,0,0,0,0
274,13,32,0,1,0,0,0,0,0,0,0,0
275,36,32,0,1,0,0,0,0,0,0,0,0
276,23,32,0,1,0,0,0,0,0,0,0,0
277,38,64,0,1,0,0,0,0,0,0,0,0
278,32,0,0,1,0,0,0,0,0,0,0,0
279,30,32,1,1,0,0,0,0,0,0,0,0
280,11,64,0,1,0,0,0,0,0,0,0,0
281,23,64,0,1,0,0,0,0,0,0,0,0
282,11,64,0,1,0,0,0,0,0,0,0,0
283,32,0,0,1,0,0,0,0,0,0,0,0
284,30,32,1,1,0,0,0,0,0,0,0,0
285,16,32,1,1,0,0,0,0,0,0,0,0
286,23,64,0,1,0,0,0,0,0,0,0,0
287,11,64,0,1,0,0,0,0,0,0,0,0
288,32,0,0,1,0,0,0,0,0,0,0,0
289,30,32,1,1,0,0,0,0,0,0,0,0
290,16,32,1,1,0,0,0,0,0,0,0,0
291,14,32,1,1,0,0,0,0,0,0,0,0
292,23,64,0,1,0,0,0,0,0,0,0,0
293,11,64,0,1,0,0,0,0,0,0,0,0
294,32,0,0,1,0,0,0,0,0,0,0,0
295,30,32,1,1,0,0,0,0,0,0,0,0
296,16,32,1,1,0,0,0,0,0,0,0,0
297,23,64,0,1,0,0,0,0,0,0,0,0
298,11,64,0,1,0,0,0,0,0,0,0,0
299,32,0,0,1,0,0,0,0,0,0,0,0
300,30,32,1,1,0,0,0,0,0,0,0,0
301,16,32,1,1,0,0,0,0,0,0,0,0
302,12,32,1,1,0,0,0,0,0,0,0,0
303,23,64,0,1,0,0,0,0,0,0,0,0
304,11,64,0,1,0,0,0,0,0,0,0,0
305,36,32,0,1,0,0,0,0,0,0,0,0
306,37,64,0,1,0,0,0,0,0,0,0,0
307,32,0,0,1,0,0,0,0,0,0,0,0
308,30,32,1,1,0,0,0,0,0,0,0,0
309,14,32,1,1,0,0,0,0,0,0,0,0
310,23,64,0,1,0,0,0,0,0,0,0,0
311,11,64,0,1,0,0,0,0,0,0,0,0
312,32,0,0,1,0,0,0,0,0,0,0,0
313,31,0,0,1,0,0,0,0,0,0,0,0
314,23,64,0,1,0,0,0,0,0,0,0,0
315,11,64,0,1,0,0,0,0,0,0,0,0
316,36,32,0,1,0,0,0,0,0,0,0,0
317,37,64,0,1,0,0,0,0,0,0,0,0
318,32,0,0,1,0,0,0,0,0,0,0,0
319,30,32,1,1,0,0,0,0,0,0,0,0
320,14,32,1,1,0,0,0,0,0,0,0,0
321,23,64,0,1,0,0,0,0,0,0,0,0
322,11,64,0,1,0,0,0,0,0,0,0,0
323,32,0,0,1,0,0,0,0,0,0,0,0
324,31,0,0,1,0,0,0,0,0,0,0,0
325,23,64,0,1,0,0,0,0,0,0,0,0
326,11,64,0,1,0,0,0,0,0,0,0,0
327,36,32,0,1,0,0,0,0,0,0,0,0
328,37,64,0,1,0,0,0,0,0,0,0,0
329,32,0,0,1,0,0,0,0,0,0,0,0
330,30,32,1,1,0,0,0,0,0,0,0,0
331,12,32,1,1,0,0,0,0,0,0,0,0
332,23,64,0,1,0,0,0,0,0,0,0,0
333,11,64,0,1,0,0,0,0,0,0,0,0
334,36,32,0,1,0,0,0,0,0,0,0,0
335,37,64,0,1,0,0,0,0,0,0,0,0
336,32,0,0,1,0,0,0,0,0,0,0,0
337,31,0,0,1,0,0,0,0,0,0,0,0
338,23,64,0,1,0,0,0,0,0,0,0,0
339,11,64,0,1,0,0,0,0,0,0,0,0
340,36,32,0,1,0,0,0,0,0,0,0,0
341,37,64,0,1,0,0,0,0,0,0,0,0
342,32,0,0,1,0,0,0,0,0,0,0,0
343,30,32,1,1,0,0,0,0,0,0,0,0
344,12,32,1,1,0,0,0,0,0,0,0,0
345,23,64,0,1,0,0,0,0,0,0,0,0
346,11,64,0,1,0,0,0,0,0,0,0,0
347,36,32,0,1,0,0,0,0,0,0,0,0
348,37,64,0,1,0,0,0,0,0,0,0,0
349,32,0,0,1,0,0,0,0,0,0,0,0
350,31,0,0,1,0,0,0,0,0,0,0,0
351,2,0,0,1,0,0,0,0,0,0,0,0
352,11,64,0,1,0,0,0,0,0,0,0,0
353,2,0,0,1,0,0,0,0,0,0,0,0
354,2,0,0,1,0,0,0,0,0,0,0,0
355,11,32,0,1,0,0,0,0,0,0,0,0
356,2,0,0,1,0,0,0,0,0,0,0,0
357,2,0,0,1,0,0,0,0,0,0,0,0
358,11,64,0,1,0,0,0,0,0,0,0,0
359,2,0,0,1,0,0,0,0,0,0,0,0
360,2,0,0,0,0,0,0,0,0,0,0,0
361,2,0,0,0,0,0,0,0,0,0,0,0
362,53,64,0,1,0,0,0,0,0,0,0,0
363,51,1,0,1,0,0,0,0,0,0,0,0
364,2,0,0,1,0,0,0,0,0,0,0,0
365,2,0,0,0,0,0,0,0,0,0,0,0
366,2,0,0,1,0,0,0,0,0,0,0,0
367,2,0,0,1,0,0,0,0,0,0,0,0
368,53,32,0,1,0,0,0,0,0,0,0,0
369,51,1,0,1,0,0,0,0,0,0,0,0
370,2,0,0,1,0,0,0,0,0,0,0,0
371,2,0,0,1,0,0,0,0,0,0,0,0
372,11,32,0,1,0,0,0,0,0,0,0,0
373,23,32,0,1,0,0,0,0,0,0,0,0
374,2,0,0,1,0,0,0,0,0,0,0,0
375,38,64,0,1,0,0,0,0,0,0,0,0
376,38,64,0,1,0,0,0,0,0,0,0,0
377,2,0,0,1,0,0,0,0,0,0,0,0
378,53,64,0,1,0,0,0,0,0,0,0,0
379,51,1,0,1,0,0,0,0,0,0,0,0
380,2,0,0,1,0,0,0,0,0,0,0,0
381,2,0,0,1,0,0,0,0,0,0,0,0
382,13,32,0,1,0,0,0,0,0,0,0,0
383,36,32,0,1,0,0,0,0,0,0,0,0
384,23,32,0,1,0,0,0,0,0,0,0,0
385,38,64,0,1,0,0,0,0,0,0,0,0
386,32,0,0,1,0,0,0,0,0,0,0,0
387,30,32,1,1,0,0,0,0,0,0,0,0
388,13,32,0,1,0,0,0,0,0,0,0,0
389,36,32,0,1,0,0,0,0,0,0,0,0
390,23,32,0,1,0,0,0,0,0,0,0,0
391,38,64,0,1,0,0,0,0,0,0,0,0
392,32,0,0,1,0,0,0,0,0,0,0,0
393,30,32,1,1,0,0,0,0,0,0,0,0
394,11,64,0,1,0,0,0,0,0,0,0,0
395,23,64,0,1,0,0,0,0,0,0,0,0
396,11,64,0,1,0,0,0,0,0,0,0,0
397,32,0,0,1,0,0,0,0,0,0,0,0
398,30,32,1,1,0,0,0,0,0,0,0,0
399,16,32,1,1,0,0,0,0,0,0,0,0
400,23,64,0,1,0,0,0,0,0,0,0,0
401,11,64,0,1,0,0,0,0,0,0,0,0
402,32,0,0,1,0,0,0,0,0,0,0,0
403,30,32,1,1,0,0,0,0,0,0,0,0
404,16,32,1,1,0,0,0,0,0,0,0,0
405,14,32,1,1,0,0,0,0,0,0,0,0
406,23,64,0,1,0,0,0,0,0,0,0,0
407,11,64,0,1,0,0,0,0,0,0,0,0
408,32,0,0,1,0,0,0,0,0,0,0,0
409,30,32,1,1,0,0,0,0,0,0,0,0
410,16,32,1,1,0,0,0,0,0,0,0,0
411,23,64,0,1,0,0,0,0,0,0,0,0
412,11,64,0,1,0,0,0,0,0,0,0,0
413,32,0,0,1,0,0,0,0,0,0,0,0
414,30,32,1,1,0,0,0,0,0,0,0,0
415,16,32,1,1,0,0,0,0,0,0,0,0
416,12,32,1,1,0,0,0,0,0,0,0,0
417,23,64,0,1,0,0,0,0,0,0,0,0
418,11,64,0,1,0,0,0,0,0,0,0,0
419,36,32,0,1,0,0,0,0,0,0,0,0
420,37,64,0,1,0,0,0,0,0,0,0,0
421,32,0,0,1,0,0,0,0,0,0,0,0
422,30,32,1,1,0,0,0,0,0,0,0,0
423,14,32,1,1,0,0,0,0,0,0,0,0
424,23,64,0,1,0,0,0,0,0,0,0,0
425,11,64,0,1,0,0,0,0,0,0,0,0
426,32,0,0,1,0,0,0,0,0,0,0,0
427,31,0,0,1,0,0,0,0,0,0,0,0
428,23,64,0,1,0,0,0,0,0,0,0,0
429,11,64,0,1,0,0,0,0,0,0,0,0
430,36,32,0,1,0,0,0,0,0,0,0,0
431,37,64,0,1,0,0,0,0,0,0,0,0
432,32,0,0,1,0,0,0,0,0,0,0,0
433,30,32,1,1,0,0,0,0,0,0,0,0
434,14,32,1,1,0,0,0,0,0,0,0,0
435,23,64,0,1,0,0,0,0,0,0,0,0
436,11,64,0,1,0,0,0,0,0,0,0,0
437,32,0,0,1,0,0,0,0,0,0,0,0
438,31,0,0,1,0,0,0,0,0,0,0,0
439,23,64,0,1,0,0,0,0,0,0,0,0
440,11,64,0,1,0,0,0,0,0,0,0,0
441,36,32,0,1,0,0,0,0,0,0,0,0
442,37,64,0,1,0,0,0,0,0,0,0,0
443,32,0,0,1,0,0,0,0,0,0,0,0
444,30,32,1,1,0,0,0,0,0,0,0,0
445,12,32,1,1,0,0,0,0,0,0,0,0
446,23,64,0,1,0,0,0,0,0,0,0,0
447,11,64,0,1,0,0,0,0,0,0,0,0
448,36,32,0,1,0,0,0,0,0,0,0,0
449,37,64,0,1,0,0,0,0,0,0,0,0
450,32,0,0,1,0,0,0,0,0,0,0,0
451,31,0,0,1,0,0,0,0,0,0,0,0
452,23,64,0,1,0,0,0,0,0,0,0,0
453,11,64,0,1,0,0,0,0,0,0,0,0
454,36,32,0,1,0,0,0,0,0,0,0,0
455,37,64,0,1,0,0,0,0,0,0,0,0
456,32,0,0,1,0,0,0,0,0,0,0,0
457,30,32,1,1,0,0,0,0,0,0,0,0
458,12,32,1,1,0,0,0,0,0,0,0,0
459,23,64,0,1,0,0,0,0,0,0,0,0
460,11,64,0,1,0,0,0,0,0,0,0,0
461,36,32,0,1,0,0,0,0,0,0,0,0
462,37,64,0,1,0,0,0,0,0,0,0,0
463,32,0,0,1,0,0,0,0,0,0,0,0
464,31,0,0,1,0,0,0,0,0,0,0,0
465,2,0,0,1,0,0,0,0,0,0,0,0
466,11,64,0,1,0,0,0,0,0,0,0,0
467,2,0,0,1,0,0,0,0,0,0,0,0
468,2,0,0,1,0,0,0,0,0,0,0,0
469,11,32,0,1,0,0,0,0,0,0,0,0
470,2,0,0,1,0,0,0,0,0,0,0,0
471,2,0,0,1,0,0,0,0,0,0,0,0
472,11,64,0,1,0,0,0,0,0,0,0,0
473,2,0,0,1,0,0,0,0,0,0,0,0
474,2,0,0,0,0,0,0,0,0,0,0,0
475,2,0,0,0,0,0,0,0,0,0,0,0
476,53,64,0,1,0,0,0,0,0,0,0,0
477,51,1,0,1,0,0,0,0,0,0,0,0
478,2,0,0,1,0,0,0,0,0,0,0,0
479,2,0,0,0,0,0,0,0,0,0,0,0
480,2,0,0,1,0,0,0,0,0,0,0,0
481,2,0,0,1,0,0,0,0,0,0,0,0
482,53,32,0,1,0,0,0,0,0,0,0,0
483,51,1,0,1,0,0,0,0,0,0,0,0
484,2,0,0,1,0,0,0,0,0,0,0,0
485,2,0,0,1,0,0,0,0,0,0,0,0
486,11,32,0,1,0,0,0,0,0,0,0,0
487,23,32,0,1,0,0,0,0,0,0,0,0
488,2,0,0,1,0,0,0,0,0,0,0,0
489,38,64,0,1,0,0,0,0,0,0,0,0
490,38,64,0,1,0,0,0,0,0,0,0,0
491,2,0,0,1,0,0,0,0,0,0,0,0
492,53,64,0,1,0,0,0,0,0,0,0,0
493,51,1,0,1,0,0,0,0,0,0,0,0
494,2,0,0,1,0,0,0,0,0,0,0,0
495,2,0,0,1,0,0,0,0,0,0,0,0
496,13,32,0,1,0,0,0,0,0,0,0,0
497,36,32,0,1,0,0,0,0,0,0,0,0
498,23,32,0,1,0,0,0,0,0,0,0,0
499,38,64,0,1,0,0,0,0,0,0,0,0
500,32,0,0,1,0,0,0,0,0,0,0,0
501,30,32,1,1,0,0,0,0,0,0,0,0
502,13,32,0,1,0,0,0,0,0,0,0,0
503,36,32,0,1,0,0,0,0,0,0,0,0
504,23,32,0,1,0,0,0,0,0,0,0,0
505,38,64,0,1,0,0,0,0,0,0,0,0
506,32,0,0,1,0,0,0,0,0,0,0,0
507,30,32,1,1,0,0,0,0,0,0,0,0
508,11,64,0,1,0,0,0,0,0,0,0,0
509,23,64,0,1,0,0,0,0,0,0,0,0
510,11,64,0,1,0,0,0,0,0,0,0,0
511,32,0,0,1,0,0,0,0,0,0,0,0
512,30,32,1,1,0,0,0,0,0,0,0,0
513,16,32,1,1,0,0,0,0,0,0,0,0
514,23,64,0,1,0,0,0,0,0,0,0,0
515,11,64,0,1,0,0,0,0,0,0,0,0
516,32,0,0,1,0,0,0,0,0,0,0,0
517,30,32,1,1,0,0,0,0,0,0,0,0
518,16,32,1,1,0,0,0,0,0,0,0,0
519,14,32,1,1,0,0,0,0,0,0,0,0
520,23,64,0,1,0,0,0,0,0,0,0,0
521,11,64,0,1,0,0,0,0,0,0,0,0
522,32,0,0,1,0,0,0,0,0,0,0,0
523,30,32,1,1,0,0,0,0,0,0,0,0
524,16,32,1,1,0,0,0,0,0,0,0,0
525,23,64,0,1,0,0,0,0,0,0,0,0
526,11,64,0,1,0,0,0,0,0,0,0,0
527,32,0,0,1,0,0,0,0,0,0,0,0
528,30,32,1,1,0,0,0,0,0,0,0,0
529,16,32,1,1,0,0,0,0,0,0,0,0
530,12,32,1,1,0,0,0,0,0,0,0,0
531,23,64,0,1,0,0,0,0,0,0,0,0
532,11,64,0,1,0,0,0,0,0,0,0,0
533,36,32,0,1,0,0,0,0,0,0,0,0
534,37,64,0,1,0,0,0,0,0,0,0,0
535,32,0,0,1,0,0,0,0,0,0,0,0
536,30,32,1,1,0,0,0,0,0,0,0,0
537,14,32,1,1,0,0,0,0,0,0,0,0
538,23,64,0,1,0,0,0,0,0,0,0,0
539,11,64,0,1,0,0,0,0,0,0,0,0
540,32,0,0,1,0,0,0,0,0,0,0,0
541,31,0,0,1,0,0,0,0,0,0,0,0
542,23,64,0,1,0,0,0,0,0,0,0,0
543,11,64,0,1,0,0,0,0,0,0,0,0
544,36,32,0,1,0,0,0,0,0,0,0,0
545,37,64,0,1,0,0,0,0,0,0,0,0
546,32,0,0,1,0,0,0,0,0,0,0,0
547,30,32,1,1,0,0,0,0,0,0,0,0
548,14,32,1,1,0,0,0,0,0,0,0,0
549,23,64,0,1,0,0,0,0,0,0,0,0
550,11,64,0,1,0,0,0,0,0,0,0,0
551,32,0,0,1,0,0,0,0,0,0,0,0
552,31,0,0,1,0,0,0,0,0,0,0,0
553,23,64,0,1,0,0,0,0,0,0,0,0
554,11,64,0,1,0,0,0,0,0,0,0,0
555,36,32,0,1,0,0,0,0,0,0,0,0
556,37,64,0,1,0,0,0,0,0,0,0,0
557,32,0,0,1,0,0,0,0,0,0,0,0
558,30,32,1,1,0,0,0,0,0,0,0,0
559,12,32,1,1,0,0,0,0,0,0,0,0
560,23,64,0,1,0,0,0,0,0,0,0,0
561,11,64,0,1,0,0,0,0,0,0,0,0
562,36,32,0,1,0,0,0,0,0,0,0,0
563,37,64,0,1,0,0,0,0,0,0,0,0
564,32,0,0,1,0,0,0,0,0,0,0,0
565,31,0,0,1,0,0,0,0,0,0,0,0
566,23,64,0,1,0,0,0,0,0,0,0,0
567,11,64,0,1,0,0,0,0,0,0,0,0
568,36,32,0,1,0,0,0,0,0,0,0,0
569,37,64,0,1,0,0,0,0,0,0,0,0
570,32,0,0,1,0,0,0,0,0,0,0,0
571,30,32,1,1,0,0,0,0,0,0,0,0
572,12,32,1,1,0,0,0,0,0,0,0,0
573,23,64,0,1,0,0,0,0,0,0,0,0
574,11,64,0,1,0,0,0,0,0,0,0,0
575,36,32,0,1,0,0,0,0,0,0,0,0
576,37,64,0,1,0,0,0,0,0,0,0,0
577,32,0,0,1,0,0,0,0,0,0,0,0
578,31,0,0,1,0,0,0,0,0,0,0,0
579,2,0,0,1,0,0,0,0,0,0,0,0
580,11,64,0,1,0,0,0,0,0,0,0,0
581,2,0,0,1,0,0,0,0,0,0,0,0
582,2,0,0,1,0,0,0,0,0,0,0,0
583,11,32,0,1,0,0,0,0,0,0,0,0
584,2,0,0,1,0,0,0,0,0,0,0,0
585,2,0,0,1,0,0,0,0,0,0,0,0
586,11,64,0,1,0,0,0,0,0,0,0,0
587,2,0,0,1,0,0,0,0,0,0,0,0
588,2,0,0,0,0,0,0,0,0,0,0,0
589,2,0,0,0,0,0,0,0,0,0,0,0
590,53,64,0,1,0,0,0,0,0,0,0,0
591,51,1,0,1,0,0,0,0,0,0,0,0
592,2,0,0,1,0,0,0,0,0,0,0,0
593,2,0,0,0,0,0,0,0,0,0,0,0
594,2,0,0,1,0,0,0,0,0,0,0,0
595,2,0,0,1,0,0,0,0,0,0,0,0
596,53,32,0,1,0,0,0,0,0,0,0,0
597,51,1,0,1,0,0,0,0,0,0,0,0
598,2,0,0,1,0,0,0,0,0,0,0,0
599,2,0,0,1,0,0,0,0,0,0,0,0
600,11,32,0,1,0,0,0,0,0,0,0,0
601,23,32,0,1,0,0,0,0,0,0,0,0
602,2,0,0,1,0,0,0,0,0,0,0,0
603,38,64,0,1,0,0,0,0,0,0,0,0
604,38,64,0,1,0,0,0,0,0,0,0,0
605,2,0,0,1,0,0,0,0,0,0,0,0
606,53,64,0,1,0,0,0,0,0,0,0,0
607,51,1,0,1,0,0,0,0,0,0,0,0
608,2,0,0,1,0,0,0,0,0,0,0,0
609,2,0,0,1,0,0,0,0,0,0,0,0
610,13,32,0,1,0,0,0,0,0,0,0,0
611,36,32,0,1,0,0,0,0,0,0,0,0
612,23,32,0,1,0,0,0,0,0,0,0,0
613,38,64,0,1,0,0,0,0,0,0,0,0
614,32,0,0,1,0,0,0,0,0,0,0,0
615,30,32,1,1,0,0,0,0,0,0,0,0
616,13,32,0,1,0,0,0,0,0,0,0,0
617,36,32,0,1,0,0,0,0,0,0,0,0
618,23,32,0,1,0,0,0,0,0,0,0,0
619,38,64,0,1,0,0,0,0,0,0,0,0
620,32,0,0,1,0,0,0,0,0,0,0,0
621,30,32,1,1,0,0,0,0,0,0,0,0
622,11,64,0,1,0,0,0,0,0,0,0,0
623,23,64,0,1,0,0,0,0,0,0,0,0
624,11,64,0,1,0,0,0,0,0,0,0,0
625,32,0,0,1,0,0,0,0,0,0,0,0
626,30,32,1,1,0,0,0,0,0,0,0,0
627,16,32,1,1,0,0,0,0,0,0,0,0
628,23,64,0,1,0,0,0,0,0,0,0,0
629,11,64,0,1,0,0,0,0,0,0,0,0
630,32,0,0,1,0,0,0,0,0,0,0,0
631,30,32,1,1,0,0,0,0,0,0,0,0
632,16,32,1,1,0,0,0,0,0,0,0,0
633,14,32,1,1,0,0,0,0,0,0,0,0
634,23,64,0,1,0,0,0,0,0,0,0,0
635,11,64,0,1,0,0,0,0,0,0,0,0
636,32,0,0,1,0,0,0,0,0,0,0,0
637,30,32,1,1,0,0,0,0,0,0,0,0
638,16,32,1,1,0,0,0,0,0,0,0,0
639,23,64,0,1,0,0,0,0,0,0,0,0
640,11,64,0,1,0,0,0,0,0,0,0,0
641,32,0,0,1,0,0,0,0,0,0,0,0
642,30,32,1,1,0,0,0,0,0,0,0,0
643,16,32,1,1,0,0,0,0,0,0,0,0
644,12,32,1,1,0,0,0,0,0,0,0,0
645,23,64,0,1,0,0,0,0,0,0,0,0
646,11,64,0,1,0,0,0,0,0,0,0,0
647,36,32,0,1,0,0,0,0,0,0,0,0
648,37,64,0,1,0,0,0,0,0,0,0,0
649,32,0,0,1,0,0,0,0,0,0,0,0
650,30,32,1,1,0,0,0,0,0,0,0,0
651,14,32,1,1,0,0,0,0,0,0,0,0
652,23,64,0,1,0,0,0,0,0,0,0,0
653,11,64,0,1,0,0,0,0,0,0,0,0
654,32,0,0,1,0,0,0,0,0,0,0,0
655,31,0,0,1,0,0,0,0,0,0,0,0
656,23,64,0,1,0,0,0,0,0,0,0,0
657,11,64,0,1,0,0,0,0,0,0,0,0
658,36,32,0,1,0,0,0,0,0,0,0,0
659,37,64,0,1,0,0,0,0,0,0,0,0
660,32,0,0,1,0,0,0,0,0,0,0,0
661,30,32,1,1,0,0,0,0,0,0,0,0
662,14,32,1,1,0,0,0,0,0,0,0,0
663,23,64,0,1,0,0,0,0,0,0,0,0
664,11,64,0,1,0,0,0,0,0,0,0,0
665,32,0,0,1,0,0,0,0,0,0,0,0
666,31,0,0,1,0,0,0,0,0,0,0,0
667,23,64,0,1,0,0,0,0,0,0,0,0
668,11,64,0,1,0,0,0,0,0,0,0,0
669,36,32,0,1,0,0,0,0,0,0,0,0
670,37,64,0,1,0,0,0,0,0,0,0,0
671,32,0,0,1,0,0,0,0,0,0,0,0
672,30,32,1,1,0,0,0,0,0,0,0,0
673,12,32,1,1,0,0,0,0,0,0,0,0
674,23,64,0,1,0,0,0,0,0,0,0,0
675,11,64,0,1,0,0,0,0,0,0,0,0
676,36,32,0,1,0,0,0,0,0,0,0,0
677,37,64,0,1,0,0,0,0,0,0,0,0
678,32,0,0,1,0,0,0,0,0,0,0,0
679,31,0,0,1,0,0,0,0,0,0,0,0
680,23,64,0,1,0,0,0,0,0,0,0,0
681,11,64,0,1,0,0,0,0,0,0,0,0
682,36,32,0,1,0,0,0,0,0,0,0,0
683,37,64,0,1,0,0,0,0,0,0,0,0
684,32,0,0,1,0,0,0,0,0,0,0,0
685,30,32,1,1,0,0,0,0,0,0,0,0
686,12,32,1,1,0,0,0,0,0,0,0,0
687,23,64,0,1,0,0,0,0,0,0,0,0
688,11,64,0,1,0,0,0,0,0,0,0,0
689,36,32,0,1,0,0,0,0,0,0,0,0
690,37,64,0,1,0,0,0,0,0,0,0,0
691,32,0,0,1,0,0,0,0,0,0,0,0
692,31,0,0,1,0,0,0,0,0,0,0,0
693,2,0,0,1,0,0,0,0,0,0,0,0
694,11,64,0,1,0,0,0,0,0,0,0,0
695,2,0,0,1,0,0,0,0,0,0,0,0
696,2,0,0,1,0,0,0,0,0,0,0,0
697,11,32,0,1,0,0,0,0,0,0,0,0
698,2,0,0,1,0,0,0,0,0,0,0,0
699,2,0,0,1,0,0,0,0,0,0,0,0
700,11,64,0,1,0,0,0,0,0,0,0,0
701,2,0,0,1,0,0,0,0,0,0,0,0
702,2,0,0,0,0,0,0,0,0,0,0,0
703,2,0,0,0,0,0,0,0,0,0,0,0
704,53,64,0,1,0,0,0,0,0,0,0,0
705,51,1,0,1,0,0,0,0,0,0,0,0
706,2,0,0,1,0,0,0,0,0,0,0,0
707,2,0,0,0,0,0,0,0,0,0,0,0
708,2,0,0,1,0,0,0,0,0,0,0,0
709,2,0,0,1,0,0,0,0,0,0,0,0
710,53,32,0,1,0,0,0,0,0,0,0,0
711,51,1,0,1,0,0,0,0,0,0,0,0
712,2,0,0,1,0,0,0,0,0,0,0,0
713,2,0,0,1,0,0,0,0,0,0,0,0
714,11,32,0,1,0,0,0,0,0,0,0,0
715,23,32,0,1,0,0,0,0,0,0,0,0
716,2,0,0,1,0,0,0,0,0,0,0,0
717,38,64,0,1,0,0,0,0,0,0,0,0
718,38,64,0,1,0,0,0,0,0,0,0,0
719,2,0,0,1,0,0,0,0,0,0,0,0
720,53,64,0,1,0,0,0,0,0,0,0,0
721,51,1,0,1,0,0,0,0,0,0,0,0
722,2,0,0,1,0,0,0,0,0,0,0,0
723,2,0,0,1,0,0,0,0,0,0,0,0
724,13,32,0,1,0,0,0,0,0,0,0,0
725,36,32,0,1,0,0,0,0,0,0,0,0
726,23,32,0,1,0,0,0,0,0,0,0,0
727,38,64,0,1,0,0,0,0,0,0,0,0
728,32,0,0,1,0,0,0,0,0,0,0,0
729,30,32,1,1,0,0,0,0,0,0,0,0
730,13,32,0,1,0,0,0,0,0,0,0,0
731,36,32,0,1,0,0,0,0,0,0,0,0
732,23,32,0,1,0,0,0,0,0,0,0,0
733,38,64,0,1,0,0,0,0,0,0,0,0
734,32,0,0,1,0,0,0,0,0,0,0,0
735,30,32,1,1,0,0,0,0,0,0,0,0
736,11,64,0,1,0,0,0,0,0,0,0,0
737,23,64,0,1,0,0,0,0,0,0,0,0
738,11,64,0,1,0,0,0,0,0,0,0,0
739,32,0,0,1,0,0,0,0,0,0,0,0
740,30,32,1,1,0,0,0,0,0,0,0,0
741,16,32,1,1,0,0,0,0,0,0,0,0
742,23,64,0,1,0,0,0,0,0,0,0,0
743,11,64,0,1,0,0,0,0,0,0,0,0
744,32,0,0,1,0,0,0,0,0,0,0,0
745,30,32,1,1,0,0,0,0,0,0,0,0
746,16,32,1,1,0,0,0,0,0,0,0,0
747,14,32,1,1,0,0,0,0,0,0,0,0
748,23,64,0,1,0,0,0,0,0,0,0,0
749,11,64,0,1,0,0,0,0,0,0,0,0
750,32,0,0,1,0,0,0,0,0,0,0,0
751,30,32,1,1,0,0,0,0,0,0,0,0
752,16,32,1,1,0,0,0,0,0,0,0,0
753,23,64,0,1,0,0,0,0,0,0,0,0
754,11,64,0,1,0,0,0,0,0,0,0,0
755,32,0,0,1,0,0,0,0,0,0,0,0
756,30,32,1,1,0,0,0,0,0,0,0,0
757,16,32,1,1,0,0,0,0,0,0,0,0
758,12,32,1,1,0,0,0,0,0,0,0,0
759,23,64,0,1,0,0,0,0,0,0,0,0
760,11,64,0,1,0,0,0,0,0,0,0,0
761,36,32,0,1,0,0,0,0,0,0,0,0
762,37,64,0,1,0,0,0,0,0,0,0,0
763,32,0,0,1,0,0,0,0,0,0,0,0
764,30,32,1,1,0,0,0,0,0,0,0,0
765,14,32,1,1,0,0,0,0,0,0,0,0
766,23,64,0,1,0,0,0,0,0,0,0,0
767,11,64,0,1,0,0,0,0,0,0,0,0
768,32,0,0,1,0,0,0,0,0,0,0,0
769,31,0,0,1,0,0,0,0,0,0,0,0
770,23,64,0,1,0,0,0,0,0,0,0,0
771,11,64,0,1,0,0,0,0,0,0,0,0
772,36,32,0,1,0,0,0,0,0,0,0,0
773,37,64,0,1,0,0,0,0,0,0,0,0
774,32,0,0,1,0,0,0,0,0,0,0,0
775,30,32,1,1,0,0,0,0,0,0,0,0
776,14,32,1,1,0,0,0,0,0,0,0,0
777,23,64,0,1,0,0,0,0,0,0,0,0
778,11,64,0,1,0,0,0,0,0,0,0,0
779,32,0,0,1,0,0,0,0,0,0,0,0
780,31,0,0,1,0,0,0,0,0,0,0,0
781,23,64,0,1,0,0,0,0,0,0,0,0
782,11,64,0,1,0,0,0,0,0,0,0,0
783,36,32,0,1,0,0,0,0,0,0,0,0
784,37,64,0,1,0,0,0,0,0,0,0,0
785,32,0,0,1,0,0,0,0,0,0,0,0
786,30,32,1,1,0,0,0,0,0,0,0,0
787,12,32,1,1,0,0,0,0,0,0,0,0
788,23,64,0,1,0,0,0,0,0,0,0,0
789,11,64,0,1,0,0,0,0,0,0,0,0
790,36,32,0,1,0,0,0,0,0,0,0,0
791,37,64,0,1,0,0,0,0,0,0,0,0
792,32,0,0,1,0,0,0,0,0,0,0,0
793,31,0,0,1,0,0,0,0,0,0,0,0
794,23,64,0,1,0,0,0,0,0,0,0,0
795,11,64,0,1,0,0,0,0,0,0,0,0
796,36,32,0,1,0,0,0,0,0,0,0,0
797,37,64,0,1,0,0,0,0,0,0,0,0
798,32,0,0,1,0,0,0,0,0,0,0,0
799,30,32,1,1,0,0,0,0,0,0,0,0
800,12,32,1,1,0,0,0,0,0,0,0,0
801,23,64,0,1,0,0,0,0,0,0,0,0
802,11,64,0,1,0,0,0,0,0,0,0,0
803,36,32,0,1,0,0,0,0,0,0,0,0
804,37,64,0,1,0,0,0,0,0,0,0,0
805,32,0,0,1,0,0,0,0,0,0,0,0
806,31,0,0,1,0,0,0,0,0,0,0,0
807,2,0,0,1,0,0,0,0,0,0,0,0
808,11,64,0,1,0,0,0,0,0,0,0,0
809,2,0,0,1,0,0,0,0,0,0,0,0
810,2,0,0,1,0,0,0,0,0,0,0,0
811,11,32,0,1,0,0,0,0,0,0,0,0
812,2,0,0,1,0,0,0,0,0,0,0,0
813,2,0,0,1,0,0,0,0,0,0,0,0
814,11,64,0,1,0,0,0,0,0,0,0,0
815,2,0,0,1,0,0,0,0,0,0,0,0
816,2,0,0,0,0,0,0,0,0,0,0,0
817,2,0,0,0,0,0,0,0,0,0,0,0
818,53,64,0,1,0,0,0,0,0,0,0,0
819,51,1,0,1,0,0,0,0,0,0,0,0
820,2,0,0,1,0,0,0,0,0,0,0,0
821,2,0,0,0,0,0,0,0,0,0,0,0
822,2,0,0,1,0,0,0,0,0,0,0,0
823,2,0,0,1,0,0,0,0,0,0,0,0
824,53,32,0,1,0,0,0,0,0,0,0,0
825,51,1,0,1,0,0,0,0,0,0,0,0
826,2,0,0,1,0,0,0,0,0,0,0,0
827,2,0,0,1,0,0,0,0,0,0,0,0
828,11,32,0,1,0,0,0,0,0,0,0,0
829,23,32,0,1,0,0,0,0,0,0,0,0
830,2,0,0,1,0,0,0,0,0,0,0,0
831,38,64,0,1,0,0,0,0,0,0,0,0
832,38,64,0,1,0,0,0,0,0,0,0,0
833,2,0,0,1,0,0,0,0,0,0,0,0
834,53,64,0,1,0,0,0,0,0,0,0,0
835,51,1,0,1,0,0,0,0,0,0,0,0
836,2,0,0,1,0,0,0,0,0,0,0,0
837,2,0,0,1,0,0,0,0,0,0,0,0
838,13,32,0,1,0,0,0,0,0,0,0,0
839,36,32,0,1,0,0,0,0,0,0,0,0
840,23,32,0,1,0,0,0,0,0,0,0,0
841,38,64,0,1,0,0,0,0,0,0,0,0
842,32,0,0,1,0,0,0,0,0,0,0,0
843,30,32,1,1,0,0,0,0,0,0,0,0
844,13,32,0,1,0,0,0,0,0,0,0,0
845,36,32,0,1,0,0,0,0,0,0,0,0
846,23,32,0,1,0,0,0,0,0,0,0,0
847,38,64,0,1,0,0,0,0,0,0,0,0
848,32,0,0,1,0,0,0,0,0,0,0,0
849,30,32,1,1,0,0,0,0,0,0,0,0
850,11,64,0,1,0,0,0,0,0,0,0,0
851,23,64,0,1,0,0,0,0,0,0,0,0
852,11,64,0,1,0,0,0,0,0,0,0,0
853,32,0,0,1,0,0,0,0,0,0,0,0
854,30,32,1,1,0,0,0,0,0,0,0,0
855,16,32,1,1,0,0,0,0,0,0,0,0
856,23,64,0,1,0,0,0,0,0,0,0,0
857,11,64,0,1,0,0,0,0,0,0,0,0
858,32,0,0,1,0,0,0,0,0,0,0,0
859,30,32,1,1,0,0,0,0,0,0,0,0
860,16,32,1,1,0,0,0,0,0,0,0,0
861,14,32,1,1,0,0,0,0,0,0,0,0
862,23,64,0,1,0,0,0,0,0,0,0,0
863,11,64,0,1,0,0,0,0,0,0,0,0
864,32,0,0,1,0,0,0,0,0,0,0,0
865,30,32,1,1,0,0,0,0,0,0,0,0
866,16,32,1,1,0,0,0,0,0,0,0,0
867,23,64,0,1,0,0,0,0,0,0,0,0
868,11,64,0,1,0,0,0,0,0,0,0,0
869,32,0,0,1,0,0,0,0,0,0,0,0
870,30,32,1,1,0,0,0,0,0,0,0,0
871,16,32,1,1,0,0,0,0,0,0,0,0
872,12,32,1,1,0,0,0,0,0,0,0,0
873,23,64,0,1,0,0,0,0,0,0,0,0
874,11,64,0,1,0,0,0,0,0,0,0,0
875,36,32,0,1,0,0,0,0,0,0,0,0
876,37,64,0,1,0,0,0,0,0,0,0,0
877,32,0,0,1,0,0,0,0,0,0,0,0
878,30,32,1,1,0,0,0,0,0,0,0,0
879,14,32,1,1,0,0,0,0,0,0,0,0
880,23,64,0,1,0,0,0,0,0,0,0,0
881,11,64,0,1,0,0,0,0,0,0,0,0
882,32,0,0,1,0,0,0,0,0,0,0,0
883,31,0,0,1,0,0,0,0,0,0,0,0
884,23,64,0,1,0,0,0,0,0,0,0,0
885,11,64,0,1,0,0,0,0,0,0,0,0
886,36,32,0,1,0,0,0,0,0,0,0,0
887,37,64,0,1,0,0,0,0,0,0,0,0
888,32,0,0,1,0,0,0,0,0,0,0,0
889,30,32,1,1,0,0,0,0,0,0,0,0
890,14,32,1,1,0,0,0,0,0,0,0,0
891,23,64,0,1,0,0,0,0,0,0,0,0
892,11,64,0,1,0,0,0,0,0,0,0,0
893,32,0,0,1,0,0,0,0,0,0,0,0
894,31,0,0,1,0,0,0,0,0,0,0,0
895,23,64,0,1,0,0,0,0,0,0,0,0
896,11,64,0,1,0,0,0,0,0,0,0,0
897,36,32,0,1,0,0,0,0,0,0,0,0
898,37,64,0,1,0,0,0,0,0,0,0,0
899,32,0,0,1,0,0,0,0,0,0,0,0
900,30,32,1,1,0,0,0,0,0,0,0,0
901,12,32,1,1,0,0,0,0,0,0,0,0
902,23,64,0,1,0,0,0,0,0,0,0,0
903,11,64,0,1,0,0,0,0,0,0,0,0
904,36,32,0,1,0,0,0,0,0,0,0,0
905,37,64,0,1,0,0,0,0,0,0,0,0
906,32,0,0,1,0,0,0,0,0,0,0,0
907,31,0,0,1,0,0,0,0,0,0,0,0
908,23,64,0,1,0,0,0,0,0,0,0,0
909,11,64,0,1,0,0,0,0,0,0,0,0
910,36,32,0,1,0,0,0,0,0,0,0,0
911,37,64,0,1,0,0,0,0,0,0,0,0
912,32,0,0,1,0,0,0,0,0,0,0,0
913,30,32,1,1,0,0,0,0,0,0,0,0
914,12,32,1,1,0,0,0,0,0,0,0,0
915,23,64,0,1,0,0,0,0,0,0,0,0
916,11,64,0,1,0,0,0,0,0,0,0,0
917,36,32,0,1,0,0,0,0,0,0,0,0
918,37,64,0,1,0,0,0,0,0,0,0,0
919,32,0,0,1,0,0,0,0,0,0,0,0
920,31,0,0,1,0,0,0,0,0,0,0,0
921,2,0,0,1,0,0,0,0,0,0,0,0
922,11,64,0,1,0,0,0,0,0,0,0,0
923,2,0,0,1,0,0,0,0,0,0,0,0
924,2,0,0,1,0,0,0,0,0,0,0,0
925,11,32,0,1,0,0,0,0,0,0,0,0
926,2,0,0,1,0,0,0,0,0,0,0,0
927,2,0,0,1,0,0,0,0,0,0,0,0
928,11,64,0,1,0,0,0,0,0,0,0,0
929,2,0,0,1,0,0,0,0,0,0,0,0
930,1,0,0,0,0,0,0,0,0,0,0,0
931,29,0,0,0,0,0,0,0,0,0,0,0
932,29,0,0,0,0,0,0,0,0,0,0,0
933,29,0,0,0,0,0,0,0,0,0,0,0
934,29,0,0,0,0,0,0,0,0,0,0,0
935,29,0,0,0,0,0,0,0,0,0,0,0
936,29,0,0,0,0,0,0,0,0,0,0,0
937,29,0,0,0,0,0,0,0,0,0,0,0
938,29,0,0,0,0,0,0,0,0,0,0,0
939,29,0,0,0,0,0,0,0,0,0,0,0
940,29,0,0,0,0,0,0,0,0,0,0,0
941,29,0,0,0,0,0,0,0,0,0,0,0
942,29,0,0,0,0,0,0,0,0,0,0,0
943,29,0,0,0,0,0,0,0,0,0,0,0
944,29,0,0,0,0,0,0,0,0,0,0,0
945,29,0,0,0,0,0,0,0,0,0,0,0
946,29,0,0,0,0,0,0,0,0,0,0,0
947,29,0,0,0,0,0,0,0,0,0,0,0
948,29,0,0,0,0,0,0,0,0,0,0,0
949,47,0,0,0,0,0,0,0,0,0,0,0
950,54,0,0,0,0,0,0,0,0,0,0,0
951,47,0,0,0,0,0,0,0,0,0,0,0
952,54,0,0,0,0,0,0,0,0,0,0,0
953,47,0,0,0,0,0,0,0,0,0,0,0
954,54,0,0,0,0,0,0,0,0,0,0,0
955,47,0,0,0,0,0,0,0,0,0,0,0
956,54,0,0,0,0,0,0,0,0,0,0,0
957,47,0,0,0,0,0,0,0,0,0,0,0
958,54,0,0,0,0,0,0,0,0,0,0,0
959,47,0,0,0,0,0,0,0,0,0,0,0
960,54,0,0,0,0,0,0,0,0,0,0,0
961,47,0,0,0,0,0,0,0,0,0,0,0
962,54,0,0,0,0,0,0,0,0,0,0,0
963,47,0,0,0,0,0,0,0,0,0,0,0
964,54,0,0,0,0,0,0,0,0,0,0,0
965,47,0,0,0,0,0,0,0,0,0,0,0
966,54,0,0,0,0,0,0,0,0,0,0,0
967,47,0,0,0,0,0,0,0,0,0,0,0
968,54,0,0,0,0,0,0,0,0,0,0,0
969,47,0,0,0,0,0,0,0,0,0,0,0
970,54,0,0,0,0,0,0,0,0,0,0,0
971,47,0,0,0,0,0,0,0,0,0,0,0
972,54,0,0,0,0,0,0,0,0,0,0,0
973,47,0,0,0,0,0,0,0,0,0,0,0
974,54,0,0,0,0,0,0,0,0,0,0,0
975,47,0,0,0,0,0,0,0,0,0,0,0
976,54,0,0,0,0,0,0,0,0,0,0,0
977,47,0,0,0,0,0,0,0,0,0,0,0
978,54,0,0,0,0,0,0,0,0,0,0,0
979,47,0,0,0,0,0,0,0,0,0,0,0
980,54,0,0,0,0,0,0,0,0,0,0,0
981,47,0,0,0,0,0,0,0,0,0,0,0
982,54,0,0,0,0,0,0,0,0,0,0,0
983,47,0,0,0,0,0,0,0,0,0,0,0
984,54,0,0,0,0,0,0,0,0,0,0,0
985,47,0,0,0,0,0,0,0,0,0,0,0
986,54,0,0,0,0,0,0,0,0,0,0,0
987,47,0,0,0,0,0,0,0,0,0,0,0
988,54,0,0,0,0,0,0,0,0,0,0,0
989,2,0,0,0,0,0,0,0,0,0,0,0
990,2,0,0,0,0,0,0,0,0,0,0,0
991,53,64,0,1,0,0,0,0,0,0,0,0
992,51,1,0,1,0,0,0,0,0,0,0,0
993,2,0,0,1,0,0,0,0,0,0,0,0
994,2,0,0,0,0,0,0,0,0,0,0,0
995,54,32,0,1,0,0,0,0,0,0,0,0
996,41,32,1,1,0,0,0,0,0,0,0,0
997,32,0,0,1,0,0,0,0,0,0,0,0
998,31,0,0,1,0,0,0,0,0,0,0,0
999,54,32,0,1,0,0,0,0,0,0,0,0
1000,41,32,1,1,0,0,0,0,0,0,0,0
1001,32,0,0,1,0,0,0,0,0,0,0,0
1002,31,0,0,1,0,0,0,0,0,0,0,0
1003,54,32,0,1,0,0,0,0,0,0,0,0
1004,41,32,1,1,0,0,0,0,0,0,0,0
1005,32,0,0,1,0,0,0,0,0,0,0,0
1006,31,0,0,1,0,0,0,0,0,0,0,0
1007,54,32,0,1,0,0,0,0,0,0,0,0
1008,41,32,1,1,0,0,0,0,0,0,0,0
1009,32,0,0,1,0,0,0,0,0,0,0,0
1010,31,0,0,1,0,0,0,0,0,0,0,0
1011,54,32,0,1,0,0,0,0,0,0,0,0
1012,41,32,1,1,0,0,0,0,0,0,0,0
1013,32,0,0,1,0,0,0,0,0,0,0,0
1014,31,0,0,1,0,0,0,0,0,0,0,0
1015,54,32,0,1,0,0,0,0,0,0,0,0
1016,41,32,1,1,0,0,0,0,0,0,0,0
1017,32,0,0,1,0,0,0,0,0,0,0,0
1018,31,0,0,1,0,0,0,0,0,0,0,0
1019,54,32,0,1,0,0,0,0,0,0,0,0
1020,41,32,1,1,0,0,0,0,0,0,0,0
1021,32,0,0,1,0,0,0,0,0,0,0,0
1022,31,0,0,1,0,0,0,0,0,0,0,0
1023,54,32,0,1,0,0,0,0,0,0,0,0
1024,41,32,1,1,0,0,0,0,0,0,0,0
1025,32,0,0,1,0,0,0,0,0,0,0,0
1026,31,0,0,1,0,0,0,0,0,0,0,0
1027,54,32,0,1,0,0,0,0,0,0,0,0
1028,41,32,1,1,0,0,0,0,0,0,0,0
1029,32,0,0,1,0,0,0,0,0,0,0,0
1030,31,0,0,1,0,0,0,0,0,0,0,0
1031,54,32,0,1,0,0,0,0,0,0,0,0
1032,41,32,1,1,0,0,0,0,0,0,0,0
1033,32,0,0,1,0,0,0,0,0,0,0,0
1034,31,0,0,1,0,0,0,0,0,0,0,0
1035,54,32,0,1,0,0,0,0,0,0,0,0
1036,41,32,1,1,0,0,0,0,0,0,0,0
1037,32,0,0,1,0,0,0,0,0,0,0,0
1038,31,0,0,1,0,0,0,0,0,0,0,0
1039,54,32,0,1,0,0,0,0,0,0,0,0
1040,41,32,1,1,0,0,0,0,0,0,0,0
1041,32,0,0,1,0,0,0,0,0,0,0,0
1042,31,0,0,1,0,0,0,0,0,0,0,0
1043,54,32,0,1,0,0,0,0,0,0,0,0
1044,41,32,1,1,0,0,0,0,0,0,0,0
1045,32,0,0,1,0,0,0,0,0,0,0,0
1046,31,0,0,1,0,0,0,0,0,0,0,0
1047,54,32,0,1,0,0,0,0,0,0,0,0
1048,41,32,1,1,0,0,0,0,0,0,0,0
1049,32,0,0,1,0,0,0,0,0,0,0,0
1050,31,0,0,1,0,0,0,0,0,0,0,0
1051,54,32,0,1,0,0,0,0,0,0,0,0
1052,41,32,1,1,0,0,0,0,0,0,0,0
1053,32,0,0,1,0,0,0,0,0,0,0,0
1054,31,0,0,1,0,0,0,0,0,0,0,0
1055,54,32,0,1,0,0,0,0,0,0,0,0
1056,41,32,1,1,0,0,0,0,0,0,0,0
1057,32,0,0,1,0,0,0,0,0,0,0,0
1058,31,0,0,1,0,0,0,0,0,0,0,0
1059,2,0,0,1,0,0,0,0,0,0,0,0
1060,11,64,0,1,0,0,0,0,0,0,0,0
1061,2,0,0,1,0,0,0,0,0,0,0,0
1062,32,0,0,0,0,0,0,0,0,0,0,0
1063,32,0,0,0,0,0,0,0,0,0,0,0
1064,32,0,0,0,0,0,0,0,0,0,0,0
1065,32,0,0,0,0,0,0,0,0,0,0,0
1066,32,0,0,0,0,0,0,0,0,0,0,0
1067,32,0,0,0,0,0,0,0,0,0,0,0
1068,32,0,0,0,0,0,0,0,0,0,0,0
1069,32,0,0,0,0,0,0,0,0,0,0,0
1070,32,0,0,0,0,0,0,0,0,0,0,0
1071,32,0,0,0,0,0,0,0,0,0,0,0
1072,32,0,0,0,0,0,0,0,0,0,0,0
1073,32,0,0,0,0,0,0,0,0,0,0,0
1074,32,0,0,0,0,0,0,0,0,0,0,0
1075,32,0,0,0,0,0,0,0,0,0,0,0
1076,32,0,0,0,0,0,0,0,0,0,0,0
1077,32,0,0,0,0,0,0,0,0,0,0,0
1078,32,0,0,0,0,0,0,0,0,0,0,0
1079,32,0,0,0,0,0,0,0,0,0,0,0
1080,54,0,0,0,0,0,0,0,0,0,0,0
1081,47,0,0,0,0,0,0,0,0,0,0,0
1082,54,0,0,0,0,0,0,0,0,0,0,0
1083,47,0,0,0,0,0,0,0,0,0,0,0
1084,54,0,0,0,0,0,0,0,0,0,0,0
1085,47,0,0,0,0,0,0,0,0,0,0,0
1086,54,0,0,0,0,0,0,0,0,0,0,0
1087,47,0,0,0,0,0,0,0,0,0,0,0
1088,54,0,0,0,0,0,0,0,0,0,0,0
1089,47,0,0,0,0,0,0,0,0,0,0,0
1090,54,0,0,0,0,0,0,0,0,0,0,0
1091,47,0,0,0,0,0,0,0,0,0,0,0
1092,54,0,0,0,0,0,0,0,0,0,0,0
1093,47,0,0,0,0,0,0,0,0,0,0,0
1094,54,0,0,0,0,0,0,0,0,0,0,0
1095,47,0,0,0,0,0,0,0,0,0,0,0
1096,54,0,0,0,0,0,0,0,0,0,0,0
1097,47,0,0,0,0,0,0,0,0,0,0,0
1098,54,0,0,0,0,0,0,0,0,0,0,0
1099,47,0,0,0,0,0,0,0,0,0,0,0
1100,54,0,0,0,0,0,0,0,0,0,0,0
1101,47,0,0,0,0,0,0,0,0,0,0,0
1102,54,0,0,0,0,0,0,0,0,0,0,0
1103,47,0,0,0,0,0,0,0,0,0,0,0
1104,54,0,0,0,0,0,0,0,0,0,0,0
1105,47,0,0,0,0,0,0,0,0,0,0,0
1106,54,0,0,0,0,0,0,0,0,0,0,0
1107,47,0,0,0,0,0,0,0,0,0,0,0
1108,54,0,0,0,0,0,0,0,0,0,0,0
1109,47,0,0,0,0,0,0,0,0,0,0,0
1110,54,0,0,0,0,0,0,0,0,0,0,0
1111,47,0,0,0,0,0,0,0,0,0,0,0
1112,54,0,0,0,0,0,0,0,0,0,0,0
1113,47,0,0,0,0,0,0,0,0,0,0,0
1114,54,0,0,0,0,0,0,0,0,0,0,0
1115,47,0,0,0,0,0,0,0,0,0,0,0
1116,54,0,0,0,0,0,0,0,0,0,0,0
1117,1,0,0,0,0,0,0,0,0,0,0,0
1247
1,6
1,4
1,3
1,2
2,3
3,5
4,5
5,7
6,7
7,13
7,8
8,9
9,10
11,12
12,14
13,14
14,16
14,15
16,17
20,21
20,117
20,110
20,104
20,97
20,93
20,86
20,82
20,75
20,69
20,64
20,58
20,53
20,130
21,22
26,27
26,30
26,127
26,46
26,40
27,28
30,31
31,34
31,33
33,37
34,52
36,118
36,111
36,105
36,98
36,87
36,76
36,52
36,47
36,41
36,37
36,124
37,38
40,42
41,42
42,43
43,44
44,45
45,57
45,68
46,48
47,48
48,49
49,50
50,51
51,62
51,73
52,54
52,59
52,65
52,70
52,83
52,94
53,54
54,55
55,56
56,57
57,63
58,59
59,60
60,61
61,62
62,63
63,81
63,103
64,65
65,66
66,67
67,68
68,74
69,70
70,71
71,72
72,73
73,74
74,92
74,116
75,76
76,77
77,78
78,79
79,80
80,81
81,85
82,83
83,84
84,85
86,87
87,88
88,89
89,90
90,91
91,92
92,96
93,94
94,95
95,96
97,98
98,99
99,100
100,101
101,102
102,103
103,109
104,105
105,106
106,107
107,108
108,109
110,111
111,112
112,113
113,114
114,115
115,116
116,122
117,118
118,119
119,120
120,121
121,122
124,36
127,26
130,20
134,135
134,231
134,224
134,218
134,211
134,207
134,200
134,196
134,189
134,183
134,178
134,172
134,167
134,244
135,136
140,141
140,144
140,241
140,160
140,154
141,142
144,145
145,148
145,147
147,151
148,166
150,232
150,225
150,219
150,212
150,201
150,190
150,166
150,161
150,155
150,151
150,238
151,152
154,156
155,156
156,157
157,158
158,159
159,171
159,182
160,162
161,162
162,163
163,164
164,165
165,176
165,187
166,168
166,173
166,179
166,184
166,197
166,208
167,168
168,169
169,170
170,171
171,177
172,173
173,174
174,175
175,176
176,177
177,195
177,217
178,179
179,180
180,181
181,182
182,188
183,184
184,185
185,186
186,187
187,188
188,206
188,230
189,190
190,191
191,192
192,193
193,194
194,195
195,199
196,197
197,198
198,199
200,201
201,202
202,203
203,204
204,205
205,206
206,210
207,208
208,209
209,210
211,212
212,213
213,214
214,215
215,216
216,217
217,223
218,219
219,220
220,221
221,222
222,223
224,225
225,226
226,227
227,228
228,229
229,230
230,236
231,232
232,233
233,234
234,235
235,236
238,150
241,140
244,134
248,249
248,345
248,338
248,332
248,325
248,321
248,314
248,310
248,303
248,297
248,292
248,286
248,281
248,358
249,250
254,255
254,258
254,355
254,274
254,268
255,256
258,259
259,262
259,261
261,265
262,280
264,346
264,339
264,333
264,326
264,315
264,304
264,280
264,275
264,269
264,265
264,352
265,266
268,270
269,270
270,271
271,272
272,273
273,285
273,296
274,276
275,276
276,277
277,278
278,279
279,290
279,301
280,282
280,287
280,293
280,298
280,311
280,322
281,282
282,283
283,284
284,285
285,291
286,287
287,288
288,289
289,290
290,291
291,309
291,331
292,293
293,294
294,295
295,296
296,302
297,298
298,299
299,300
300,301
301,302
302,320
302,344
303,304
304,305
305,306
306,307
307,308
308,309
309,313
310,311
311,312
312,313
314,315
315,316
316,317
317,318
318,319
319,320
320,324
321,322
322,323
323,324
325,326
326,327
327,328
328,329
329,330
330,331
331,337
332,333
333,334
334,335
335,336
336,337
338,339
339,340
340,341
341,342
342,343
343,344
344,350
345,346
346,347
347,348
348,349
349,350
352,264
355,254
358,248
362,363
362,459
362,452
362,446
362,439
362,435
362,428
362,424
362,417
362,411
362,406
362,400
362,395
362,472
363,364
368,369
368,372
368,469
368,388
368,382
369,370
372,373
373,376
373,375
375,379
376,394
378,460
378,453
378,447
378,440
378,429
378,418
378,394
378,389
378,383
378,379
378,466
379,380
382,384
383,384
384,385
385,386
386,387
387,399
387,410
388,390
389,390
390,391
391,392
392,393
393,404
393,415
394,396
394,401
394,407
394,412
394,425
394,436
395,396
396,397
397,398
398,399
399,405
400,401
401,402
402,403
403,404
404,405
405,423
405,445
406,407
407,408
408,409
409,410
410,416
411,412
412,413
413,414
414,415
415,416
416,434
416,458
417,418
418,419
419,420
420,421
421,422
422,423
423,427
424,425
425,426
426,427
428,429
429,430
430,431
431,432
432,433
433,434
434,438
435,436
436,437
437,438
439,440
440,441
441,442
442,443
443,444
444,445
445,451
446,447
447,448
448,449
449,450
450,451
452,453
453,454
454,455
455,456
456,457
457,458
458,464
459,460
460,461
461,462
462,463
463,464
466,378
469,368
472,362
476,477
476,573
476,566
476,560
476,553
476,549
476,542
476,538
476,531
476,525
476,520
476,514
476,509
476,586
477,478
482,483
482,486
482,583
482,502
482,496
483,484
486,487
487,490
487,489
489,493
490,508
492,574
492,567
492,561
492,554
492,543
492,532
492,508
492,503
492,497
492,493
492,580
493,494
496,498
497,498
498,499
499,500
500,501
501,513
501,524
502,504
503,504
504,505
505,506
506,507
507,518
507,529
508,510
508,515
508,521
508,526
508,539
508,550
509,510
510,511
511,512
512,513
513,519
514,515
515,516
516,517
517,518
518,519
519,537
519,559
520,521
521,522
522,523
523,524
524,530
525,526
526,527
527,528
528,529
529,530
530,548
530,572
531,532
532,533
533,534
534,535
535,536
536,537
537,541
538,539
539,540
540,541
542,543
543,544
544,545
545,546
546,547
547,548
548,552
549,550
550,551
551,552
553,554
554,555
555,556
556,557
557,558
558,559
559,565
560,561
561,562
562,563
563,564
564,565
566,567
567,568
568,569
569,570
570,571
571,572
572,578
573,574
574,575
575,576
576,577
577,578
580,492
583,482
586,476
590,591
590,687
590,680
590,674
590,667
590,663
590,656
590,652
590,645
590,639
590,634
590,628
590,623
590,700
591,592
596,597
596,600
596,697
596,616
596,610
597,598
600,601
601,604
601,603
603,607
604,622
606,688
606,681
606,675
606,668
606,657
606,646
606,622
606,617
606,611
606,607
606,694
607,608
610,612
611,612
612,613
613,614
614,615
615,627
615,638
616,618
617,618
618,619
619,620
620,621
621,632
621,643
622,624
622,629
622,635
622,640
622,653
622,664
623,624
624,625
625,626
626,627
627,633
628,629
629,630
630,631
631,632
632,633
633,651
633,673
634,635
635,636
636,637
637,638
638,644
639,640
640,641
641,642
642,643
643,644
644,662
644,686
645,646
646,647
647,648
648,649
649,650
650,651
651,655
652,653
653,654
654,655
656,657
657,658
658,659
659,660
660,661
661,662
662,666
663,664
664,665
665,666
667,668
668,669
669,670
670,671
671,672
672,673
673,679
674,675
675,676
676,677
677,678
678,679
680,681
681,682
682,683
683,684
684,685
685,686
686,692
687,688
688,689
689,690
690,691
691,692
694,606
697,596
700,590
704,705
704,801
704,794
704,788
704,781
704,777
704,770
704,766
704,759
704,753
704,748
704,742
704,737
704,814
705,706
710,711
710,714
710,811
710,730
710,724
711,712
714,715
715,718
715,717
717,721
718,736
720,802
720,795
720,789
720,782
720,771
720,760
720,736
720,731
720,725
720,721
720,808
721,722
724,726
725,726
726,727
727,728
728,729
729,741
729,752
730,732
731,732
732,733
733,734
734,735
735,746
735,757
736,738
736,743
736,749
736,754
736,767
736,778
737,738
738,739
739,740
740,741
741,747
742,743
743,744
744,745
745,746
746,747
747,765
747,787
748,749
749,750
750,751
751,752
752,758
753,754
754,755
755,756
756,757
757,758
758,776
758,800
759,760
760,761
761,762
762,763
763,764
764,765
765,769
766,767
767,768
768,769
770,771
771,772
772,773
773,774
774,775
775,776
776,780
777,778
778,779
779,780
781,782
782,783
783,784
784,785
785,786
786,787
787,793
788,789
789,790
790,791
791,792
792,793
794,795
795,796
796,797
797,798
798,799
799,800
800,806
801,802
802,803
803,804
804,805
805,806
808,720
811,710
814,704
818,819
818,915
818,908
818,902
818,895
818,891
818,884
818,880
818,873
818,867
818,862
818,856
818,851
818,928
819,820
824,825
824,828
824,925
824,844
824,838
825,826
828,829
829,832
829,831
831,835
832,850
834,916
834,909
834,903
834,896
834,885
834,874
834,850
834,845
834,839
834,835
834,922
835,836
838,840
839,840
840,841
841,842
842,843
843,855
843,866
844,846
845,846
846,847
847,848
848,849
849,860
849,871
850,852
850,857
850,863
850,868
850,881
850,892
851,852
852,853
853,854
854,855
855,861
856,857
857,858
858,859
859,860
860,861
861,879
861,901
862,863
863,864
864,865
865,866
866,872
867,868
868,869
869,870
870,871
871,872
872,890
872,914
873,874
874,875
875,876
876,877
877,878
878,879
879,883
880,881
881,882
882,883
884,885
885,886
886,887
887,888
888,889
889,890
890,894
891,892
892,893
893,894
895,896
896,897
897,898
898,899
899,900
900,901
901,907
902,903
903,904
904,905
905,906
906,907
908,909
909,910
910,911
911,912
912,913
913,914
914,920
915,916
916,917
917,918
918,919
919,920
922,834
925,824
928,818
931,1115
931,1062
931,997
931,949
932,1113
932,1063
932,1001
932,951
933,1111
933,1064
933,1005
933,953
934,1109
934,1065
934,1009
934,955
935,1107
935,1066
935,1013
935,957
936,1105
936,1067
936,1017
936,959
937,1103
937,1068
937,1021
937,961
938,1101
938,1069
938,1025
938,963
939,1099
939,1070
939,1029
939,965
940,1097
940,1071
940,1033
940,967
941,1095
941,1072
941,1037
941,969
942,1093
942,1073
942,1041
942,971
943,1091
943,1074
943,1045
943,973
944,1089
944,1075
944,1049
944,975
945,1087
945,1076
945,1053
945,977
946,1085
946,1077
946,1057
946,979
947,1083
947,1078
947,983
947,981
948,1081
948,1079
948,987
948,985
949,950
951,952
953,954
955,956
957,958
959,960
961,962
963,964
965,966
967,968
969,970
971,972
973,974
975,976
977,978
979,980
981,982
983,984
985,986
987,988
991,992
991,1057
991,1053
991,1049
991,1045
991,1041
991,1037
991,1033
991,1029
991,1025
991,1021
991,1017
991,1013
991,1009
991,1005
991,1001
991,997
991,1060
992,993
995,996
996,998
997,998
999,1000
1000,1002
1001,1002
1003,1004
1004,1006
1005,1006
1007,1008
1008,1010
1009,1010
1011,1012
1012,1014
1013,1014
1015,1016
1016,1018
1017,1018
1019,1020
1020,1022
1021,1022
1023,1024
1024,1026
1025,1026
1027,1028
1028,1030
1029,1030
1031,1032
1032,1034
1033,1034
1035,1036
1036,1038
1037,1038
1039,1040
1040,1042
1041,1042
1043,1044
1044,1046
1045,1046
1047,1048
1048,1050
1049,1050
1051,1052
1052,1054
1053,1054
1055,1056
1056,1058
1057,1058
1060,991
1062,1080
1063,1080
1064,1080
1065,1080
1066,1080
1067,1080
1068,1080
1069,1080
1070,1080
1071,1080
1072,1080
1073,1080
1074,1080
1075,1080
1076,1080
1077,1080
1078,1080
1079,1080
1081,1082
1083,1084
1085,1086
1087,1088
1089,1090
1091,1092
1093,1094
1095,1096
1097,1098
1099,1100
1101,1102
1103,1104
1105,1106
1107,1108
1109,1110
1111,1112
1113,1114
1115,1116
