216
1,2,0,0,0,0,0,0,0,0,0,0,0
2,2,0,0,0,0,0,0,0,0,0,0,0
3,53,64,0,1,0,0,0,0,0,0,0,0
4,53,32,1,1,0,0,0,0,0,0,0,0
5,51,1,0,1,0,0,0,0,0,0,0,0
6,2,0,0,1,0,0,0,0,0,0,0,0
7,53,32,1,0,0,0,0,0,0,0,0,0
8,2,0,0,0,0,0,0,0,0,0,0,0
9,32,0,0,1,0,0,0,0,0,0,0,0
10,30,32,1,1,0,0,0,0,0,0,0,0
11,52,1,0,1,0,0,0,0,0,0,0,0
12,2,0,0,1,0,0,0,0,0,0,0,0
13,12,32,1,1,0,0,0,0,0,0,0,0
14,2,0,0,1,0,0,0,0,0,0,0,0
15,53,32,1,1,0,0,0,0,0,0,0,0
16,2,0,0,1,0,0,0,0,0,0,0,0
17,11,64,0,1,0,0,0,0,0,0,0,0
18,2,0,0,1,0,0,0,0,0,0,0,0
19,2,0,0,0,0,0,0,0,0,0,0,0
20,2,0,0,0,0,0,0,0,0,0,0,0
21,53,64,0,1,0,0,0,0,0,0,0,0
22,53,32,1,1,0,0,0,0,0,0,0,0
23,51,1,0,1,0,0,0,0,0,0,0,0
24,2,0,0,1,0,0,0,0,0,0,0,0
25,53,32,1,0,0,0,0,0,0,0,0,0
26,2,0,0,0,0,0,0,0,0,0,0,0
27,32,0,0,1,0,0,0,0,0,0,0,0
28,30,32,1,1,0,0,0,0,0,0,0,0
29,52,1,0,1,0,0,0,0,0,0,0,0
30,2,0,0,1,0,0,0,0,0,0,0,0
31,12,32,1,1,0,0,0,0,0,0,0,0
32,2,0,0,1,0,0,0,0,0,0,0,0
33,53,32,1,1,0,0,0,0,0,0,0,0
34,2,0,0,1,0,0,0,0,0,0,0,0
35,11,64,0,1,0,0,0,0,0,0,0,0
36,2,0,0,1,0,0,0,0,0,0,0,0
37,2,0,0,0,0,0,0,0,0,0,0,0
38,2,0,0,0,0,0,0,0,0,0,0,0
39,53,64,0,1,0,0,0,0,0,0,0,0
40,53,32,1,1,0,0,0,0,0,0,0,0
41,51,1,0,1,0,0,0,0,0,0,0,0
42,2,0,0,1,0,0,0,0,0,0,0,0
43,53,32,1,0,0,0,0,0,0,0,0,0
44,2,0,0,0,0,0,0,0,0,0,0,0
45,32,0,0,1,0,0,0,0,0,0,0,0
46,30,32,1,1,0,0,0,0,0,0,0,0
47,52,1,0,1,0,0,0,0,0,0,0,0
48,2,0,0,1,0,0,0,0,0,0,0,0
49,12,32,1,1,0,0,0,0,0,0,0,0
50,2,0,0,1,0,0,0,0,0,0,0,0
51,53,32,1,1,0,0,0,0,0,0,0,0
52,2,0,0,1,0,0,0,0,0,0,0,0
53,11,64,0,1,0,0,0,0,0,0,0,0
54,2,0,0,1,0,0,0,0,0,0,0,0
55,2,0,0,0,0,0,0,0,0,0,0,0
56,2,0,0,0,0,0,0,0,0,0,0,0
57,53,64,0,1,0,0,0,0,0,0,0,0
58,53,32,1,1,0,0,0,0,0,0,0,0
59,51,1,0,1,0,0,0,0,0,0,0,0
60,2,0,0,1,0,0,0,0,0,0,0,0
61,53,32,1,0,0,0,0,0,0,0,0,0
62,2,0,0,0,0,0,0,0,0,0,0,0
63,32,0,0,1,0,0,0,0,0,0,0,0
64,30,32,1,1,0,0,0,0,0,0,0,0
65,52,1,0,1,0,0,0,0,0,0,0,0
66,2,0,0,1,0,0,0,0,0,0,0,0
67,12,32,1,1,0,0,0,0,0,0,0,0
68,2,0,0,1,0,0,0,0,0,0,0,0
69,53,32,1,1,0,0,0,0,0,0,0,0
70,2,0,0,1,0,0,0,0,0,0,0,0
71,11,64,0,1,0,0,0,0,0,0,0,0
72,2,0,0,1,0,0,0,0,0,0,0,0
73,2,0,0,0,0,0,0,0,0,0,0,0
74,2,0,0,0,0,0,0,0,0,0,0,0
75,53,64,0,1,0,0,0,0,0,0,0,0
76,53,32,1,1,0,0,0,0,0,0,0,0
77,51,1,0,1,0,0,0,0,0,0,0,0
78,2,0,0,1,0,0,0,0,0,0,0,0
79,53,32,1,0,0,0,0,0,0,0,0,0
80,2,0,0,0,0,0,0,0,0,0,0,0
81,32,0,0,1,0,0,0,0,0,0,0,0
82,30,32,1,1,0,0,0,0,0,0,0,0
83,52,1,0,1,0,0,0,0,0,0,0,0
84,2,0,0,1,0,0,0,0,0,0,0,0
85,12,32,1,1,0,0,0,0,0,0,0,0
86,2,0,0,1,0,0,0,0,0,0,0,0
87,53,32,1,1,0,0,0,0,0,0,0,0
88,2,0,0,1,0,0,0,0,0,0,0,0
89,11,64,0,1,0,0,0,0,0,0,0,0
90,2,0,0,1,0,0,0,0,0,0,0,0
91,2,0,0,0,0,0,0,0,0,0,0,0
92,2,0,0,0,0,0,0,0,0,0,0,0
93,53,64,0,1,0,0,0,0,0,0,0,0
94,53,32,1,1,0,0,0,0,0,0,0,0
95,51,1,0,1,0,0,0,0,0,0,0,0
96,2,0,0,1,0,0,0,0,0,0,0,0
97,53,32,1,0,0,0,0,0,0,0,0,0
98,2,0,0,0,0,0,0,0,0,0,0,0
99,32,0,0,1,0,0,0,0,0,0,0,0
100,30,32,1,1,0,0,0,0,0,0,0,0
101,52,1,0,1,0,0,0,0,0,0,0,0
102,2,0,0,1,0,0,0,0,0,0,0,0
103,12,32,1,1,0,0,0,0,0,0,0,0
104,2,0,0,1,0,0,0,0,0,0,0,0
105,53,32,1,1,0,0,0,0,0,0,0,0
106,2,0,0,1,0,0,0,0,0,0,0,0
107,11,64,0,1,0,0,0,0,0,0,0,0
108,2,0,0,1,0,0,0,0,0,0,0,0
109,12,32,1,0,0,0,0,0,0,0,0,0
110,12,32,1,0,0,0,0,0,0,0,0,0
111,12,32,1,0,0,0,0,0,0,0,0,0
112,12,32,1,0,0,0,0,0,0,0,0,0
113,12,32,1,0,0,0,0,0,0,0,0,0
114,12,32,1,0,0,0,0,0,0,0,0,0
115,12,32,1,0,0,0,0,0,0,0,0,0
116,1,0,0,0,0,0,0,0,0,0,0,0
117,29,0,0,0,0,0,0,0,0,0,0,0
118,29,0,0,0,0,0,0,0,0,0,0,0
119,29,0,0,0,0,0,0,0,0,0,0,0
120,29,0,0,0,0,0,0,0,0,0,0,0
121,29,0,0,0,0,0,0,0,0,0,0,0
122,29,0,0,0,0,0,0,0,0,0,0,0
123,29,0,0,0,0,0,0,0,0,0,0,0
124,29,0,0,0,0,0,0,0,0,0,0,0
125,47,0,0,0,0,0,0,0,0,0,0,0
126,54,0,0,0,0,0,0,0,0,0,0,0
127,47,0,0,0,0,0,0,0,0,0,0,0
128,54,0,0,0,0,0,0,0,0,0,0,0
129,47,0,0,0,0,0,0,0,0,0,0,0
130,54,0,0,0,0,0,0,0,0,0,0,0
131,47,0,0,0,0,0,0,0,0,0,0,0
132,54,0,0,0,0,0,0,0,0,0,0,0
133,47,0,0,0,0,0,0,0,0,0,0,0
134,54,0,0,0,0,0,0,0,0,0,0,0
135,47,0,0,0,0,0,0,0,0,0,0,0
136,54,0,0,0,0,0,0,0,0,0,0,0
137,47,0,0,0,0,0,0,0,0,0,0,0
138,54,0,0,0,0,0,0,0,0,0,0,0
139,47,0,0,0,0,0,0,0,0,0,0,0
140,54,0,0,0,0,0,0,0,0,0,0,0
141,54,0,0,0,0,0,0,0,0,0,0,0
142,2,0,0,0,0,0,0,0,0,0,0,0
143,2,0,0,0,0,0,0,0,0,0,0,0
144,53,64,0,1,0,0,0,0,0,0,0,0
145,51,1,0,1,0,0,0,0,0,0,0,0
146,2,0,0,1,0,0,0,0,0,0,0,0
147,2,0,0,0,0,0,0,0,0,0,0,0
148,54,32,0,1,0,0,0,0,0,0,0,0
149,21,32,0,1,0,0,0,0,0,0,0,0
150,42,32,1,1,0,0,0,0,0,0,0,0
151,32,0,0,1,0,0,0,0,0,0,0,0
152,31,0,0,1,0,0,0,0,0,0,0,0
153,54,32,0,1,0,0,0,0,0,0,0,0
154,21,32,0,1,0,0,0,0,0,0,0,0
155,42,32,1,1,0,0,0,0,0,0,0,0
156,32,0,0,1,0,0,0,0,0,0,0,0
157,31,0,0,1,0,0,0,0,0,0,0,0
158,54,32,0,1,0,0,0,0,0,0,0,0
159,21,32,0,1,0,0,0,0,0,0,0,0
160,42,32,1,1,0,0,0,0,0,0,0,0
161,32,0,0,1,0,0,0,0,0,0,0,0
162,31,0,0,1,0,0,0,0,0,0,0,0
163,54,32,0,1,0,0,0,0,0,0,0,0
164,21,32,0,1,0,0,0,0,0,0,0,0
165,42,32,1,1,0,0,0,0,0,0,0,0
166,32,0,0,1,0,0,0,0,0,0,0,0
167,31,0,0,1,0,0,0,0,0,0,0,0
168,54,32,0,1,0,0,0,0,0,0,0,0
169,21,32,0,1,0,0,0,0,0,0,0,0
170,42,32,1,1,0,0,0,0,0,0,0,0
171,32,0,0,1,0,0,0,0,0,0,0,0
172,31,0,0,1,0,0,0,0,0,0,0,0
173,54,32,0,1,0,0,0,0,0,0,0,0
174,21,32,0,1,0,0,0,0,0,0,0,0
175,42,32,1,1,0,0,0,0,0,0,0,0
176,32,0,0,1,0,0,0,0,0,0,0,0
177,31,0,0,1,0,0,0,0,0,0,0,0
178,54,32,0,1,0,0,0,0,0,0,0,0
179,21,32,0,1,0,0,0,0,0,0,0,0
180,42,32,1,1,0,0,0,0,0,0,0,0
181,32,0,0,1,0,0,0,0,0,0,0,0
182,31,0,0,1,0,0,0,0,0,0,0,0
183,54,32,0,1,0,0,0,0,0,0,0,0
184,21,32,0,1,0,0,0,0,0,0,0,0
185,42,32,1,1,0,0,0,0,0,0,0,0
186,32,0,0,1,0,0,0,0,0,0,0,0
187,31,0,0,1,0,0,0,0,0,0,0,0
188,2,0,0,1,0,0,0,0,0,0,0,0
189,11,64,0,1,0,0,0,0,0,0,0,0
190,2,0,0,1,0,0,0,0,0,0,0,0
191,32,0,0,0,0,0,0,0,0,0,0,0
192,32,0,0,0,0,0,0,0,0,0,0,0
193,32,0,0,0,0,0,0,0,0,0,0,0
194,32,0,0,0,0,0,0,0,0,0,0,0
195,32,0,0,0,0,0,0,0,0,0,0,0
196,32,0,0,0,0,0,0,0,0,0,0,0
197,32,0,0,0,0,0,0,0,0,0,0,0
198,32,0,0,0,0,0,0,0,0,0,0,0
199,54,32,1,0,0,0,0,0,0,0,0,0
200,47,0,0,0,0,0,0,0,0,0,0,0
201,54,0,0,0,0,0,0,0,0,0,0,0
202,47,0,0,0,0,0,0,0,0,0,0,0
203,54,0,0,0,0,0,0,0,0,0,0,0
204,47,0,0,0,0,0,0,0,0,0,0,0
205,54,0,0,0,0,0,0,0,0,0,0,0
206,47,0,0,0,0,0,0,0,0,0,0,0
207,54,0,0,0,0,0,0,0,0,0,0,0
208,47,0,0,0,0,0,0,0,0,0,0,0
209,54,0,0,0,0,0,0,0,0,0,0,0
210,47,0,0,0,0,0,0,0,0,0,0,0
211,54,0,0,0,0,0,0,0,0,0,0,0
212,47,0,0,0,0,0,0,0,0,0,0,0
213,54,0,0,0,0,0,0,0,0,0,0,0
214,47,0,0,0,0,0,0,0,0,0,0,0
215,54,0,0,0,0,0,0,0,0,0,0,0
216,1,0,0,0,0,0,0,0,0,0,0,0
197
3,5
3,9
3,17
4,7
4,15
4,13
5,6
7,109
9,10
10,11
10,13
11,12
13,15
15,4
17,3
21,23
21,27
21,35
22,25
22,33
22,31
23,24
25,109
27,28
28,29
28,31
29,30
31,33
33,22
35,21
39,41
39,45
39,53
40,43
40,51
40,49
41,42
43,110
45,46
46,47
46,49
47,48
49,51
51,40
53,39
57,59
57,63
57,71
58,61
58,69
58,67
59,60
61,112
63,64
64,65
64,67
65,66
67,69
69,58
71,57
75,77
75,81
75,89
76,79
76,87
76,85
77,78
79,114
81,82
82,83
82,85
83,84
85,87
87,76
89,75
93,95
93,99
93,107
94,97
94,105
94,103
95,96
97,115
99,100
100,101
100,103
101,102
103,105
105,94
107,93
109,110
110,111
111,112
112,113
113,114
114,115
115,116
117,214
117,191
117,151
117,125
118,212
118,192
118,156
118,127
119,210
119,193
119,161
119,129
120,208
120,194
120,166
120,131
121,206
121,195
121,171
121,133
122,204
122,196
122,176
122,135
123,202
123,197
123,181
123,137
124,200
124,198
124,186
124,139
125,126
127,128
129,130
131,132
133,134
135,136
137,138
139,140
144,145
144,186
144,181
144,176
144,171
144,166
144,161
144,156
144,151
144,189
145,146
148,149
149,150
150,152
151,152
153,154
154,155
155,157
156,157
158,159
159,160
160,162
161,162
163,164
164,165
165,167
166,167
168,169
169,170
170,172
171,172
173,174
174,175
175,177
176,177
178,179
179,180
180,182
181,182
183,184
184,185
185,187
186,187
189,144
191,199
192,199
193,199
194,199
195,199
196,199
197,199
198,199
200,201
202,203
204,205
206,207
208,209
210,211
212,213
214,215
