143
1,2,0,0,0,0,0,0,0,0,0,0,0
2,2,0,0,0,0,0,0,0,0,0,0,0
3,53,64,0,1,0,0,0,0,0,0,0,0
4,51,1,0,1,0,0,0,0,0,0,0,0
5,2,0,0,1,0,0,0,0,0,0,0,0
6,2,0,0,0,0,0,0,0,0,0,0,0
7,2,0,0,1,0,0,0,0,0,0,0,0
8,2,0,0,1,0,0,0,0,0,0,0,0
9,53,64,0,1,0,0,0,0,0,0,0,0
10,53,32,1,1,0,0,0,0,0,0,0,0
11,51,1,0,1,0,0,0,0,0,0,0,0
12,2,0,0,1,0,0,0,0,0,0,0,0
13,53,32,1,1,0,0,0,0,0,0,0,0
14,2,0,0,1,0,0,0,0,0,0,0,0
15,11,64,0,1,0,0,0,0,0,0,0,0
16,32,0,0,1,0,0,0,0,0,0,0,0
17,30,32,1,1,0,0,0,0,0,0,0,0
18,12,32,1,1,0,0,0,0,0,0,0,0
19,2,0,0,1,0,0,0,0,0,0,0,0
20,11,64,0,1,0,0,0,0,0,0,0,0
21,2,0,0,1,0,0,0,0,0,0,0,0
22,19,32,1,1,0,0,0,0,0,0,0,0
23,32,0,0,1,0,0,0,0,0,0,0,0
24,31,0,0,1,0,0,0,0,0,0,0,0
25,2,0,0,1,0,0,0,0,0,0,0,0
26,2,0,0,1,0,0,0,0,0,0,0,0
27,53,64,0,1,0,0,0,0,0,0,0,0
28,53,32,1,1,0,0,0,0,0,0,0,0
29,51,1,0,1,0,0,0,0,0,0,0,0
30,2,0,0,1,0,0,0,0,0,0,0,0
31,53,32,1,1,0,0,0,0,0,0,0,0
32,2,0,0,1,0,0,0,0,0,0,0,0
33,11,64,0,1,0,0,0,0,0,0,0,0
34,32,0,0,1,0,0,0,0,0,0,0,0
35,30,32,1,1,0,0,0,0,0,0,0,0
36,14,32,1,1,0,0,0,0,0,0,0,0
37,14,32,1,1,0,0,0,0,0,0,0,0
38,16,32,1,1,0,0,0,0,0,0,0,0
39,12,32,1,1,0,0,0,0,0,0,0,0
40,2,0,0,1,0,0,0,0,0,0,0,0
41,11,64,0,1,0,0,0,0,0,0,0,0
42,2,0,0,1,0,0,0,0,0,0,0,0
43,52,1,0,1,0,0,0,0,0,0,0,0
44,2,0,0,1,0,0,0,0,0,0,0,0
45,19,32,1,1,0,0,0,0,0,0,0,0
46,12,32,1,1,0,0,0,0,0,0,0,0
47,12,32,1,1,0,0,0,0,0,0,0,0
48,16,32,1,1,0,0,0,0,0,0,0,0
49,12,32,1,1,0,0,0,0,0,0,0,0
50,16,32,1,1,0,0,0,0,0,0,0,0
51,16,32,1,1,0,0,0,0,0,0,0,0
52,12,32,1,1,0,0,0,0,0,0,0,0
53,2,0,0,1,0,0,0,0,0,0,0,0
54,2,0,0,1,0,0,0,0,0,0,0,0
55,53,32,1,1,0,0,0,0,0,0,0,0
56,32,0,0,1,0,0,0,0,0,0,0,0
57,31,0,0,1,0,0,0,0,0,0,0,0
58,2,0,0,1,0,0,0,0,0,0,0,0
59,11,64,0,1,0,0,0,0,0,0,0,0
60,2,0,0,1,0,0,0,0,0,0,0,0
61,2,0,0,0,0,0,0,0,0,0,0,0
62,2,0,0,0,0,0,0,0,0,0,0,0
63,53,64,0,1,0,0,0,0,0,0,0,0
64,51,1,0,1,0,0,0,0,0,0,0,0
65,2,0,0,1,0,0,0,0,0,0,0,0
66,2,0,0,0,0,0,0,0,0,0,0,0
67,2,0,0,1,0,0,0,0,0,0,0,0
68,2,0,0,1,0,0,0,0,0,0,0,0
69,53,64,0,1,0,0,0,0,0,0,0,0
70,51,1,0,1,0,0,0,0,0,0,0,0
71,2,0,0,1,0,0,0,0,0,0,0,0
72,2,0,0,1,0,0,0,0,0,0,0,0
73,11,64,0,1,0,0,0,0,0,0,0,0
74,32,0,0,1,0,0,0,0,0,0,0,0
75,30,32,1,1,0,0,0,0,0,0,0,0
76,32,0,0,1,0,0,0,0,0,0,0,0
77,30,32,1,1,0,0,0,0,0,0,0,0
78,14,32,1,1,0,0,0,0,0,0,0,0
79,32,0,0,1,0,0,0,0,0,0,0,0
80,30,32,1,1,0,0,0,0,0,0,0,0
81,16,32,1,1,0,0,0,0,0,0,0,0
82,19,32,1,1,0,0,0,0,0,0,0,0
83,32,0,0,1,0,0,0,0,0,0,0,0
84,31,0,0,1,0,0,0,0,0,0,0,0
85,2,0,0,1,0,0,0,0,0,0,0,0
86,11,64,0,1,0,0,0,0,0,0,0,0
87,2,0,0,1,0,0,0,0,0,0,0,0
88,2,0,0,1,0,0,0,0,0,0,0,0
89,11,64,0,1,0,0,0,0,0,0,0,0
90,2,0,0,1,0,0,0,0,0,0,0,0
91,2,0,0,0,0,0,0,0,0,0,0,0
92,2,0,0,0,0,0,0,0,0,0,0,0
93,53,64,0,1,0,0,0,0,0,0,0,0
94,53,64,0,1,0,0,0,0,0,0,0,0
95,51,1,0,1,0,0,0,0,0,0,0,0
96,2,0,0,1,0,0,0,0,0,0,0,0
97,2,0,0,0,0,0,0,0,0,0,0,0
98,11,64,0,1,0,0,0,0,0,0,0,0
99,32,0,0,1,0,0,0,0,0,0,0,0
100,31,0,0,1,0,0,0,0,0,0,0,0
101,2,0,0,1,0,0,0,0,0,0,0,0
102,2,0,0,1,0,0,0,0,0,0,0,0
103,53,64,0,1,0,0,0,0,0,0,0,0
104,53,64,0,1,0,0,0,0,0,0,0,0
105,11,64,0,1,0,0,0,0,0,0,0,0
106,51,1,0,1,0,0,0,0,0,0,0,0
107,2,0,0,1,0,0,0,0,0,0,0,0
108,2,0,0,1,0,0,0,0,0,0,0,0
109,2,0,0,1,0,0,0,0,0,0,0,0
110,2,0,0,1,0,0,0,0,0,0,0,0
111,53,64,0,1,0,0,0,0,0,0,0,0
112,53,32,1,1,0,0,0,0,0,0,0,0
113,51,1,0,1,0,0,0,0,0,0,0,0
114,2,0,0,1,0,0,0,0,0,0,0,0
115,53,32,1,1,0,0,0,0,0,0,0,0
116,2,0,0,1,0,0,0,0,0,0,0,0
117,11,64,0,1,0,0,0,0,0,0,0,0
118,32,0,0,1,0,0,0,0,0,0,0,0
119,30,32,1,1,0,0,0,0,0,0,0,0
120,11,64,0,1,0,0,0,0,0,0,0,0
121,32,0,0,1,0,0,0,0,0,0,0,0
122,30,32,1,1,0,0,0,0,0,0,0,0
123,16,32,1,1,0,0,0,0,0,0,0,0
124,12,32,1,1,0,0,0,0,0,0,0,0
125,2,0,0,1,0,0,0,0,0,0,0,0
126,11,64,0,1,0,0,0,0,0,0,0,0
127,2,0,0,1,0,0,0,0,0,0,0,0
128,11,64,0,1,0,0,0,0,0,0,0,0
129,32,0,0,1,0,0,0,0,0,0,0,0
130,31,0,0,1,0,0,0,0,0,0,0,0
131,11,64,0,1,0,0,0,0,0,0,0,0
132,32,0,0,1,0,0,0,0,0,0,0,0
133,31,0,0,1,0,0,0,0,0,0,0,0
134,11,64,0,1,0,0,0,0,0,0,0,0
135,2,0,0,1,0,0,0,0,0,0,0,0
136,2,0,0,1,0,0,0,0,0,0,0,0
137,11,64,0,1,0,0,0,0,0,0,0,0
138,2,0,0,1,0,0,0,0,0,0,0,0
139,11,64,0,1,0,0,0,0,0,0,0,0
140,2,0,0,1,0,0,0,0,0,0,0,0
141,32,0,0,0,0,0,0,0,0,0,0,0
142,31,0,0,0,0,0,0,0,0,0,0,0
143,1,0,0,0,0,0,0,0,0,0,0,0
124
3,4
3,33
3,15
3,56
3,23
3,59
4,5
9,11
9,15
9,20
10,13
10,18
11,12
13,22
15,16
16,17
17,18
18,10
20,9
22,37
22,36
22,24
23,24
27,29
27,33
27,41
28,31
28,39
29,30
31,43
31,45
33,34
34,35
35,36
35,37
36,38
37,38
38,39
39,28
41,27
43,44
45,46
46,47
46,48
46,51
47,48
48,49
49,50
50,51
51,52
52,55
55,57
56,57
59,3
63,73
63,64
63,89
64,65
69,70
69,79
69,76
69,73
69,86
70,71
73,83
73,74
74,75
75,78
76,77
77,78
78,82
79,80
80,81
81,82
82,84
83,84
86,69
89,63
93,128
93,98
93,137
94,95
94,98
94,131
94,117
94,103
94,139
95,96
98,99
99,100
103,106
103,105
104,131
104,134
105,120
105,128
105,103
106,107
111,113
111,120
111,117
111,126
112,115
112,124
113,114
115,130
115,133
117,118
118,119
119,123
120,121
121,122
122,123
123,124
124,112
126,111
128,129
129,130
131,132
132,133
134,104
137,93
139,94
141,142
