88
1,2,0,0,0,0,0,0,0,0,0,0,0
2,2,0,0,0,0,0,0,0,0,0,0,0
3,53,64,0,1,0,0,0,0,0,0,0,0
4,51,1,0,1,0,0,0,0,0,0,0,0
5,2,0,0,1,0,0,0,0,0,0,0,0
6,2,0,0,0,0,0,0,0,0,0,0,0
7,2,0,0,1,0,0,0,0,0,0,0,0
8,2,0,0,1,0,0,0,0,0,0,0,0
9,53,64,0,1,0,0,0,0,0,0,0,0
10,53,32,1,1,0,0,0,0,0,0,0,0
11,51,1,0,1,0,0,0,0,0,0,0,0
12,2,0,0,1,0,0,0,0,0,0,0,0
13,53,32,1,1,0,0,0,0,0,0,0,0
14,2,0,0,1,0,0,0,0,0,0,0,0
15,11,64,0,1,0,0,0,0,0,0,0,0
16,32,0,0,1,0,0,0,0,0,0,0,0
17,30,32,1,1,0,0,0,0,0,0,0,0
18,12,32,1,1,0,0,0,0,0,0,0,0
19,2,0,0,1,0,0,0,0,0,0,0,0
20,11,64,0,1,0,0,0,0,0,0,0,0
21,2,0,0,1,0,0,0,0,0,0,0,0
22,19,32,1,1,0,0,0,0,0,0,0,0
23,2,0,0,1,0,0,0,0,0,0,0,0
24,2,0,0,1,0,0,0,0,0,0,0,0
25,53,64,0,1,0,0,0,0,0,0,0,0
26,51,1,0,1,0,0,0,0,0,0,0,0
27,2,0,0,1,0,0,0,0,0,0,0,0
28,2,0,0,1,0,0,0,0,0,0,0,0
29,11,64,0,1,0,0,0,0,0,0,0,0
30,32,0,0,1,0,0,0,0,0,0,0,0
31,30,32,1,1,0,0,0,0,0,0,0,0
32,14,32,1,1,0,0,0,0,0,0,0,0
33,31,0,0,1,0,0,0,0,0,0,0,0
34,2,0,0,1,0,0,0,0,0,0,0,0
35,11,64,0,1,0,0,0,0,0,0,0,0
36,2,0,0,1,0,0,0,0,0,0,0,0
37,2,0,0,1,0,0,0,0,0,0,0,0
38,11,64,0,1,0,0,0,0,0,0,0,0
39,2,0,0,1,0,0,0,0,0,0,0,0
40,2,0,0,0,0,0,0,0,0,0,0,0
41,2,0,0,0,0,0,0,0,0,0,0,0
42,53,64,0,1,0,0,0,0,0,0,0,0
43,53,64,0,1,0,0,0,0,0,0,0,0
44,51,1,0,1,0,0,0,0,0,0,0,0
45,2,0,0,1,0,0,0,0,0,0,0,0
46,2,0,0,0,0,0,0,0,0,0,0,0
47,2,0,0,1,0,0,0,0,0,0,0,0
48,2,0,0,1,0,0,0,0,0,0,0,0
49,53,64,0,1,0,0,0,0,0,0,0,0
50,53,64,0,1,0,0,0,0,0,0,0,0
51,51,1,0,1,0,0,0,0,0,0,0,0
52,2,0,0,1,0,0,0,0,0,0,0,0
53,2,0,0,1,0,0,0,0,0,0,0,0
54,2,0,0,1,0,0,0,0,0,0,0,0
55,2,0,0,1,0,0,0,0,0,0,0,0
56,53,64,0,1,0,0,0,0,0,0,0,0
57,53,32,1,1,0,0,0,0,0,0,0,0
58,51,1,0,1,0,0,0,0,0,0,0,0
59,2,0,0,1,0,0,0,0,0,0,0,0
60,53,32,1,1,0,0,0,0,0,0,0,0
61,2,0,0,1,0,0,0,0,0,0,0,0
62,11,64,0,1,0,0,0,0,0,0,0,0
63,32,0,0,1,0,0,0,0,0,0,0,0
64,30,32,1,1,0,0,0,0,0,0,0,0
65,11,64,0,1,0,0,0,0,0,0,0,0
66,32,0,0,1,0,0,0,0,0,0,0,0
67,30,32,1,1,0,0,0,0,0,0,0,0
68,16,32,1,1,0,0,0,0,0,0,0,0
69,12,32,1,1,0,0,0,0,0,0,0,0
70,2,0,0,1,0,0,0,0,0,0,0,0
71,11,64,0,1,0,0,0,0,0,0,0,0
72,2,0,0,1,0,0,0,0,0,0,0,0
73,19,32,1,1,0,0,0,0,0,0,0,0
74,11,64,0,1,0,0,0,0,0,0,0,0
75,32,0,0,1,0,0,0,0,0,0,0,0
76,31,0,0,1,0,0,0,0,0,0,0,0
77,11,64,0,1,0,0,0,0,0,0,0,0
78,32,0,0,1,0,0,0,0,0,0,0,0
79,31,0,0,1,0,0,0,0,0,0,0,0
80,11,64,0,1,0,0,0,0,0,0,0,0
81,2,0,0,1,0,0,0,0,0,0,0,0
82,11,64,0,1,0,0,0,0,0,0,0,0
83,2,0,0,1,0,0,0,0,0,0,0,0
84,11,64,0,1,0,0,0,0,0,0,0,0
85,2,0,0,1,0,0,0,0,0,0,0,0
86,11,64,0,1,0,0,0,0,0,0,0,0
87,2,0,0,1,0,0,0,0,0,0,0,0
88,1,0,0,0,0,0,0,0,0,0,0,0
72
3,4
3,29
3,15
3,38
4,5
9,11
9,15
9,20
10,13
10,18
11,12
13,22
15,16
16,17
17,18
18,10
20,9
22,32
25,26
25,29
25,35
26,27
29,30
30,33
30,31
31,32
32,33
35,25
38,3
42,74
42,49
42,84
43,44
43,77
43,62
43,50
43,86
44,45
49,77
49,80
50,51
50,65
50,74
50,82
51,52
56,58
56,65
56,62
56,71
57,60
57,69
58,59
60,73
62,63
63,64
64,68
65,66
66,67
67,68
68,69
69,57
71,56
73,79
73,76
74,75
75,76
77,78
78,79
80,49
82,50
84,42
86,43
