142
1,2,0,0,0,0,0,0,0,0,0,0,0
2,2,0,0,0,0,0,0,0,0,0,0,0
3,53,64,0,1,0,0,0,0,0,0,0,0
4,51,1,0,1,0,0,0,0,0,0,0,0
5,2,0,0,1,0,0,0,0,0,0,0,0
6,32,0,0,1,0,0,0,0,0,0,0,0
7,30,32,0,1,0,0,0,0,0,0,0,0
8,51,1,0,1,0,0,0,0,0,0,0,0
9,2,0,0,1,0,0,0,0,0,0,0,0
10,36,32,0,1,0,0,0,0,0,0,0,0
11,54,0,0,1,0,0,0,0,0,0,0,0
12,2,0,0,1,0,0,0,0,0,0,0,0
13,2,0,0,1,0,0,0,0,0,0,0,0
14,11,64,0,1,0,0,0,0,0,0,0,0
15,2,0,0,1,0,0,0,0,0,0,0,0
16,1,0,0,0,0,0,0,0,0,0,0,0
17,2,0,0,0,0,0,0,0,0,0,0,0
18,38,64,0,0,0,0,0,0,0,0,0,0
19,2,0,0,0,0,0,0,0,0,0,0,0
20,53,64,0,1,0,0,0,0,0,0,0,0
21,51,1,0,1,0,0,0,0,0,0,0,0
22,2,0,0,1,0,0,0,0,0,0,0,0
23,15,64,0,1,0,0,0,0,0,0,0,0
24,11,64,0,1,0,0,0,0,0,0,0,0
25,32,0,0,1,0,0,0,0,0,0,0,0
26,30,32,0,1,0,0,0,0,0,0,0,0
27,32,0,0,1,0,0,0,0,0,0,0,0
28,30,32,0,1,0,0,0,0,0,0,0,0
29,15,32,0,1,0,0,0,0,0,0,0,0
30,11,64,0,1,0,0,0,0,0,0,0,0
31,32,0,0,1,0,0,0,0,0,0,0,0
32,30,32,0,1,0,0,0,0,0,0,0,0
33,11,32,0,1,0,0,0,0,0,0,0,0
34,31,0,0,1,0,0,0,0,0,0,0,0
35,2,0,0,1,0,0,0,0,0,0,0,0
36,11,64,0,1,0,0,0,0,0,0,0,0
37,2,0,0,1,0,0,0,0,0,0,0,0
38,1,0,0,0,0,0,0,0,0,0,0,0
39,29,0,0,0,0,0,0,0,0,0,0,0
40,29,0,0,0,0,0,0,0,0,0,0,0
41,29,0,0,0,0,0,0,0,0,0,0,0
42,29,0,0,0,0,0,0,0,0,0,0,0
43,47,0,0,0,0,0,0,0,0,0,0,0
44,54,0,0,0,0,0,0,0,0,0,0,0
45,47,0,0,0,0,0,0,0,0,0,0,0
46,54,0,0,0,0,0,0,0,0,0,0,0
47,47,0,0,0,0,0,0,0,0,0,0,0
48,54,0,0,0,0,0,0,0,0,0,0,0
49,47,0,0,0,0,0,0,0,0,0,0,0
50,54,0,0,0,0,0,0,0,0,0,0,0
51,2,0,0,0,0,0,0,0,0,0,0,0
52,2,0,0,0,0,0,0,0,0,0,0,0
53,53,64,0,1,0,0,0,0,0,0,0,0
54,51,1,0,1,0,0,0,0,0,0,0,0
55,2,0,0,1,0,0,0,0,0,0,0,0
56,2,0,0,0,0,0,0,0,0,0,0,0
57,32,0,0,1,0,0,0,0,0,0,0,0
58,31,0,0,1,0,0,0,0,0,0,0,0
59,11,64,0,1,0,0,0,0,0,0,0,0
60,32,0,0,1,0,0,0,0,0,0,0,0
61,31,0,0,1,0,0,0,0,0,0,0,0
62,36,32,0,1,0,0,0,0,0,0,0,0
63,20,32,0,1,0,0,0,0,0,0,0,0
64,32,0,0,1,0,0,0,0,0,0,0,0
65,31,0,0,1,0,0,0,0,0,0,0,0
66,2,0,0,1,0,0,0,0,0,0,0,0
67,11,64,0,1,0,0,0,0,0,0,0,0
68,2,0,0,1,0,0,0,0,0,0,0,0
69,2,0,0,0,0,0,0,0,0,0,0,0
70,2,0,0,0,0,0,0,0,0,0,0,0
71,53,64,0,1,0,0,0,0,0,0,0,0
72,51,1,0,1,0,0,0,0,0,0,0,0
73,2,0,0,1,0,0,0,0,0,0,0,0
74,2,0,0,0,0,0,0,0,0,0,0,0
75,36,32,0,1,0,0,0,0,0,0,0,0
76,20,32,0,1,0,0,0,0,0,0,0,0
77,32,0,0,1,0,0,0,0,0,0,0,0
78,31,0,0,1,0,0,0,0,0,0,0,0
79,2,0,0,1,0,0,0,0,0,0,0,0
80,11,64,0,1,0,0,0,0,0,0,0,0
81,2,0,0,1,0,0,0,0,0,0,0,0
82,32,0,0,0,0,0,0,0,0,0,0,0
83,32,0,0,0,0,0,0,0,0,0,0,0
84,32,0,0,0,0,0,0,0,0,0,0,0
85,54,0,0,0,0,0,0,0,0,0,0,0
86,2,0,0,0,0,0,0,0,0,0,0,0
87,2,0,0,0,0,0,0,0,0,0,0,0
88,53,64,0,1,0,0,0,0,0,0,0,0
89,51,1,0,1,0,0,0,0,0,0,0,0
90,2,0,0,1,0,0,0,0,0,0,0,0
91,2,0,0,0,0,0,0,0,0,0,0,0
92,32,0,0,1,0,0,0,0,0,0,0,0
93,30,32,0,1,0,0,0,0,0,0,0,0
94,51,1,0,1,0,0,0,0,0,0,0,0
95,2,0,0,1,0,0,0,0,0,0,0,0
96,2,0,0,1,0,0,0,0,0,0,0,0
97,2,0,0,1,0,0,0,0,0,0,0,0
98,53,64,0,1,0,0,0,0,0,0,0,0
99,51,1,0,1,0,0,0,0,0,0,0,0
100,2,0,0,1,0,0,0,0,0,0,0,0
101,2,0,0,1,0,0,0,0,0,0,0,0
102,15,64,0,1,0,0,0,0,0,0,0,0
103,11,64,0,1,0,0,0,0,0,0,0,0
104,32,0,0,1,0,0,0,0,0,0,0,0
105,30,32,0,1,0,0,0,0,0,0,0,0
106,32,0,0,1,0,0,0,0,0,0,0,0
107,30,32,0,1,0,0,0,0,0,0,0,0
108,15,32,0,1,0,0,0,0,0,0,0,0
109,11,64,0,1,0,0,0,0,0,0,0,0
110,32,0,0,1,0,0,0,0,0,0,0,0
111,30,32,0,1,0,0,0,0,0,0,0,0
112,11,32,0,1,0,0,0,0,0,0,0,0
113,31,0,0,1,0,0,0,0,0,0,0,0
114,2,0,0,1,0,0,0,0,0,0,0,0
115,11,64,0,1,0,0,0,0,0,0,0,0
116,2,0,0,1,0,0,0,0,0,0,0,0
117,2,0,0,1,0,0,0,0,0,0,0,0
118,2,0,0,1,0,0,0,0,0,0,0,0
119,11,64,0,1,0,0,0,0,0,0,0,0
120,2,0,0,1,0,0,0,0,0,0,0,0
121,2,0,0,0,0,0,0,0,0,0,0,0
122,2,0,0,0,0,0,0,0,0,0,0,0
123,53,32,0,1,0,0,0,0,0,0,0,0
124,51,1,0,1,0,0,0,0,0,0,0,0
125,2,0,0,1,0,0,0,0,0,0,0,0
126,2,0,0,0,0,0,0,0,0,0,0,0
127,2,0,0,1,0,0,0,0,0,0,0,0
128,11,32,0,1,0,0,0,0,0,0,0,0
129,2,0,0,1,0,0,0,0,0,0,0,0
130,2,0,0,0,0,0,0,0,0,0,0,0
131,2,0,0,0,0,0,0,0,0,0,0,0
132,2,0,0,0,0,0,0,0,0,0,0,0
133,53,32,0,0,0,0,0,0,0,0,0,0
134,47,0,0,0,0,0,0,0,0,0,0,0
135,54,0,0,0,0,0,0,0,0,0,0,0
136,47,0,0,0,0,0,0,0,0,0,0,0
137,54,0,0,0,0,0,0,0,0,0,0,0
138,47,0,0,0,0,0,0,0,0,0,0,0
139,54,0,0,0,0,0,0,0,0,0,0,0
140,47,0,0,0,0,0,0,0,0,0,0,0
141,54,0,0,0,0,0,0,0,0,0,0,0
142,1,0,0,0,0,0,0,0,0,0,0,0
116
3,4
3,6
3,10
3,14
4,5
6,7
7,8
8,9
10,11
14,3
18,24
20,21
20,27
20,30
20,23
20,36
21,22
23,24
24,25
25,26
26,29
27,28
28,29
29,33
30,31
31,34
31,32
32,33
33,34
36,20
39,140
39,106
39,82
39,60
39,57
39,43
40,138
40,92
40,83
40,64
40,45
41,136
41,104
41,84
41,77
41,47
42,134
42,110
42,49
43,44
45,46
47,48
49,50
53,54
53,64
53,62
53,57
53,59
53,67
54,55
57,58
59,60
60,61
62,63
63,65
64,65
67,53
71,72
71,77
71,75
71,80
72,73
75,76
76,78
77,78
80,71
82,85
83,85
84,85
88,89
88,103
88,92
88,119
89,90
92,93
93,94
94,95
98,99
98,106
98,109
98,102
98,115
99,100
102,103
103,104
104,105
105,108
106,107
107,108
108,112
109,110
110,113
110,111
111,112
112,113
115,98
119,88
123,124
123,128
124,125
128,123
133,142
134,135
136,137
138,139
140,141
