62
1,30,32,0,0,0,0,0,0,0,0,0,0
2,30,32,0,0,0,0,0,0,0,0,0,0
3,2,0,0,0,0,0,0,0,0,0,0,0
4,2,0,0,0,0,0,0,0,0,0,0,0
5,53,64,0,1,0,0,0,0,0,0,0,0
6,53,32,1,1,0,0,0,0,0,0,0,0
7,51,1,0,1,0,0,0,0,0,0,0,0
8,2,0,0,1,0,0,0,0,0,0,0,0
9,53,32,1,0,0,0,0,0,0,0,0,0
10,2,0,0,0,0,0,0,0,0,0,0,0
11,32,0,0,1,0,0,0,0,0,0,0,0
12,30,32,0,1,0,0,0,0,0,0,0,0
13,26,32,0,1,0,0,0,0,0,0,0,0
14,28,32,0,1,0,0,0,0,0,0,0,0
15,15,32,0,1,0,0,0,0,0,0,0,0
16,27,32,0,1,0,0,0,0,0,0,0,0
17,32,0,0,1,0,0,0,0,0,0,0,0
18,30,32,0,1,0,0,0,0,0,0,0,0
19,26,32,0,1,0,0,0,0,0,0,0,0
20,51,1,0,1,0,0,0,0,0,0,0,0
21,2,0,0,1,0,0,0,0,0,0,0,0
22,38,64,0,1,0,0,0,0,0,0,0,0
23,32,0,0,1,0,0,0,0,0,0,0,0
24,30,32,0,1,0,0,0,0,0,0,0,0
25,36,32,0,1,0,0,0,0,0,0,0,0
26,54,32,1,1,0,0,0,0,0,0,0,0
27,14,32,1,1,0,0,0,0,0,0,0,0
28,2,0,0,1,0,0,0,0,0,0,0,0
29,53,32,1,1,0,0,0,0,0,0,0,0
30,2,0,0,1,0,0,0,0,0,0,0,0
31,11,64,0,1,0,0,0,0,0,0,0,0
32,2,0,0,1,0,0,0,0,0,0,0,0
33,31,0,0,0,0,0,0,0,0,0,0,0
34,1,0,0,0,0,0,0,0,0,0,0,0
35,21,32,0,0,0,0,0,0,0,0,0,0
36,42,32,1,0,0,0,0,0,0,0,0,0
37,14,32,1,0,0,0,0,0,0,0,0,0
38,52,1,0,0,0,0,0,0,0,0,0,0
39,2,0,0,0,0,0,0,0,0,0,0,0
40,2,0,0,0,0,0,0,0,0,0,0,0
41,14,32,1,0,0,0,0,0,0,0,0,0
42,2,0,0,0,0,0,0,0,0,0,0,0
43,53,32,1,0,0,0,0,0,0,0,0,0
44,18,32,0,0,0,0,0,0,0,0,0,0
45,42,32,1,0,0,0,0,0,0,0,0,0
46,14,32,1,0,0,0,0,0,0,0,0,0
47,52,1,0,0,0,0,0,0,0,0,0,0
48,2,0,0,0,0,0,0,0,0,0,0,0
49,2,0,0,0,0,0,0,0,0,0,0,0
50,14,32,1,0,0,0,0,0,0,0,0,0
51,2,0,0,0,0,0,0,0,0,0,0,0
52,53,32,1,0,0,0,0,0,0,0,0,0
53,52,1,0,0,0,0,0,0,0,0,0,0
54,2,0,0,0,0,0,0,0,0,0,0,0
55,2,0,0,0,0,0,0,0,0,0,0,0
56,2,0,0,0,0,0,0,0,0,0,0,0
57,53,32,1,0,0,0,0,0,0,0,0,0
58,42,32,1,0,0,0,0,0,0,0,0,0
59,16,32,1,0,0,0,0,0,0,0,0,0
60,42,32,1,0,0,0,0,0,0,0,0,0
61,16,32,1,0,0,0,0,0,0,0,0,0
62,1,0,0,0,0,0,0,0,0,0,0,0
56
1,14
2,26
2,22
5,7
5,17
5,11
5,25
5,31
6,9
6,29
6,27
7,8
9,33
11,12
12,19
12,13
13,14
14,15
15,16
16,26
17,18
18,26
19,20
20,21
22,23
23,24
24,26
25,26
26,27
27,29
29,6
31,5
35,36
36,37
37,41
37,43
37,38
38,39
41,43
43,57
43,53
44,45
45,46
46,50
46,52
46,47
47,48
50,52
52,57
52,53
53,54
57,59
58,59
59,61
60,61
61,62
