130
1,2,0,0,0,0,0,0,0,0,0,0,0
2,2,0,0,0,0,0,0,0,0,0,0,0
3,53,64,0,1,0,0,0,0,0,0,0,0
4,53,64,0,1,0,0,0,0,0,0,0,0
5,51,1,0,1,0,0,0,0,0,0,0,0
6,2,0,0,1,0,0,0,0,0,0,0,0
7,2,0,0,0,0,0,0,0,0,0,0,0
8,32,0,0,1,0,0,0,0,0,0,0,0
9,30,32,1,1,0,0,0,0,0,0,0,0
10,2,0,0,1,0,0,0,0,0,0,0,0
11,2,0,0,1,0,0,0,0,0,0,0,0
12,53,64,0,1,0,0,0,0,0,0,0,0
13,53,32,1,1,0,0,0,0,0,0,0,0
14,51,1,0,1,0,0,0,0,0,0,0,0
15,2,0,0,1,0,0,0,0,0,0,0,0
16,53,32,1,1,0,0,0,0,0,0,0,0
17,2,0,0,1,0,0,0,0,0,0,0,0
18,11,64,0,1,0,0,0,0,0,0,0,0
19,32,0,0,1,0,0,0,0,0,0,0,0
20,30,32,1,1,0,0,0,0,0,0,0,0
21,12,32,1,1,0,0,0,0,0,0,0,0
22,2,0,0,1,0,0,0,0,0,0,0,0
23,11,64,0,1,0,0,0,0,0,0,0,0
24,2,0,0,1,0,0,0,0,0,0,0,0
25,36,32,0,1,0,0,0,0,0,0,0,0
26,15,32,0,1,0,0,0,0,0,0,0,0
27,11,32,0,1,0,0,0,0,0,0,0,0
28,37,64,0,1,0,0,0,0,0,0,0,0
29,32,0,0,1,0,0,0,0,0,0,0,0
30,31,0,0,1,0,0,0,0,0,0,0,0
31,11,64,0,1,0,0,0,0,0,0,0,0
32,2,0,0,1,0,0,0,0,0,0,0,0
33,11,64,0,1,0,0,0,0,0,0,0,0
34,2,0,0,1,0,0,0,0,0,0,0,0
35,1,0,0,0,0,0,0,0,0,0,0,0
36,29,0,0,0,0,0,0,0,0,0,0,0
37,29,0,0,0,0,0,0,0,0,0,0,0
38,29,0,0,0,0,0,0,0,0,0,0,0
39,47,0,0,0,0,0,0,0,0,0,0,0
40,54,0,0,0,0,0,0,0,0,0,0,0
41,47,0,0,0,0,0,0,0,0,0,0,0
42,54,0,0,0,0,0,0,0,0,0,0,0
43,47,0,0,0,0,0,0,0,0,0,0,0
44,54,0,0,0,0,0,0,0,0,0,0,0
45,2,0,0,0,0,0,0,0,0,0,0,0
46,2,0,0,0,0,0,0,0,0,0,0,0
47,53,64,0,1,0,0,0,0,0,0,0,0
48,51,1,0,1,0,0,0,0,0,0,0,0
49,2,0,0,1,0,0,0,0,0,0,0,0
50,2,0,0,0,0,0,0,0,0,0,0,0
51,32,0,0,1,0,0,0,0,0,0,0,0
52,31,0,0,1,0,0,0,0,0,0,0,0
53,32,0,0,1,0,0,0,0,0,0,0,0
54,31,0,0,1,0,0,0,0,0,0,0,0
55,32,0,0,1,0,0,0,0,0,0,0,0
56,47,0,0,1,0,0,0,0,0,0,0,0
57,30,32,0,1,0,0,0,0,0,0,0,0
58,32,0,0,1,0,0,0,0,0,0,0,0
59,47,0,0,1,0,0,0,0,0,0,0,0
60,31,0,0,1,0,0,0,0,0,0,0,0
61,2,0,0,1,0,0,0,0,0,0,0,0
62,11,64,0,1,0,0,0,0,0,0,0,0
63,2,0,0,1,0,0,0,0,0,0,0,0
64,2,0,0,0,0,0,0,0,0,0,0,0
65,2,0,0,0,0,0,0,0,0,0,0,0
66,53,64,0,1,0,0,0,0,0,0,0,0
67,53,64,0,1,0,0,0,0,0,0,0,0
68,51,1,0,1,0,0,0,0,0,0,0,0
69,2,0,0,1,0,0,0,0,0,0,0,0
70,2,0,0,0,0,0,0,0,0,0,0,0
71,32,0,0,1,0,0,0,0,0,0,0,0
72,30,32,1,1,0,0,0,0,0,0,0,0
73,2,0,0,1,0,0,0,0,0,0,0,0
74,2,0,0,1,0,0,0,0,0,0,0,0
75,53,64,0,1,0,0,0,0,0,0,0,0
76,53,32,1,1,0,0,0,0,0,0,0,0
77,51,1,0,1,0,0,0,0,0,0,0,0
78,2,0,0,1,0,0,0,0,0,0,0,0
79,53,32,1,1,0,0,0,0,0,0,0,0
80,2,0,0,1,0,0,0,0,0,0,0,0
81,11,64,0,1,0,0,0,0,0,0,0,0
82,32,0,0,1,0,0,0,0,0,0,0,0
83,30,32,1,1,0,0,0,0,0,0,0,0
84,12,32,1,1,0,0,0,0,0,0,0,0
85,2,0,0,1,0,0,0,0,0,0,0,0
86,11,64,0,1,0,0,0,0,0,0,0,0
87,2,0,0,1,0,0,0,0,0,0,0,0
88,36,32,0,1,0,0,0,0,0,0,0,0
89,15,32,0,1,0,0,0,0,0,0,0,0
90,11,32,0,1,0,0,0,0,0,0,0,0
91,37,64,0,1,0,0,0,0,0,0,0,0
92,32,0,0,1,0,0,0,0,0,0,0,0
93,31,0,0,1,0,0,0,0,0,0,0,0
94,11,64,0,1,0,0,0,0,0,0,0,0
95,2,0,0,1,0,0,0,0,0,0,0,0
96,11,64,0,1,0,0,0,0,0,0,0,0
97,2,0,0,1,0,0,0,0,0,0,0,0
98,32,0,0,0,0,0,0,0,0,0,0,0
99,32,0,0,0,0,0,0,0,0,0,0,0
100,54,0,0,0,0,0,0,0,0,0,0,0
101,2,0,0,0,0,0,0,0,0,0,0,0
102,2,0,0,0,0,0,0,0,0,0,0,0
103,53,64,0,1,0,0,0,0,0,0,0,0
104,53,32,0,1,0,0,0,0,0,0,0,0
105,51,1,0,1,0,0,0,0,0,0,0,0
106,2,0,0,1,0,0,0,0,0,0,0,0
107,53,32,0,0,0,0,0,0,0,0,0,0
108,2,0,0,0,0,0,0,0,0,0,0,0
109,32,0,0,1,0,0,0,0,0,0,0,0
110,30,32,1,1,0,0,0,0,0,0,0,0
111,32,0,0,1,0,0,0,0,0,0,0,0
112,30,32,1,1,0,0,0,0,0,0,0,0
113,52,1,0,1,0,0,0,0,0,0,0,0
114,37,32,0,1,0,0,0,0,0,0,0,0
115,11,32,0,1,0,0,0,0,0,0,0,0
116,2,0,0,1,0,0,0,0,0,0,0,0
117,11,64,0,1,0,0,0,0,0,0,0,0
118,2,0,0,1,0,0,0,0,0,0,0,0
119,51,1,0,0,0,0,0,0,0,0,0,0
120,2,0,0,0,0,0,0,0,0,0,0,0
121,2,0,0,0,0,0,0,0,0,0,0,0
122,2,0,0,0,0,0,0,0,0,0,0,0
123,53,32,0,0,0,0,0,0,0,0,0,0
124,47,0,0,0,0,0,0,0,0,0,0,0
125,54,0,0,0,0,0,0,0,0,0,0,0
126,47,0,0,0,0,0,0,0,0,0,0,0
127,54,0,0,0,0,0,0,0,0,0,0,0
128,47,0,0,0,0,0,0,0,0,0,0,0
129,54,0,0,0,0,0,0,0,0,0,0,0
130,1,0,0,0,0,0,0,0,0,0,0,0
119
3,18
3,31
4,5
4,14
4,8
4,25
4,33
5,6
8,9
9,13
12,14
12,18
12,23
13,16
13,21
14,15
16,30
18,19
19,20
20,21
21,13
23,12
25,26
25,26
26,27
27,28
28,29
29,30
31,3
33,4
36,128
36,98
36,82
36,51
36,39
37,126
37,109
37,99
37,55
37,53
37,41
38,124
38,111
38,92
38,71
38,58
38,43
39,40
41,42
43,44
47,48
47,58
47,55
47,53
47,51
47,62
48,49
51,52
53,54
55,56
56,57
57,60
58,59
59,60
62,47
66,81
66,94
67,68
67,77
67,71
67,88
67,96
68,69
71,72
72,76
75,77
75,81
75,86
76,79
76,84
77,78
79,93
81,82
82,83
83,84
84,76
86,75
88,89
88,89
89,90
90,91
91,92
92,93
94,66
96,67
98,100
99,100
103,105
103,111
103,109
103,117
104,107
104,115
105,106
107,119
107,123
109,110
110,113
111,112
112,113
113,114
114,115
115,104
117,103
119,120
123,130
124,125
126,127
128,129
