108
1,2,0,0,0,0,0,0,0,0,0,0,0
2,2,0,0,0,0,0,0,0,0,0,0,0
3,53,64,0,1,0,0,0,0,0,0,0,0
4,53,64,0,1,0,0,0,0,0,0,0,0
5,51,1,0,1,0,0,0,0,0,0,0,0
6,2,0,0,1,0,0,0,0,0,0,0,0
7,2,0,0,0,0,0,0,0,0,0,0,0
8,32,0,0,1,0,0,0,0,0,0,0,0
9,30,32,1,1,0,0,0,0,0,0,0,0
10,32,0,0,1,0,0,0,0,0,0,0,0
11,30,32,1,1,0,0,0,0,0,0,0,0
12,2,0,0,1,0,0,0,0,0,0,0,0
13,2,0,0,1,0,0,0,0,0,0,0,0
14,53,64,0,1,0,0,0,0,0,0,0,0
15,51,1,0,1,0,0,0,0,0,0,0,0
16,2,0,0,1,0,0,0,0,0,0,0,0
17,2,0,0,1,0,0,0,0,0,0,0,0
18,32,0,0,1,0,0,0,0,0,0,0,0
19,30,32,1,1,0,0,0,0,0,0,0,0
20,16,32,1,1,0,0,0,0,0,0,0,0
21,32,0,0,1,0,0,0,0,0,0,0,0
22,30,32,1,1,0,0,0,0,0,0,0,0
23,16,32,1,1,0,0,0,0,0,0,0,0
24,12,32,1,1,0,0,0,0,0,0,0,0
25,11,64,0,1,0,0,0,0,0,0,0,0
26,32,0,0,1,0,0,0,0,0,0,0,0
27,30,32,1,1,0,0,0,0,0,0,0,0
28,12,32,1,1,0,0,0,0,0,0,0,0
29,31,0,0,1,0,0,0,0,0,0,0,0
30,2,0,0,1,0,0,0,0,0,0,0,0
31,11,64,0,1,0,0,0,0,0,0,0,0
32,2,0,0,1,0,0,0,0,0,0,0,0
33,11,64,0,1,0,0,0,0,0,0,0,0
34,2,0,0,1,0,0,0,0,0,0,0,0
35,11,64,0,1,0,0,0,0,0,0,0,0
36,2,0,0,1,0,0,0,0,0,0,0,0
37,2,0,0,0,0,0,0,0,0,0,0,0
38,2,0,0,0,0,0,0,0,0,0,0,0
39,53,64,0,1,0,0,0,0,0,0,0,0
40,51,1,0,1,0,0,0,0,0,0,0,0
41,2,0,0,1,0,0,0,0,0,0,0,0
42,2,0,0,0,0,0,0,0,0,0,0,0
43,32,0,0,1,0,0,0,0,0,0,0,0
44,30,32,1,1,0,0,0,0,0,0,0,0
45,2,0,0,1,0,0,0,0,0,0,0,0
46,2,0,0,1,0,0,0,0,0,0,0,0
47,53,64,0,1,0,0,0,0,0,0,0,0
48,53,64,0,1,0,0,0,0,0,0,0,0
49,53,32,1,1,0,0,0,0,0,0,0,0
50,51,1,0,1,0,0,0,0,0,0,0,0
51,2,0,0,1,0,0,0,0,0,0,0,0
52,53,32,1,1,0,0,0,0,0,0,0,0
53,2,0,0,1,0,0,0,0,0,0,0,0
54,11,64,0,1,0,0,0,0,0,0,0,0
55,32,0,0,1,0,0,0,0,0,0,0,0
56,30,32,1,1,0,0,0,0,0,0,0,0
57,16,32,1,1,0,0,0,0,0,0,0,0
58,32,0,0,1,0,0,0,0,0,0,0,0
59,30,32,1,1,0,0,0,0,0,0,0,0
60,16,32,1,1,0,0,0,0,0,0,0,0
61,12,32,1,1,0,0,0,0,0,0,0,0
62,11,64,0,1,0,0,0,0,0,0,0,0
63,2,0,0,1,0,0,0,0,0,0,0,0
64,11,64,0,1,0,0,0,0,0,0,0,0
65,2,0,0,1,0,0,0,0,0,0,0,0
66,32,0,0,1,0,0,0,0,0,0,0,0
67,30,32,1,1,0,0,0,0,0,0,0,0
68,12,32,1,1,0,0,0,0,0,0,0,0
69,32,0,0,1,0,0,0,0,0,0,0,0
70,31,0,0,1,0,0,0,0,0,0,0,0
71,2,0,0,1,0,0,0,0,0,0,0,0
72,11,64,0,1,0,0,0,0,0,0,0,0
73,2,0,0,1,0,0,0,0,0,0,0,0
74,2,0,0,0,0,0,0,0,0,0,0,0
75,2,0,0,0,0,0,0,0,0,0,0,0
76,53,64,0,1,0,0,0,0,0,0,0,0
77,53,64,0,1,0,0,0,0,0,0,0,0
78,51,1,0,1,0,0,0,0,0,0,0,0
79,2,0,0,1,0,0,0,0,0,0,0,0
80,2,0,0,0,0,0,0,0,0,0,0,0
81,32,0,0,1,0,0,0,0,0,0,0,0
82,30,32,1,1,0,0,0,0,0,0,0,0
83,2,0,0,1,0,0,0,0,0,0,0,0
84,2,0,0,1,0,0,0,0,0,0,0,0
85,53,64,0,1,0,0,0,0,0,0,0,0
86,53,32,1,1,0,0,0,0,0,0,0,0
87,51,1,0,1,0,0,0,0,0,0,0,0
88,2,0,0,1,0,0,0,0,0,0,0,0
89,53,32,1,1,0,0,0,0,0,0,0,0
90,2,0,0,1,0,0,0,0,0,0,0,0
91,11,64,0,1,0,0,0,0,0,0,0,0
92,32,0,0,1,0,0,0,0,0,0,0,0
93,30,32,1,1,0,0,0,0,0,0,0,0
94,16,32,1,1,0,0,0,0,0,0,0,0
95,32,0,0,1,0,0,0,0,0,0,0,0
96,30,32,1,1,0,0,0,0,0,0,0,0
97,16,32,1,1,0,0,0,0,0,0,0,0
98,12,32,1,1,0,0,0,0,0,0,0,0
99,2,0,0,1,0,0,0,0,0,0,0,0
100,11,64,0,1,0,0,0,0,0,0,0,0
101,2,0,0,1,0,0,0,0,0,0,0,0
102,32,0,0,1,0,0,0,0,0,0,0,0
103,31,0,0,1,0,0,0,0,0,0,0,0
104,11,64,0,1,0,0,0,0,0,0,0,0
105,2,0,0,1,0,0,0,0,0,0,0,0
106,11,64,0,1,0,0,0,0,0,0,0,0
107,2,0,0,1,0,0,0,0,0,0,0,0
108,1,0,0,0,0,0,0,0,0,0,0,0
94
3,5
3,10
3,8
3,35
4,25
4,33
5,6
8,9
9,20
10,11
11,23
14,15
14,21
14,18
14,25
14,31
15,16
18,19
19,20
20,24
21,22
22,23
23,24
24,28
25,26
26,29
26,27
27,28
28,29
31,14
33,4
35,3
39,40
39,54
39,69
39,66
39,43
39,72
40,41
43,44
44,49
47,50
47,58
47,64
48,54
48,62
49,52
49,61
50,51
52,68
54,55
55,56
56,57
57,60
58,59
59,60
60,61
61,49
62,48
64,47
66,67
67,68
68,70
69,70
72,39
76,78
76,102
76,81
76,106
77,91
77,104
78,79
81,82
82,86
85,87
85,95
85,91
85,100
86,89
86,98
87,88
89,103
91,92
92,93
93,94
94,97
95,96
96,97
97,98
98,86
100,85
102,103
104,77
106,76
