66
1,2,0,0,0,0,0,0,0,0,0,0,0
2,2,0,0,0,0,0,0,0,0,0,0,0
3,53,64,0,1,0,0,0,0,0,0,0,0
4,51,1,0,1,0,0,0,0,0,0,0,0
5,2,0,0,1,0,0,0,0,0,0,0,0
6,2,0,0,0,0,0,0,0,0,0,0,0
7,32,0,0,1,0,0,0,0,0,0,0,0
8,30,32,0,1,0,0,0,0,0,0,0,0
9,54,32,0,1,0,0,0,0,0,0,0,0
10,32,0,0,1,0,0,0,0,0,0,0,0
11,30,32,0,1,0,0,0,0,0,0,0,0
12,38,64,0,1,0,0,0,0,0,0,0,0
13,32,0,0,1,0,0,0,0,0,0,0,0
14,31,0,0,1,0,0,0,0,0,0,0,0
15,2,0,0,1,0,0,0,0,0,0,0,0
16,11,64,0,1,0,0,0,0,0,0,0,0
17,2,0,0,1,0,0,0,0,0,0,0,0
18,1,0,0,0,0,0,0,0,0,0,0,0
19,11,32,0,0,0,0,0,0,0,0,0,0
20,15,32,0,0,0,0,0,0,0,0,0,0
21,11,32,0,0,0,0,0,0,0,0,0,0
22,15,32,0,0,0,0,0,0,0,0,0,0
23,11,32,0,0,0,0,0,0,0,0,0,0
24,15,32,0,0,0,0,0,0,0,0,0,0
25,11,32,0,0,0,0,0,0,0,0,0,0
26,15,32,0,0,0,0,0,0,0,0,0,0
27,11,32,0,0,0,0,0,0,0,0,0,0
28,15,32,0,0,0,0,0,0,0,0,0,0
29,11,32,0,0,0,0,0,0,0,0,0,0
30,15,32,0,0,0,0,0,0,0,0,0,0
31,11,32,0,0,0,0,0,0,0,0,0,0
32,15,32,0,0,0,0,0,0,0,0,0,0
33,11,32,0,0,0,0,0,0,0,0,0,0
34,1,0,0,0,0,0,0,0,0,0,0,0
35,29,0,0,0,0,0,0,0,0,0,0,0
36,29,0,0,0,0,0,0,0,0,0,0,0
37,47,0,0,0,0,0,0,0,0,0,0,0
38,54,0,0,0,0,0,0,0,0,0,0,0
39,47,0,0,0,0,0,0,0,0,0,0,0
40,54,0,0,0,0,0,0,0,0,0,0,0
41,2,0,0,0,0,0,0,0,0,0,0,0
42,2,0,0,0,0,0,0,0,0,0,0,0
43,53,64,0,1,0,0,0,0,0,0,0,0
44,51,1,0,1,0,0,0,0,0,0,0,0
45,2,0,0,1,0,0,0,0,0,0,0,0
46,2,0,0,0,0,0,0,0,0,0,0,0
47,36,32,0,1,0,0,0,0,0,0,0,0
48,20,32,0,1,0,0,0,0,0,0,0,0
49,11,32,0,1,0,0,0,0,0,0,0,0
50,32,0,0,1,0,0,0,0,0,0,0,0
51,31,0,0,1,0,0,0,0,0,0,0,0
52,54,32,0,1,0,0,0,0,0,0,0,0
53,21,32,0,1,0,0,0,0,0,0,0,0
54,32,0,0,1,0,0,0,0,0,0,0,0
55,31,0,0,1,0,0,0,0,0,0,0,0
56,2,0,0,1,0,0,0,0,0,0,0,0
57,11,64,0,1,0,0,0,0,0,0,0,0
58,2,0,0,1,0,0,0,0,0,0,0,0
59,32,0,0,0,0,0,0,0,0,0,0,0
60,32,0,0,0,0,0,0,0,0,0,0,0
61,54,0,0,0,0,0,0,0,0,0,0,0
62,47,0,0,0,0,0,0,0,0,0,0,0
63,54,0,0,0,0,0,0,0,0,0,0,0
64,47,0,0,0,0,0,0,0,0,0,0,0
65,54,0,0,0,0,0,0,0,0,0,0,0
66,1,0,0,0,0,0,0,0,0,0,0,0
56
3,4
3,10
3,7
3,16
4,5
7,8
8,9
9,14
10,11
11,12
12,13
13,14
16,3
19,20
20,21
21,22
22,23
23,24
24,25
25,26
26,27
27,28
28,29
29,30
30,31
31,32
32,33
33,34
35,64
35,59
35,50
35,37
36,62
36,60
36,54
36,39
37,38
39,40
43,44
43,54
43,50
43,47
43,57
44,45
47,48
48,49
49,51
50,51
52,53
53,55
54,55
57,43
59,61
60,61
62,63
64,65
