44
1,2,0,0,0,0,0,0,0,0,0,0,0
2,2,0,0,0,0,0,0,0,0,0,0,0
3,53,64,0,1,0,0,0,0,0,0,0,0
4,53,64,0,1,0,0,0,0,0,0,0,0
5,51,1,0,1,0,0,0,0,0,0,0,0
6,2,0,0,1,0,0,0,0,0,0,0,0
7,2,0,0,0,0,0,0,0,0,0,0,0
8,2,0,0,1,0,0,0,0,0,0,0,0
9,2,0,0,1,0,0,0,0,0,0,0,0
10,53,64,0,1,0,0,0,0,0,0,0,0
11,53,32,1,1,0,0,0,0,0,0,0,0
12,53,32,1,1,0,0,0,0,0,0,0,0
13,51,1,0,1,0,0,0,0,0,0,0,0
14,2,0,0,1,0,0,0,0,0,0,0,0
15,53,32,1,1,0,0,0,0,0,0,0,0
16,53,32,1,1,0,0,0,0,0,0,0,0
17,2,0,0,1,0,0,0,0,0,0,0,0
18,32,0,0,1,0,0,0,0,0,0,0,0
19,30,32,1,1,0,0,0,0,0,0,0,0
20,11,64,0,1,0,0,0,0,0,0,0,0
21,32,0,0,1,0,0,0,0,0,0,0,0
22,30,32,1,1,0,0,0,0,0,0,0,0
23,16,32,1,1,0,0,0,0,0,0,0,0
24,12,32,1,1,0,0,0,0,0,0,0,0
25,11,64,0,1,0,0,0,0,0,0,0,0
26,32,0,0,1,0,0,0,0,0,0,0,0
27,30,32,1,1,0,0,0,0,0,0,0,0
28,16,32,1,1,0,0,0,0,0,0,0,0
29,12,32,1,1,0,0,0,0,0,0,0,0
30,2,0,0,1,0,0,0,0,0,0,0,0
31,11,64,0,1,0,0,0,0,0,0,0,0
32,2,0,0,1,0,0,0,0,0,0,0,0
33,32,0,0,1,0,0,0,0,0,0,0,0
34,31,0,0,1,0,0,0,0,0,0,0,0
35,16,32,1,1,0,0,0,0,0,0,0,0
36,16,32,1,1,0,0,0,0,0,0,0,0
37,12,32,1,1,0,0,0,0,0,0,0,0
38,32,0,0,1,0,0,0,0,0,0,0,0
39,31,0,0,1,0,0,0,0,0,0,0,0
40,11,64,0,1,0,0,0,0,0,0,0,0
41,2,0,0,1,0,0,0,0,0,0,0,0
42,11,64,0,1,0,0,0,0,0,0,0,0
43,2,0,0,1,0,0,0,0,0,0,0,0
44,1,0,0,0,0,0,0,0,0,0,0,0
42
3,5
3,38
3,33
3,42
4,25
4,20
4,40
5,6
10,13
10,18
10,25
10,20
10,31
11,15
11,24
12,16
12,29
13,14
15,34
15,35
16,36
18,19
19,23
19,28
20,21
21,22
22,23
23,24
24,11
25,26
26,27
27,28
28,29
29,12
31,10
33,34
35,37
36,37
37,39
38,39
40,4
42,3
