32
1,2,0,0,0,0,0,0,0,0,0,0,0
2,2,0,0,0,0,0,0,0,0,0,0,0
3,53,64,0,1,0,0,0,0,0,0,0,0
4,51,1,0,1,0,0,0,0,0,0,0,0
5,2,0,0,1,0,0,0,0,0,0,0,0
6,32,0,0,1,0,0,0,0,0,0,0,0
7,30,32,0,1,0,0,0,0,0,0,0,0
8,38,64,0,1,0,0,0,0,0,0,0,0
9,32,0,0,1,0,0,0,0,0,0,0,0
10,30,64,1,1,0,0,0,0,0,0,0,0
11,52,1,0,1,0,0,0,0,0,0,0,0
12,2,0,0,1,0,0,0,0,0,0,0,0
13,2,0,0,1,0,0,0,0,0,0,0,0
14,54,64,1,1,0,0,0,0,0,0,0,0
15,2,0,0,1,0,0,0,0,0,0,0,0
16,53,64,1,1,0,0,0,0,0,0,0,0
17,32,0,0,1,0,0,0,0,0,0,0,0
18,30,32,0,1,0,0,0,0,0,0,0,0
19,38,64,0,1,0,0,0,0,0,0,0,0
20,32,0,0,1,0,0,0,0,0,0,0,0
21,31,0,0,1,0,0,0,0,0,0,0,0
22,2,0,0,1,0,0,0,0,0,0,0,0
23,11,64,0,1,0,0,0,0,0,0,0,0
24,2,0,0,1,0,0,0,0,0,0,0,0
25,1,0,0,0,0,0,0,0,0,0,0,0
26,16,64,1,0,0,0,0,0,0,0,0,0
27,12,64,1,0,0,0,0,0,0,0,0,0
28,16,64,1,0,0,0,0,0,0,0,0,0
29,16,64,1,0,0,0,0,0,0,0,0,0
30,12,64,1,0,0,0,0,0,0,0,0,0
31,16,64,1,0,0,0,0,0,0,0,0,0
32,1,0,0,0,0,0,0,0,0,0,0,0
25
3,4
3,17
3,6
3,23
4,5
6,7
7,8
8,9
9,10
10,11
10,14
11,12
14,16
16,21
17,18
18,19
19,20
20,21
23,3
26,27
27,28
28,29
29,30
30,31
31,32
