115
1,2,0,0,0,0,0,0,0,0,0,0,0
2,2,0,0,0,0,0,0,0,0,0,0,0
3,53,64,0,1,0,0,0,0,0,0,0,0
4,53,64,0,1,0,0,0,0,0,0,0,0
5,51,1,0,1,0,0,0,0,0,0,0,0
6,2,0,0,1,0,0,0,0,0,0,0,0
7,2,0,0,0,0,0,0,0,0,0,0,0
8,2,0,0,1,0,0,0,0,0,0,0,0
9,2,0,0,1,0,0,0,0,0,0,0,0
10,53,64,0,1,0,0,0,0,0,0,0,0
11,53,32,1,1,0,0,0,0,0,0,0,0
12,51,1,0,1,0,0,0,0,0,0,0,0
13,2,0,0,1,0,0,0,0,0,0,0,0
14,53,32,1,1,0,0,0,0,0,0,0,0
15,2,0,0,1,0,0,0,0,0,0,0,0
16,11,64,0,1,0,0,0,0,0,0,0,0
17,32,0,0,1,0,0,0,0,0,0,0,0
18,30,32,1,1,0,0,0,0,0,0,0,0
19,11,64,0,1,0,0,0,0,0,0,0,0
20,32,0,0,1,0,0,0,0,0,0,0,0
21,30,32,1,1,0,0,0,0,0,0,0,0
22,16,32,1,1,0,0,0,0,0,0,0,0
23,12,32,1,1,0,0,0,0,0,0,0,0
24,2,0,0,1,0,0,0,0,0,0,0,0
25,11,64,0,1,0,0,0,0,0,0,0,0
26,2,0,0,1,0,0,0,0,0,0,0,0
27,12,32,1,1,0,0,0,0,0,0,0,0
28,16,32,1,1,0,0,0,0,0,0,0,0
29,12,32,1,1,0,0,0,0,0,0,0,0
30,16,32,1,1,0,0,0,0,0,0,0,0
31,16,32,1,1,0,0,0,0,0,0,0,0
32,12,32,1,1,0,0,0,0,0,0,0,0
33,11,64,0,1,0,0,0,0,0,0,0,0
34,32,0,0,1,0,0,0,0,0,0,0,0
35,31,0,0,1,0,0,0,0,0,0,0,0
36,2,0,0,1,0,0,0,0,0,0,0,0
37,2,0,0,1,0,0,0,0,0,0,0,0
38,53,64,0,1,0,0,0,0,0,0,0,0
39,51,1,0,1,0,0,0,0,0,0,0,0
40,2,0,0,1,0,0,0,0,0,0,0,0
41,2,0,0,1,0,0,0,0,0,0,0,0
42,11,64,0,1,0,0,0,0,0,0,0,0
43,32,0,0,1,0,0,0,0,0,0,0,0
44,30,32,1,1,0,0,0,0,0,0,0,0
45,11,64,0,1,0,0,0,0,0,0,0,0
46,32,0,0,1,0,0,0,0,0,0,0,0
47,30,32,1,1,0,0,0,0,0,0,0,0
48,19,32,1,1,0,0,0,0,0,0,0,0
49,11,64,0,1,0,0,0,0,0,0,0,0
50,32,0,0,1,0,0,0,0,0,0,0,0
51,31,0,0,1,0,0,0,0,0,0,0,0
52,2,0,0,1,0,0,0,0,0,0,0,0
53,11,64,0,1,0,0,0,0,0,0,0,0
54,2,0,0,1,0,0,0,0,0,0,0,0
55,2,0,0,1,0,0,0,0,0,0,0,0
56,2,0,0,1,0,0,0,0,0,0,0,0
57,53,64,0,1,0,0,0,0,0,0,0,0
58,11,64,0,1,0,0,0,0,0,0,0,0
59,51,1,0,1,0,0,0,0,0,0,0,0
60,2,0,0,1,0,0,0,0,0,0,0,0
61,2,0,0,1,0,0,0,0,0,0,0,0
62,11,64,0,1,0,0,0,0,0,0,0,0
63,32,0,0,1,0,0,0,0,0,0,0,0
64,31,0,0,1,0,0,0,0,0,0,0,0
65,2,0,0,1,0,0,0,0,0,0,0,0
66,2,0,0,1,0,0,0,0,0,0,0,0
67,53,64,0,1,0,0,0,0,0,0,0,0
68,51,1,0,1,0,0,0,0,0,0,0,0
69,2,0,0,1,0,0,0,0,0,0,0,0
70,2,0,0,1,0,0,0,0,0,0,0,0
71,11,64,0,1,0,0,0,0,0,0,0,0
72,32,0,0,1,0,0,0,0,0,0,0,0
73,30,32,1,1,0,0,0,0,0,0,0,0
74,11,64,0,1,0,0,0,0,0,0,0,0
75,32,0,0,1,0,0,0,0,0,0,0,0
76,30,32,1,1,0,0,0,0,0,0,0,0
77,16,32,1,1,0,0,0,0,0,0,0,0
78,11,64,0,1,0,0,0,0,0,0,0,0
79,32,0,0,1,0,0,0,0,0,0,0,0
80,30,32,1,1,0,0,0,0,0,0,0,0
81,12,32,1,1,0,0,0,0,0,0,0,0
82,31,0,0,1,0,0,0,0,0,0,0,0
83,2,0,0,1,0,0,0,0,0,0,0,0
84,11,64,0,1,0,0,0,0,0,0,0,0
85,2,0,0,1,0,0,0,0,0,0,0,0
86,2,0,0,1,0,0,0,0,0,0,0,0
87,2,0,0,1,0,0,0,0,0,0,0,0
88,53,64,0,1,0,0,0,0,0,0,0,0
89,51,1,0,1,0,0,0,0,0,0,0,0
90,2,0,0,1,0,0,0,0,0,0,0,0
91,2,0,0,1,0,0,0,0,0,0,0,0
92,11,64,0,1,0,0,0,0,0,0,0,0
93,32,0,0,1,0,0,0,0,0,0,0,0
94,30,32,1,1,0,0,0,0,0,0,0,0
95,11,64,0,1,0,0,0,0,0,0,0,0
96,32,0,0,1,0,0,0,0,0,0,0,0
97,30,32,1,1,0,0,0,0,0,0,0,0
98,11,64,0,1,0,0,0,0,0,0,0,0
99,32,0,0,1,0,0,0,0,0,0,0,0
100,30,32,1,1,0,0,0,0,0,0,0,0
101,16,32,1,1,0,0,0,0,0,0,0,0
102,14,32,1,1,0,0,0,0,0,0,0,0
103,11,64,0,1,0,0,0,0,0,0,0,0
104,32,0,0,1,0,0,0,0,0,0,0,0
105,31,0,0,1,0,0,0,0,0,0,0,0
106,2,0,0,1,0,0,0,0,0,0,0,0
107,11,64,0,1,0,0,0,0,0,0,0,0
108,2,0,0,1,0,0,0,0,0,0,0,0
109,2,0,0,1,0,0,0,0,0,0,0,0
110,2,0,0,1,0,0,0,0,0,0,0,0
111,11,64,0,1,0,0,0,0,0,0,0,0
112,2,0,0,1,0,0,0,0,0,0,0,0
113,11,64,0,1,0,0,0,0,0,0,0,0
114,2,0,0,1,0,0,0,0,0,0,0,0
115,1,0,0,0,0,0,0,0,0,0,0,0
112
3,45
3,33
3,62
3,78
3,98
3,111
4,5
4,95
4,71
4,49
4,42
4,19
4,16
4,45
4,33
4,57
4,113
5,6
10,12
10,19
10,16
10,25
11,14
11,23
12,13
14,28
14,31
14,27
16,17
17,18
18,22
19,20
20,21
21,22
22,23
23,11
25,10
27,28
28,29
29,30
30,31
31,32
32,35
33,34
34,35
38,39
38,49
38,42
38,53
39,40
42,43
43,44
44,48
45,46
46,47
47,48
48,51
49,50
50,51
53,38
57,59
57,58
58,103
58,92
58,74
58,62
58,78
58,98
58,57
59,60
62,63
63,64
67,68
67,74
67,71
67,84
68,69
71,72
72,73
73,77
74,75
75,76
76,77
77,81
78,79
79,82
79,80
80,81
81,82
84,67
88,89
88,103
88,95
88,92
88,107
89,90
92,93
93,94
94,102
95,96
96,97
97,101
98,99
99,100
100,101
101,102
102,105
103,104
104,105
107,88
111,3
113,4
