50
1,2,0,0,0,0,0,0,0,0,0,0,0
2,2,0,0,0,0,0,0,0,0,0,0,0
3,53,64,0,1,0,0,0,0,0,0,0,0
4,53,64,1,1,0,0,0,0,0,0,0,0
5,51,1,0,1,0,0,0,0,0,0,0,0
6,2,0,0,1,0,0,0,0,0,0,0,0
7,32,0,0,1,0,0,0,0,0,0,0,0
8,30,64,1,1,0,0,0,0,0,0,0,0
9,32,0,0,1,0,0,0,0,0,0,0,0
10,30,64,1,1,0,0,0,0,0,0,0,0
11,12,64,1,1,0,0,0,0,0,0,0,0
12,52,1,0,1,0,0,0,0,0,0,0,0
13,2,0,0,1,0,0,0,0,0,0,0,0
14,54,64,1,1,0,0,0,0,0,0,0,0
15,12,64,1,1,0,0,0,0,0,0,0,0
16,2,0,0,1,0,0,0,0,0,0,0,0
17,53,64,1,1,0,0,0,0,0,0,0,0
18,2,0,0,1,0,0,0,0,0,0,0,0
19,11,64,0,1,0,0,0,0,0,0,0,0
20,2,0,0,1,0,0,0,0,0,0,0,0
21,53,64,1,0,0,0,0,0,0,0,0,0
22,1,0,0,0,0,0,0,0,0,0,0,0
23,52,1,0,0,0,0,0,0,0,0,0,0
24,2,0,0,0,0,0,0,0,0,0,0,0
25,12,64,1,0,0,0,0,0,0,0,0,0
26,16,64,1,0,0,0,0,0,0,0,0,0
27,12,64,1,0,0,0,0,0,0,0,0,0
28,16,64,1,0,0,0,0,0,0,0,0,0
29,12,64,1,0,0,0,0,0,0,0,0,0
30,16,64,1,0,0,0,0,0,0,0,0,0
31,12,64,1,0,0,0,0,0,0,0,0,0
32,16,64,1,0,0,0,0,0,0,0,0,0
33,12,64,1,0,0,0,0,0,0,0,0,0
34,16,64,1,0,0,0,0,0,0,0,0,0
35,12,64,1,0,0,0,0,0,0,0,0,0
36,2,0,0,0,0,0,0,0,0,0,0,0
37,12,64,1,0,0,0,0,0,0,0,0,0
38,16,64,1,0,0,0,0,0,0,0,0,0
39,12,64,1,0,0,0,0,0,0,0,0,0
40,16,64,1,0,0,0,0,0,0,0,0,0
41,12,64,1,0,0,0,0,0,0,0,0,0
42,16,64,1,0,0,0,0,0,0,0,0,0
43,12,64,1,0,0,0,0,0,0,0,0,0
44,16,64,1,0,0,0,0,0,0,0,0,0
45,12,64,1,0,0,0,0,0,0,0,0,0
46,16,64,1,0,0,0,0,0,0,0,0,0
47,12,64,1,0,0,0,0,0,0,0,0,0
48,2,0,0,0,0,0,0,0,0,0,0,0
49,53,64,1,0,0,0,0,0,0,0,0,0
50,1,0,0,0,0,0,0,0,0,0,0,0
44
3,5
3,9
3,7
3,19
4,21
4,17
4,15
5,6
7,8
8,11
9,10
10,11
11,12
11,14
12,13
14,15
15,17
17,4
19,3
21,22
23,24
25,26
26,27
27,28
28,29
29,30
30,31
31,32
32,33
33,34
34,35
35,49
37,38
38,39
39,40
40,41
41,42
42,43
43,44
44,45
45,46
46,47
47,49
49,50
