30
1,2,0,0,0,0,0,0,0,0,0,0,0
2,2,0,0,0,0,0,0,0,0,0,0,0
3,53,64,0,1,0,0,0,0,0,0,0,0
4,51,1,0,1,0,0,0,0,0,0,0,0
5,2,0,0,1,0,0,0,0,0,0,0,0
6,2,0,0,0,0,0,0,0,0,0,0,0
7,32,0,0,1,0,0,0,0,0,0,0,0
8,30,64,1,1,0,0,0,0,0,0,0,0
9,52,1,0,1,0,0,0,0,0,0,0,0
10,2,0,0,1,0,0,0,0,0,0,0,0
11,32,0,0,1,0,0,0,0,0,0,0,0
12,30,32,0,1,0,0,0,0,0,0,0,0
13,38,64,0,1,0,0,0,0,0,0,0,0
14,32,0,0,1,0,0,0,0,0,0,0,0
15,30,64,1,1,0,0,0,0,0,0,0,0
16,36,32,0,1,0,0,0,0,0,0,0,0
17,54,0,0,1,0,0,0,0,0,0,0,0
18,2,0,0,1,0,0,0,0,0,0,0,0
19,2,0,0,1,0,0,0,0,0,0,0,0
20,11,64,0,1,0,0,0,0,0,0,0,0
21,2,0,0,1,0,0,0,0,0,0,0,0
22,1,0,0,0,0,0,0,0,0,0,0,0
23,12,64,1,0,0,0,0,0,0,0,0,0
24,38,64,0,0,0,0,0,0,0,0,0,0
25,32,0,0,0,0,0,0,0,0,0,0,0
26,30,32,0,0,0,0,0,0,0,0,0,0
27,38,64,0,0,0,0,0,0,0,0,0,0
28,32,0,0,0,0,0,0,0,0,0,0,0
29,31,0,0,0,0,0,0,0,0,0,0,0
30,1,0,0,0,0,0,0,0,0,0,0,0
23
3,4
3,11
3,7
3,16
3,20
4,5
7,8
8,9
8,17
9,10
11,12
12,13
13,14
14,15
15,17
16,17
20,3
23,29
24,25
25,26
26,27
27,28
28,29
