116
1,2,0,0,0,0,0,0,0,0,0,0,0
2,2,0,0,0,0,0,0,0,0,0,0,0
3,53,64,0,1,0,0,0,0,0,0,0,0
4,53,32,1,1,0,0,0,0,0,0,0,0
5,51,1,0,1,0,0,0,0,0,0,0,0
6,2,0,0,1,0,0,0,0,0,0,0,0
7,53,32,1,0,0,0,0,0,0,0,0,0
8,2,0,0,0,0,0,0,0,0,0,0,0
9,32,0,0,1,0,0,0,0,0,0,0,0
10,30,32,1,1,0,0,0,0,0,0,0,0
11,52,1,0,1,0,0,0,0,0,0,0,0
12,2,0,0,1,0,0,0,0,0,0,0,0
13,12,32,1,1,0,0,0,0,0,0,0,0
14,2,0,0,1,0,0,0,0,0,0,0,0
15,53,32,1,1,0,0,0,0,0,0,0,0
16,2,0,0,1,0,0,0,0,0,0,0,0
17,11,64,0,1,0,0,0,0,0,0,0,0
18,2,0,0,1,0,0,0,0,0,0,0,0
19,2,0,0,0,0,0,0,0,0,0,0,0
20,2,0,0,0,0,0,0,0,0,0,0,0
21,53,64,0,1,0,0,0,0,0,0,0,0
22,53,32,1,1,0,0,0,0,0,0,0,0
23,51,1,0,1,0,0,0,0,0,0,0,0
24,2,0,0,1,0,0,0,0,0,0,0,0
25,53,32,1,0,0,0,0,0,0,0,0,0
26,2,0,0,0,0,0,0,0,0,0,0,0
27,32,0,0,1,0,0,0,0,0,0,0,0
28,30,32,1,1,0,0,0,0,0,0,0,0
29,52,1,0,1,0,0,0,0,0,0,0,0
30,2,0,0,1,0,0,0,0,0,0,0,0
31,12,32,1,1,0,0,0,0,0,0,0,0
32,2,0,0,1,0,0,0,0,0,0,0,0
33,53,32,1,1,0,0,0,0,0,0,0,0
34,2,0,0,1,0,0,0,0,0,0,0,0
35,11,64,0,1,0,0,0,0,0,0,0,0
36,2,0,0,1,0,0,0,0,0,0,0,0
37,2,0,0,0,0,0,0,0,0,0,0,0
38,2,0,0,0,0,0,0,0,0,0,0,0
39,53,64,0,1,0,0,0,0,0,0,0,0
40,53,32,1,1,0,0,0,0,0,0,0,0
41,51,1,0,1,0,0,0,0,0,0,0,0
42,2,0,0,1,0,0,0,0,0,0,0,0
43,53,32,1,0,0,0,0,0,0,0,0,0
44,2,0,0,0,0,0,0,0,0,0,0,0
45,32,0,0,1,0,0,0,0,0,0,0,0
46,30,32,1,1,0,0,0,0,0,0,0,0
47,52,1,0,1,0,0,0,0,0,0,0,0
48,2,0,0,1,0,0,0,0,0,0,0,0
49,12,32,1,1,0,0,0,0,0,0,0,0
50,2,0,0,1,0,0,0,0,0,0,0,0
51,53,32,1,1,0,0,0,0,0,0,0,0
52,2,0,0,1,0,0,0,0,0,0,0,0
53,11,64,0,1,0,0,0,0,0,0,0,0
54,2,0,0,1,0,0,0,0,0,0,0,0
55,2,0,0,0,0,0,0,0,0,0,0,0
56,2,0,0,0,0,0,0,0,0,0,0,0
57,53,64,0,1,0,0,0,0,0,0,0,0
58,53,32,1,1,0,0,0,0,0,0,0,0
59,51,1,0,1,0,0,0,0,0,0,0,0
60,2,0,0,1,0,0,0,0,0,0,0,0
61,53,32,1,0,0,0,0,0,0,0,0,0
62,2,0,0,0,0,0,0,0,0,0,0,0
63,32,0,0,1,0,0,0,0,0,0,0,0
64,30,32,1,1,0,0,0,0,0,0,0,0
65,52,1,0,1,0,0,0,0,0,0,0,0
66,2,0,0,1,0,0,0,0,0,0,0,0
67,12,32,1,1,0,0,0,0,0,0,0,0
68,2,0,0,1,0,0,0,0,0,0,0,0
69,53,32,1,1,0,0,0,0,0,0,0,0
70,2,0,0,1,0,0,0,0,0,0,0,0
71,11,64,0,1,0,0,0,0,0,0,0,0
72,2,0,0,1,0,0,0,0,0,0,0,0
73,2,0,0,0,0,0,0,0,0,0,0,0
74,2,0,0,0,0,0,0,0,0,0,0,0
75,53,64,0,1,0,0,0,0,0,0,0,0
76,53,32,1,1,0,0,0,0,0,0,0,0
77,51,1,0,1,0,0,0,0,0,0,0,0
78,2,0,0,1,0,0,0,0,0,0,0,0
79,53,32,1,0,0,0,0,0,0,0,0,0
80,2,0,0,0,0,0,0,0,0,0,0,0
81,32,0,0,1,0,0,0,0,0,0,0,0
82,30,32,1,1,0,0,0,0,0,0,0,0
83,52,1,0,1,0,0,0,0,0,0,0,0
84,2,0,0,1,0,0,0,0,0,0,0,0
85,12,32,1,1,0,0,0,0,0,0,0,0
86,2,0,0,1,0,0,0,0,0,0,0,0
87,53,32,1,1,0,0,0,0,0,0,0,0
88,2,0,0,1,0,0,0,0,0,0,0,0
89,11,64,0,1,0,0,0,0,0,0,0,0
90,2,0,0,1,0,0,0,0,0,0,0,0
91,2,0,0,0,0,0,0,0,0,0,0,0
92,2,0,0,0,0,0,0,0,0,0,0,0
93,53,64,0,1,0,0,0,0,0,0,0,0
94,53,32,1,1,0,0,0,0,0,0,0,0
95,51,1,0,1,0,0,0,0,0,0,0,0
96,2,0,0,1,0,0,0,0,0,0,0,0
97,53,32,1,0,0,0,0,0,0,0,0,0
98,2,0,0,0,0,0,0,0,0,0,0,0
99,32,0,0,1,0,0,0,0,0,0,0,0
100,30,32,1,1,0,0,0,0,0,0,0,0
101,52,1,0,1,0,0,0,0,0,0,0,0
102,2,0,0,1,0,0,0,0,0,0,0,0
103,12,32,1,1,0,0,0,0,0,0,0,0
104,2,0,0,1,0,0,0,0,0,0,0,0
105,53,32,1,1,0,0,0,0,0,0,0,0
106,2,0,0,1,0,0,0,0,0,0,0,0
107,11,64,0,1,0,0,0,0,0,0,0,0
108,2,0,0,1,0,0,0,0,0,0,0,0
109,12,32,1,0,0,0,0,0,0,0,0,0
110,12,32,1,0,0,0,0,0,0,0,0,0
111,12,32,1,0,0,0,0,0,0,0,0,0
112,12,32,1,0,0,0,0,0,0,0,0,0
113,12,32,1,0,0,0,0,0,0,0,0,0
114,12,32,1,0,0,0,0,0,0,0,0,0
115,12,32,1,0,0,0,0,0,0,0,0,0
116,1,0,0,0,0,0,0,0,0,0,0,0
97
3,5
3,9
3,17
4,7
4,15
4,13
5,6
7,109
9,10
10,11
10,13
11,12
13,15
15,4
17,3
21,23
21,27
21,35
22,25
22,33
22,31
23,24
25,109
27,28
28,29
28,31
29,30
31,33
33,22
35,21
39,41
39,45
39,53
40,43
40,51
40,49
41,42
43,110
45,46
46,47
46,49
47,48
49,51
51,40
53,39
57,59
57,63
57,71
58,61
58,69
58,67
59,60
61,112
63,64
64,65
64,67
65,66
67,69
69,58
71,57
75,77
75,81
75,89
76,79
76,87
76,85
77,78
79,114
81,82
82,83
82,85
83,84
85,87
87,76
89,75
93,95
93,99
93,107
94,97
94,105
94,103
95,96
97,115
99,100
100,101
100,103
101,102
103,105
105,94
107,93
109,110
110,111
111,112
112,113
113,114
114,115
115,116
