2049
1,2,0,0,0,0,0,0,0,0,0,0,0
2,2,0,0,0,0,0,0,0,0,0,0,0
3,53,64,0,1,0,0,0,0,0,0,0,0
4,51,1,0,1,0,0,0,0,0,0,0,0
5,2,0,0,1,0,0,0,0,0,0,0,0
6,2,0,0,0,0,0,0,0,0,0,0,0
7,2,0,0,1,0,0,0,0,0,0,0,0
8,2,0,0,1,0,0,0,0,0,0,0,0
9,53,64,0,1,0,0,0,0,0,0,0,0
10,53,32,1,1,0,0,0,0,0,0,0,0
11,51,1,0,1,0,0,0,0,0,0,0,0
12,2,0,0,1,0,0,0,0,0,0,0,0
13,53,32,1,1,0,0,0,0,0,0,0,0
14,2,0,0,1,0,0,0,0,0,0,0,0
15,23,64,0,1,0,0,0,0,0,0,0,0
16,11,64,0,1,0,0,0,0,0,0,0,0
17,32,0,0,1,0,0,0,0,0,0,0,0
18,30,32,1,1,0,0,0,0,0,0,0,0
19,23,64,0,1,0,0,0,0,0,0,0,0
20,11,64,0,1,0,0,0,0,0,0,0,0
21,32,0,0,1,0,0,0,0,0,0,0,0
22,30,32,1,1,0,0,0,0,0,0,0,0
23,52,1,0,1,0,0,0,0,0,0,0,0
24,2,0,0,1,0,0,0,0,0,0,0,0
25,52,1,0,1,0,0,0,0,0,0,0,0
26,2,0,0,1,0,0,0,0,0,0,0,0
27,16,32,1,1,0,0,0,0,0,0,0,0
28,12,32,1,1,0,0,0,0,0,0,0,0
29,2,0,0,1,0,0,0,0,0,0,0,0
30,53,32,1,1,0,0,0,0,0,0,0,0
31,2,0,0,1,0,0,0,0,0,0,0,0
32,11,64,0,1,0,0,0,0,0,0,0,0
33,2,0,0,1,0,0,0,0,0,0,0,0
34,23,64,0,1,0,0,0,0,0,0,0,0
35,32,0,0,1,0,0,0,0,0,0,0,0
36,31,0,0,1,0,0,0,0,0,0,0,0
37,2,0,0,1,0,0,0,0,0,0,0,0
38,2,0,0,1,0,0,0,0,0,0,0,0
39,53,64,0,1,0,0,0,0,0,0,0,0
40,53,32,1,1,0,0,0,0,0,0,0,0
41,51,1,0,1,0,0,0,0,0,0,0,0
42,2,0,0,1,0,0,0,0,0,0,0,0
43,53,32,1,1,0,0,0,0,0,0,0,0
44,2,0,0,1,0,0,0,0,0,0,0,0
45,23,64,0,1,0,0,0,0,0,0,0,0
46,11,64,0,1,0,0,0,0,0,0,0,0
47,32,0,0,1,0,0,0,0,0,0,0,0
48,30,32,1,1,0,0,0,0,0,0,0,0
49,23,64,0,1,0,0,0,0,0,0,0,0
50,11,64,0,1,0,0,0,0,0,0,0,0
51,32,0,0,1,0,0,0,0,0,0,0,0
52,30,32,1,1,0,0,0,0,0,0,0,0
53,52,1,0,1,0,0,0,0,0,0,0,0
54,2,0,0,1,0,0,0,0,0,0,0,0
55,52,1,0,1,0,0,0,0,0,0,0,0
56,2,0,0,1,0,0,0,0,0,0,0,0
57,16,32,1,1,0,0,0,0,0,0,0,0
58,12,32,1,1,0,0,0,0,0,0,0,0
59,2,0,0,1,0,0,0,0,0,0,0,0
60,53,32,1,1,0,0,0,0,0,0,0,0
61,2,0,0,1,0,0,0,0,0,0,0,0
62,11,64,0,1,0,0,0,0,0,0,0,0
63,2,0,0,1,0,0,0,0,0,0,0,0
64,23,64,0,1,0,0,0,0,0,0,0,0
65,27,64,0,1,0,0,0,0,0,0,0,0
66,32,0,0,1,0,0,0,0,0,0,0,0
67,31,0,0,1,0,0,0,0,0,0,0,0
68,2,0,0,1,0,0,0,0,0,0,0,0
69,2,0,0,1,0,0,0,0,0,0,0,0
70,53,64,0,1,0,0,0,0,0,0,0,0
71,53,32,1,1,0,0,0,0,0,0,0,0
72,51,1,0,1,0,0,0,0,0,0,0,0
73,2,0,0,1,0,0,0,0,0,0,0,0
74,53,32,1,1,0,0,0,0,0,0,0,0
75,2,0,0,1,0,0,0,0,0,0,0,0
76,23,64,0,1,0,0,0,0,0,0,0,0
77,11,64,0,1,0,0,0,0,0,0,0,0
78,32,0,0,1,0,0,0,0,0,0,0,0
79,30,32,1,1,0,0,0,0,0,0,0,0
80,23,64,0,1,0,0,0,0,0,0,0,0
81,11,64,0,1,0,0,0,0,0,0,0,0
82,32,0,0,1,0,0,0,0,0,0,0,0
83,30,32,1,1,0,0,0,0,0,0,0,0
84,52,1,0,1,0,0,0,0,0,0,0,0
85,2,0,0,1,0,0,0,0,0,0,0,0
86,52,1,0,1,0,0,0,0,0,0,0,0
87,2,0,0,1,0,0,0,0,0,0,0,0
88,16,32,1,1,0,0,0,0,0,0,0,0
89,12,32,1,1,0,0,0,0,0,0,0,0
90,2,0,0,1,0,0,0,0,0,0,0,0
91,53,32,1,1,0,0,0,0,0,0,0,0
92,2,0,0,1,0,0,0,0,0,0,0,0
93,11,64,0,1,0,0,0,0,0,0,0,0
94,2,0,0,1,0,0,0,0,0,0,0,0
95,23,64,0,1,0,0,0,0,0,0,0,0
96,27,64,0,1,0,0,0,0,0,0,0,0
97,32,0,0,1,0,0,0,0,0,0,0,0
98,31,0,0,1,0,0,0,0,0,0,0,0
99,2,0,0,1,0,0,0,0,0,0,0,0
100,2,0,0,1,0,0,0,0,0,0,0,0
101,53,64,0,1,0,0,0,0,0,0,0,0
102,53,32,1,1,0,0,0,0,0,0,0,0
103,51,1,0,1,0,0,0,0,0,0,0,0
104,2,0,0,1,0,0,0,0,0,0,0,0
105,53,32,1,1,0,0,0,0,0,0,0,0
106,2,0,0,1,0,0,0,0,0,0,0,0
107,23,64,0,1,0,0,0,0,0,0,0,0
108,11,64,0,1,0,0,0,0,0,0,0,0
109,32,0,0,1,0,0,0,0,0,0,0,0
110,30,32,1,1,0,0,0,0,0,0,0,0
111,23,64,0,1,0,0,0,0,0,0,0,0
112,11,64,0,1,0,0,0,0,0,0,0,0
113,32,0,0,1,0,0,0,0,0,0,0,0
114,30,32,1,1,0,0,0,0,0,0,0,0
115,52,1,0,1,0,0,0,0,0,0,0,0
116,2,0,0,1,0,0,0,0,0,0,0,0
117,52,1,0,1,0,0,0,0,0,0,0,0
118,2,0,0,1,0,0,0,0,0,0,0,0
119,16,32,1,1,0,0,0,0,0,0,0,0
120,12,32,1,1,0,0,0,0,0,0,0,0
121,2,0,0,1,0,0,0,0,0,0,0,0
122,53,32,1,1,0,0,0,0,0,0,0,0
123,2,0,0,1,0,0,0,0,0,0,0,0
124,11,64,0,1,0,0,0,0,0,0,0,0
125,2,0,0,1,0,0,0,0,0,0,0,0
126,23,64,0,1,0,0,0,0,0,0,0,0
127,27,64,0,1,0,0,0,0,0,0,0,0
128,32,0,0,1,0,0,0,0,0,0,0,0
129,31,0,0,1,0,0,0,0,0,0,0,0
130,2,0,0,1,0,0,0,0,0,0,0,0
131,2,0,0,1,0,0,0,0,0,0,0,0
132,53,64,0,1,0,0,0,0,0,0,0,0
133,53,32,1,1,0,0,0,0,0,0,0,0
134,51,1,0,1,0,0,0,0,0,0,0,0
135,2,0,0,1,0,0,0,0,0,0,0,0
136,53,32,1,1,0,0,0,0,0,0,0,0
137,2,0,0,1,0,0,0,0,0,0,0,0
138,23,64,0,1,0,0,0,0,0,0,0,0
139,11,64,0,1,0,0,0,0,0,0,0,0
140,32,0,0,1,0,0,0,0,0,0,0,0
141,30,32,1,1,0,0,0,0,0,0,0,0
142,23,64,0,1,0,0,0,0,0,0,0,0
143,11,64,0,1,0,0,0,0,0,0,0,0
144,32,0,0,1,0,0,0,0,0,0,0,0
145,30,32,1,1,0,0,0,0,0,0,0,0
146,52,1,0,1,0,0,0,0,0,0,0,0
147,2,0,0,1,0,0,0,0,0,0,0,0
148,52,1,0,1,0,0,0,0,0,0,0,0
149,2,0,0,1,0,0,0,0,0,0,0,0
150,16,32,1,1,0,0,0,0,0,0,0,0
151,12,32,1,1,0,0,0,0,0,0,0,0
152,2,0,0,1,0,0,0,0,0,0,0,0
153,53,32,1,1,0,0,0,0,0,0,0,0
154,2,0,0,1,0,0,0,0,0,0,0,0
155,11,64,0,1,0,0,0,0,0,0,0,0
156,2,0,0,1,0,0,0,0,0,0,0,0
157,23,64,0,1,0,0,0,0,0,0,0,0
158,27,64,0,1,0,0,0,0,0,0,0,0
159,32,0,0,1,0,0,0,0,0,0,0,0
160,31,0,0,1,0,0,0,0,0,0,0,0
161,2,0,0,1,0,0,0,0,0,0,0,0
162,2,0,0,1,0,0,0,0,0,0,0,0
163,53,64,0,1,0,0,0,0,0,0,0,0
164,53,32,1,1,0,0,0,0,0,0,0,0
165,51,1,0,1,0,0,0,0,0,0,0,0
166,2,0,0,1,0,0,0,0,0,0,0,0
167,53,32,1,1,0,0,0,0,0,0,0,0
168,2,0,0,1,0,0,0,0,0,0,0,0
169,23,64,0,1,0,0,0,0,0,0,0,0
170,11,64,0,1,0,0,0,0,0,0,0,0
171,32,0,0,1,0,0,0,0,0,0,0,0
172,30,32,1,1,0,0,0,0,0,0,0,0
173,23,64,0,1,0,0,0,0,0,0,0,0
174,11,64,0,1,0,0,0,0,0,0,0,0
175,32,0,0,1,0,0,0,0,0,0,0,0
176,30,32,1,1,0,0,0,0,0,0,0,0
177,52,1,0,1,0,0,0,0,0,0,0,0
178,2,0,0,1,0,0,0,0,0,0,0,0
179,52,1,0,1,0,0,0,0,0,0,0,0
180,2,0,0,1,0,0,0,0,0,0,0,0
181,16,32,1,1,0,0,0,0,0,0,0,0
182,12,32,1,1,0,0,0,0,0,0,0,0
183,2,0,0,1,0,0,0,0,0,0,0,0
184,53,32,1,1,0,0,0,0,0,0,0,0
185,2,0,0,1,0,0,0,0,0,0,0,0
186,11,64,0,1,0,0,0,0,0,0,0,0
187,2,0,0,1,0,0,0,0,0,0,0,0
188,23,64,0,1,0,0,0,0,0,0,0,0
189,27,64,0,1,0,0,0,0,0,0,0,0
190,32,0,0,1,0,0,0,0,0,0,0,0
191,31,0,0,1,0,0,0,0,0,0,0,0
192,2,0,0,1,0,0,0,0,0,0,0,0
193,2,0,0,1,0,0,0,0,0,0,0,0
194,53,64,0,1,0,0,0,0,0,0,0,0
195,53,32,1,1,0,0,0,0,0,0,0,0
196,51,1,0,1,0,0,0,0,0,0,0,0
197,2,0,0,1,0,0,0,0,0,0,0,0
198,53,32,1,1,0,0,0,0,0,0,0,0
199,2,0,0,1,0,0,0,0,0,0,0,0
200,23,64,0,1,0,0,0,0,0,0,0,0
201,11,64,0,1,0,0,0,0,0,0,0,0
202,32,0,0,1,0,0,0,0,0,0,0,0
203,30,32,1,1,0,0,0,0,0,0,0,0
204,23,64,0,1,0,0,0,0,0,0,0,0
205,11,64,0,1,0,0,0,0,0,0,0,0
206,32,0,0,1,0,0,0,0,0,0,0,0
207,30,32,1,1,0,0,0,0,0,0,0,0
208,52,1,0,1,0,0,0,0,0,0,0,0
209,2,0,0,1,0,0,0,0,0,0,0,0
210,52,1,0,1,0,0,0,0,0,0,0,0
211,2,0,0,1,0,0,0,0,0,0,0,0
212,16,32,1,1,0,0,0,0,0,0,0,0
213,12,32,1,1,0,0,0,0,0,0,0,0
214,2,0,0,1,0,0,0,0,0,0,0,0
215,53,32,1,1,0,0,0,0,0,0,0,0
216,2,0,0,1,0,0,0,0,0,0,0,0
217,11,64,0,1,0,0,0,0,0,0,0,0
218,2,0,0,1,0,0,0,0,0,0,0,0
219,23,64,0,1,0,0,0,0,0,0,0,0
220,27,64,0,1,0,0,0,0,0,0,0,0
221,32,0,0,1,0,0,0,0,0,0,0,0
222,31,0,0,1,0,0,0,0,0,0,0,0
223,2,0,0,1,0,0,0,0,0,0,0,0
224,2,0,0,1,0,0,0,0,0,0,0,0
225,53,64,0,1,0,0,0,0,0,0,0,0
226,53,32,1,1,0,0,0,0,0,0,0,0
227,51,1,0,1,0,0,0,0,0,0,0,0
228,2,0,0,1,0,0,0,0,0,0,0,0
229,53,32,1,1,0,0,0,0,0,0,0,0
230,2,0,0,1,0,0,0,0,0,0,0,0
231,23,64,0,1,0,0,0,0,0,0,0,0
232,11,64,0,1,0,0,0,0,0,0,0,0
233,32,0,0,1,0,0,0,0,0,0,0,0
234,30,32,1,1,0,0,0,0,0,0,0,0
235,23,64,0,1,0,0,0,0,0,0,0,0
236,11,64,0,1,0,0,0,0,0,0,0,0
237,32,0,0,1,0,0,0,0,0,0,0,0
238,30,32,1,1,0,0,0,0,0,0,0,0
239,52,1,0,1,0,0,0,0,0,0,0,0
240,2,0,0,1,0,0,0,0,0,0,0,0
241,52,1,0,1,0,0,0,0,0,0,0,0
242,2,0,0,1,0,0,0,0,0,0,0,0
243,16,32,1,1,0,0,0,0,0,0,0,0
244,12,32,1,1,0,0,0,0,0,0,0,0
245,2,0,0,1,0,0,0,0,0,0,0,0
246,53,32,1,1,0,0,0,0,0,0,0,0
247,2,0,0,1,0,0,0,0,0,0,0,0
248,11,64,0,1,0,0,0,0,0,0,0,0
249,2,0,0,1,0,0,0,0,0,0,0,0
250,23,64,0,1,0,0,0,0,0,0,0,0
251,27,64,0,1,0,0,0,0,0,0,0,0
252,32,0,0,1,0,0,0,0,0,0,0,0
253,31,0,0,1,0,0,0,0,0,0,0,0
254,2,0,0,1,0,0,0,0,0,0,0,0
255,11,64,0,1,0,0,0,0,0,0,0,0
256,2,0,0,1,0,0,0,0,0,0,0,0
257,2,0,0,0,0,0,0,0,0,0,0,0
258,2,0,0,0,0,0,0,0,0,0,0,0
259,53,64,0,1,0,0,0,0,0,0,0,0
260,51,1,0,1,0,0,0,0,0,0,0,0
261,2,0,0,1,0,0,0,0,0,0,0,0
262,2,0,0,0,0,0,0,0,0,0,0,0
263,2,0,0,1,0,0,0,0,0,0,0,0
264,2,0,0,1,0,0,0,0,0,0,0,0
265,53,64,0,1,0,0,0,0,0,0,0,0
266,53,32,1,1,0,0,0,0,0,0,0,0
267,51,1,0,1,0,0,0,0,0,0,0,0
268,2,0,0,1,0,0,0,0,0,0,0,0
269,53,32,1,1,0,0,0,0,0,0,0,0
270,2,0,0,1,0,0,0,0,0,0,0,0
271,23,64,0,1,0,0,0,0,0,0,0,0
272,11,64,0,1,0,0,0,0,0,0,0,0
273,32,0,0,1,0,0,0,0,0,0,0,0
274,30,32,1,1,0,0,0,0,0,0,0,0
275,23,64,0,1,0,0,0,0,0,0,0,0
276,11,64,0,1,0,0,0,0,0,0,0,0
277,32,0,0,1,0,0,0,0,0,0,0,0
278,30,32,1,1,0,0,0,0,0,0,0,0
279,52,1,0,1,0,0,0,0,0,0,0,0
280,2,0,0,1,0,0,0,0,0,0,0,0
281,52,1,0,1,0,0,0,0,0,0,0,0
282,2,0,0,1,0,0,0,0,0,0,0,0
283,16,32,1,1,0,0,0,0,0,0,0,0
284,12,32,1,1,0,0,0,0,0,0,0,0
285,2,0,0,1,0,0,0,0,0,0,0,0
286,53,32,1,1,0,0,0,0,0,0,0,0
287,2,0,0,1,0,0,0,0,0,0,0,0
288,11,64,0,1,0,0,0,0,0,0,0,0
289,2,0,0,1,0,0,0,0,0,0,0,0
290,23,64,0,1,0,0,0,0,0,0,0,0
291,32,0,0,1,0,0,0,0,0,0,0,0
292,31,0,0,1,0,0,0,0,0,0,0,0
293,2,0,0,1,0,0,0,0,0,0,0,0
294,2,0,0,1,0,0,0,0,0,0,0,0
295,53,64,0,1,0,0,0,0,0,0,0,0
296,53,32,1,1,0,0,0,0,0,0,0,0
297,51,1,0,1,0,0,0,0,0,0,0,0
298,2,0,0,1,0,0,0,0,0,0,0,0
299,53,32,1,1,0,0,0,0,0,0,0,0
300,2,0,0,1,0,0,0,0,0,0,0,0
301,23,64,0,1,0,0,0,0,0,0,0,0
302,11,64,0,1,0,0,0,0,0,0,0,0
303,32,0,0,1,0,0,0,0,0,0,0,0
304,30,32,1,1,0,0,0,0,0,0,0,0
305,23,64,0,1,0,0,0,0,0,0,0,0
306,11,64,0,1,0,0,0,0,0,0,0,0
307,32,0,0,1,0,0,0,0,0,0,0,0
308,30,32,1,1,0,0,0,0,0,0,0,0
309,52,1,0,1,0,0,0,0,0,0,0,0
310,2,0,0,1,0,0,0,0,0,0,0,0
311,52,1,0,1,0,0,0,0,0,0,0,0
312,2,0,0,1,0,0,0,0,0,0,0,0
313,16,32,1,1,0,0,0,0,0,0,0,0
314,12,32,1,1,0,0,0,0,0,0,0,0
315,2,0,0,1,0,0,0,0,0,0,0,0
316,53,32,1,1,0,0,0,0,0,0,0,0
317,2,0,0,1,0,0,0,0,0,0,0,0
318,11,64,0,1,0,0,0,0,0,0,0,0
319,2,0,0,1,0,0,0,0,0,0,0,0
320,23,64,0,1,0,0,0,0,0,0,0,0
321,27,64,0,1,0,0,0,0,0,0,0,0
322,32,0,0,1,0,0,0,0,0,0,0,0
323,31,0,0,1,0,0,0,0,0,0,0,0
324,2,0,0,1,0,0,0,0,0,0,0,0
325,2,0,0,1,0,0,0,0,0,0,0,0
326,53,64,0,1,0,0,0,0,0,0,0,0
327,53,32,1,1,0,0,0,0,0,0,0,0
328,51,1,0,1,0,0,0,0,0,0,0,0
329,2,0,0,1,0,0,0,0,0,0,0,0
330,53,32,1,1,0,0,0,0,0,0,0,0
331,2,0,0,1,0,0,0,0,0,0,0,0
332,23,64,0,1,0,0,0,0,0,0,0,0
333,11,64,0,1,0,0,0,0,0,0,0,0
334,32,0,0,1,0,0,0,0,0,0,0,0
335,30,32,1,1,0,0,0,0,0,0,0,0
336,23,64,0,1,0,0,0,0,0,0,0,0
337,11,64,0,1,0,0,0,0,0,0,0,0
338,32,0,0,1,0,0,0,0,0,0,0,0
339,30,32,1,1,0,0,0,0,0,0,0,0
340,52,1,0,1,0,0,0,0,0,0,0,0
341,2,0,0,1,0,0,0,0,0,0,0,0
342,52,1,0,1,0,0,0,0,0,0,0,0
343,2,0,0,1,0,0,0,0,0,0,0,0
344,16,32,1,1,0,0,0,0,0,0,0,0
345,12,32,1,1,0,0,0,0,0,0,0,0
346,2,0,0,1,0,0,0,0,0,0,0,0
347,53,32,1,1,0,0,0,0,0,0,0,0
348,2,0,0,1,0,0,0,0,0,0,0,0
349,11,64,0,1,0,0,0,0,0,0,0,0
350,2,0,0,1,0,0,0,0,0,0,0,0
351,23,64,0,1,0,0,0,0,0,0,0,0
352,27,64,0,1,0,0,0,0,0,0,0,0
353,32,0,0,1,0,0,0,0,0,0,0,0
354,31,0,0,1,0,0,0,0,0,0,0,0
355,2,0,0,1,0,0,0,0,0,0,0,0
356,2,0,0,1,0,0,0,0,0,0,0,0
357,53,64,0,1,0,0,0,0,0,0,0,0
358,53,32,1,1,0,0,0,0,0,0,0,0
359,51,1,0,1,0,0,0,0,0,0,0,0
360,2,0,0,1,0,0,0,0,0,0,0,0
361,53,32,1,1,0,0,0,0,0,0,0,0
362,2,0,0,1,0,0,0,0,0,0,0,0
363,23,64,0,1,0,0,0,0,0,0,0,0
364,11,64,0,1,0,0,0,0,0,0,0,0
365,32,0,0,1,0,0,0,0,0,0,0,0
366,30,32,1,1,0,0,0,0,0,0,0,0
367,23,64,0,1,0,0,0,0,0,0,0,0
368,11,64,0,1,0,0,0,0,0,0,0,0
369,32,0,0,1,0,0,0,0,0,0,0,0
370,30,32,1,1,0,0,0,0,0,0,0,0
371,52,1,0,1,0,0,0,0,0,0,0,0
372,2,0,0,1,0,0,0,0,0,0,0,0
373,52,1,0,1,0,0,0,0,0,0,0,0
374,2,0,0,1,0,0,0,0,0,0,0,0
375,16,32,1,1,0,0,0,0,0,0,0,0
376,12,32,1,1,0,0,0,0,0,0,0,0
377,2,0,0,1,0,0,0,0,0,0,0,0
378,53,32,1,1,0,0,0,0,0,0,0,0
379,2,0,0,1,0,0,0,0,0,0,0,0
380,11,64,0,1,0,0,0,0,0,0,0,0
381,2,0,0,1,0,0,0,0,0,0,0,0
382,23,64,0,1,0,0,0,0,0,0,0,0
383,27,64,0,1,0,0,0,0,0,0,0,0
384,32,0,0,1,0,0,0,0,0,0,0,0
385,31,0,0,1,0,0,0,0,0,0,0,0
386,2,0,0,1,0,0,0,0,0,0,0,0
387,2,0,0,1,0,0,0,0,0,0,0,0
388,53,64,0,1,0,0,0,0,0,0,0,0
389,53,32,1,1,0,0,0,0,0,0,0,0
390,51,1,0,1,0,0,0,0,0,0,0,0
391,2,0,0,1,0,0,0,0,0,0,0,0
392,53,32,1,1,0,0,0,0,0,0,0,0
393,2,0,0,1,0,0,0,0,0,0,0,0
394,23,64,0,1,0,0,0,0,0,0,0,0
395,11,64,0,1,0,0,0,0,0,0,0,0
396,32,0,0,1,0,0,0,0,0,0,0,0
397,30,32,1,1,0,0,0,0,0,0,0,0
398,23,64,0,1,0,0,0,0,0,0,0,0
399,11,64,0,1,0,0,0,0,0,0,0,0
400,32,0,0,1,0,0,0,0,0,0,0,0
401,30,32,1,1,0,0,0,0,0,0,0,0
402,52,1,0,1,0,0,0,0,0,0,0,0
403,2,0,0,1,0,0,0,0,0,0,0,0
404,52,1,0,1,0,0,0,0,0,0,0,0
405,2,0,0,1,0,0,0,0,0,0,0,0
406,16,32,1,1,0,0,0,0,0,0,0,0
407,12,32,1,1,0,0,0,0,0,0,0,0
408,2,0,0,1,0,0,0,0,0,0,0,0
409,53,32,1,1,0,0,0,0,0,0,0,0
410,2,0,0,1,0,0,0,0,0,0,0,0
411,11,64,0,1,0,0,0,0,0,0,0,0
412,2,0,0,1,0,0,0,0,0,0,0,0
413,23,64,0,1,0,0,0,0,0,0,0,0
414,27,64,0,1,0,0,0,0,0,0,0,0
415,32,0,0,1,0,0,0,0,0,0,0,0
416,31,0,0,1,0,0,0,0,0,0,0,0
417,2,0,0,1,0,0,0,0,0,0,0,0
418,2,0,0,1,0,0,0,0,0,0,0,0
419,53,64,0,1,0,0,0,0,0,0,0,0
420,53,32,1,1,0,0,0,0,0,0,0,0
421,51,1,0,1,0,0,0,0,0,0,0,0
422,2,0,0,1,0,0,0,0,0,0,0,0
423,53,32,1,1,0,0,0,0,0,0,0,0
424,2,0,0,1,0,0,0,0,0,0,0,0
425,23,64,0,1,0,0,0,0,0,0,0,0
426,11,64,0,1,0,0,0,0,0,0,0,0
427,32,0,0,1,0,0,0,0,0,0,0,0
428,30,32,1,1,0,0,0,0,0,0,0,0
429,23,64,0,1,0,0,0,0,0,0,0,0
430,11,64,0,1,0,0,0,0,0,0,0,0
431,32,0,0,1,0,0,0,0,0,0,0,0
432,30,32,1,1,0,0,0,0,0,0,0,0
433,52,1,0,1,0,0,0,0,0,0,0,0
434,2,0,0,1,0,0,0,0,0,0,0,0
435,52,1,0,1,0,0,0,0,0,0,0,0
436,2,0,0,1,0,0,0,0,0,0,0,0
437,16,32,1,1,0,0,0,0,0,0,0,0
438,12,32,1,1,0,0,0,0,0,0,0,0
439,2,0,0,1,0,0,0,0,0,0,0,0
440,53,32,1,1,0,0,0,0,0,0,0,0
441,2,0,0,1,0,0,0,0,0,0,0,0
442,11,64,0,1,0,0,0,0,0,0,0,0
443,2,0,0,1,0,0,0,0,0,0,0,0
444,23,64,0,1,0,0,0,0,0,0,0,0
445,27,64,0,1,0,0,0,0,0,0,0,0
446,32,0,0,1,0,0,0,0,0,0,0,0
447,31,0,0,1,0,0,0,0,0,0,0,0
448,2,0,0,1,0,0,0,0,0,0,0,0
449,2,0,0,1,0,0,0,0,0,0,0,0
450,53,64,0,1,0,0,0,0,0,0,0,0
451,53,32,1,1,0,0,0,0,0,0,0,0
452,51,1,0,1,0,0,0,0,0,0,0,0
453,2,0,0,1,0,0,0,0,0,0,0,0
454,53,32,1,1,0,0,0,0,0,0,0,0
455,2,0,0,1,0,0,0,0,0,0,0,0
456,23,64,0,1,0,0,0,0,0,0,0,0
457,11,64,0,1,0,0,0,0,0,0,0,0
458,32,0,0,1,0,0,0,0,0,0,0,0
459,30,32,1,1,0,0,0,0,0,0,0,0
460,23,64,0,1,0,0,0,0,0,0,0,0
461,11,64,0,1,0,0,0,0,0,0,0,0
462,32,0,0,1,0,0,0,0,0,0,0,0
463,30,32,1,1,0,0,0,0,0,0,0,0
464,52,1,0,1,0,0,0,0,0,0,0,0
465,2,0,0,1,0,0,0,0,0,0,0,0
466,52,1,0,1,0,0,0,0,0,0,0,0
467,2,0,0,1,0,0,0,0,0,0,0,0
468,16,32,1,1,0,0,0,0,0,0,0,0
469,12,32,1,1,0,0,0,0,0,0,0,0
470,2,0,0,1,0,0,0,0,0,0,0,0
471,53,32,1,1,0,0,0,0,0,0,0,0
472,2,0,0,1,0,0,0,0,0,0,0,0
473,11,64,0,1,0,0,0,0,0,0,0,0
474,2,0,0,1,0,0,0,0,0,0,0,0
475,23,64,0,1,0,0,0,0,0,0,0,0
476,27,64,0,1,0,0,0,0,0,0,0,0
477,32,0,0,1,0,0,0,0,0,0,0,0
478,31,0,0,1,0,0,0,0,0,0,0,0
479,2,0,0,1,0,0,0,0,0,0,0,0
480,2,0,0,1,0,0,0,0,0,0,0,0
481,53,64,0,1,0,0,0,0,0,0,0,0
482,53,32,1,1,0,0,0,0,0,0,0,0
483,51,1,0,1,0,0,0,0,0,0,0,0
484,2,0,0,1,0,0,0,0,0,0,0,0
485,53,32,1,1,0,0,0,0,0,0,0,0
486,2,0,0,1,0,0,0,0,0,0,0,0
487,23,64,0,1,0,0,0,0,0,0,0,0
488,11,64,0,1,0,0,0,0,0,0,0,0
489,32,0,0,1,0,0,0,0,0,0,0,0
490,30,32,1,1,0,0,0,0,0,0,0,0
491,23,64,0,1,0,0,0,0,0,0,0,0
492,11,64,0,1,0,0,0,0,0,0,0,0
493,32,0,0,1,0,0,0,0,0,0,0,0
494,30,32,1,1,0,0,0,0,0,0,0,0
495,52,1,0,1,0,0,0,0,0,0,0,0
496,2,0,0,1,0,0,0,0,0,0,0,0
497,52,1,0,1,0,0,0,0,0,0,0,0
498,2,0,0,1,0,0,0,0,0,0,0,0
499,16,32,1,1,0,0,0,0,0,0,0,0
500,12,32,1,1,0,0,0,0,0,0,0,0
501,2,0,0,1,0,0,0,0,0,0,0,0
502,53,32,1,1,0,0,0,0,0,0,0,0
503,2,0,0,1,0,0,0,0,0,0,0,0
504,11,64,0,1,0,0,0,0,0,0,0,0
505,2,0,0,1,0,0,0,0,0,0,0,0
506,23,64,0,1,0,0,0,0,0,0,0,0
507,27,64,0,1,0,0,0,0,0,0,0,0
508,32,0,0,1,0,0,0,0,0,0,0,0
509,31,0,0,1,0,0,0,0,0,0,0,0
510,2,0,0,1,0,0,0,0,0,0,0,0
511,11,64,0,1,0,0,0,0,0,0,0,0
512,2,0,0,1,0,0,0,0,0,0,0,0
513,2,0,0,0,0,0,0,0,0,0,0,0
514,2,0,0,0,0,0,0,0,0,0,0,0
515,53,64,0,1,0,0,0,0,0,0,0,0
516,51,1,0,1,0,0,0,0,0,0,0,0
517,2,0,0,1,0,0,0,0,0,0,0,0
518,2,0,0,0,0,0,0,0,0,0,0,0
519,2,0,0,1,0,0,0,0,0,0,0,0
520,2,0,0,1,0,0,0,0,0,0,0,0
521,53,64,0,1,0,0,0,0,0,0,0,0
522,53,32,1,1,0,0,0,0,0,0,0,0
523,51,1,0,1,0,0,0,0,0,0,0,0
524,2,0,0,1,0,0,0,0,0,0,0,0
525,53,32,1,1,0,0,0,0,0,0,0,0
526,2,0,0,1,0,0,0,0,0,0,0,0
527,23,64,0,1,0,0,0,0,0,0,0,0
528,11,64,0,1,0,0,0,0,0,0,0,0
529,32,0,0,1,0,0,0,0,0,0,0,0
530,30,32,1,1,0,0,0,0,0,0,0,0
531,23,64,0,1,0,0,0,0,0,0,0,0
532,11,64,0,1,0,0,0,0,0,0,0,0
533,32,0,0,1,0,0,0,0,0,0,0,0
534,30,32,1,1,0,0,0,0,0,0,0,0
535,52,1,0,1,0,0,0,0,0,0,0,0
536,2,0,0,1,0,0,0,0,0,0,0,0
537,52,1,0,1,0,0,0,0,0,0,0,0
538,2,0,0,1,0,0,0,0,0,0,0,0
539,16,32,1,1,0,0,0,0,0,0,0,0
540,12,32,1,1,0,0,0,0,0,0,0,0
541,2,0,0,1,0,0,0,0,0,0,0,0
542,53,32,1,1,0,0,0,0,0,0,0,0
543,2,0,0,1,0,0,0,0,0,0,0,0
544,11,64,0,1,0,0,0,0,0,0,0,0
545,2,0,0,1,0,0,0,0,0,0,0,0
546,23,64,0,1,0,0,0,0,0,0,0,0
547,32,0,0,1,0,0,0,0,0,0,0,0
548,31,0,0,1,0,0,0,0,0,0,0,0
549,2,0,0,1,0,0,0,0,0,0,0,0
550,2,0,0,1,0,0,0,0,0,0,0,0
551,53,64,0,1,0,0,0,0,0,0,0,0
552,53,32,1,1,0,0,0,0,0,0,0,0
553,51,1,0,1,0,0,0,0,0,0,0,0
554,2,0,0,1,0,0,0,0,0,0,0,0
555,53,32,1,1,0,0,0,0,0,0,0,0
556,2,0,0,1,0,0,0,0,0,0,0,0
557,23,64,0,1,0,0,0,0,0,0,0,0
558,11,64,0,1,0,0,0,0,0,0,0,0
559,32,0,0,1,0,0,0,0,0,0,0,0
560,30,32,1,1,0,0,0,0,0,0,0,0
561,23,64,0,1,0,0,0,0,0,0,0,0
562,11,64,0,1,0,0,0,0,0,0,0,0
563,32,0,0,1,0,0,0,0,0,0,0,0
564,30,32,1,1,0,0,0,0,0,0,0,0
565,52,1,0,1,0,0,0,0,0,0,0,0
566,2,0,0,1,0,0,0,0,0,0,0,0
567,52,1,0,1,0,0,0,0,0,0,0,0
568,2,0,0,1,0,0,0,0,0,0,0,0
569,16,32,1,1,0,0,0,0,0,0,0,0
570,12,32,1,1,0,0,0,0,0,0,0,0
571,2,0,0,1,0,0,0,0,0,0,0,0
572,53,32,1,1,0,0,0,0,0,0,0,0
573,2,0,0,1,0,0,0,0,0,0,0,0
574,11,64,0,1,0,0,0,0,0,0,0,0
575,2,0,0,1,0,0,0,0,0,0,0,0
576,23,64,0,1,0,0,0,0,0,0,0,0
577,27,64,0,1,0,0,0,0,0,0,0,0
578,32,0,0,1,0,0,0,0,0,0,0,0
579,31,0,0,1,0,0,0,0,0,0,0,0
580,2,0,0,1,0,0,0,0,0,0,0,0
581,2,0,0,1,0,0,0,0,0,0,0,0
582,53,64,0,1,0,0,0,0,0,0,0,0
583,53,32,1,1,0,0,0,0,0,0,0,0
584,51,1,0,1,0,0,0,0,0,0,0,0
585,2,0,0,1,0,0,0,0,0,0,0,0
586,53,32,1,1,0,0,0,0,0,0,0,0
587,2,0,0,1,0,0,0,0,0,0,0,0
588,23,64,0,1,0,0,0,0,0,0,0,0
589,11,64,0,1,0,0,0,0,0,0,0,0
590,32,0,0,1,0,0,0,0,0,0,0,0
591,30,32,1,1,0,0,0,0,0,0,0,0
592,23,64,0,1,0,0,0,0,0,0,0,0
593,11,64,0,1,0,0,0,0,0,0,0,0
594,32,0,0,1,0,0,0,0,0,0,0,0
595,30,32,1,1,0,0,0,0,0,0,0,0
596,52,1,0,1,0,0,0,0,0,0,0,0
597,2,0,0,1,0,0,0,0,0,0,0,0
598,52,1,0,1,0,0,0,0,0,0,0,0
599,2,0,0,1,0,0,0,0,0,0,0,0
600,16,32,1,1,0,0,0,0,0,0,0,0
601,12,32,1,1,0,0,0,0,0,0,0,0
602,2,0,0,1,0,0,0,0,0,0,0,0
603,53,32,1,1,0,0,0,0,0,0,0,0
604,2,0,0,1,0,0,0,0,0,0,0,0
605,11,64,0,1,0,0,0,0,0,0,0,0
606,2,0,0,1,0,0,0,0,0,0,0,0
607,23,64,0,1,0,0,0,0,0,0,0,0
608,27,64,0,1,0,0,0,0,0,0,0,0
609,32,0,0,1,0,0,0,0,0,0,0,0
610,31,0,0,1,0,0,0,0,0,0,0,0
611,2,0,0,1,0,0,0,0,0,0,0,0
612,2,0,0,1,0,0,0,0,0,0,0,0
613,53,64,0,1,0,0,0,0,0,0,0,0
614,53,32,1,1,0,0,0,0,0,0,0,0
615,51,1,0,1,0,0,0,0,0,0,0,0
616,2,0,0,1,0,0,0,0,0,0,0,0
617,53,32,1,1,0,0,0,0,0,0,0,0
618,2,0,0,1,0,0,0,0,0,0,0,0
619,23,64,0,1,0,0,0,0,0,0,0,0
620,11,64,0,1,0,0,0,0,0,0,0,0
621,32,0,0,1,0,0,0,0,0,0,0,0
622,30,32,1,1,0,0,0,0,0,0,0,0
623,23,64,0,1,0,0,0,0,0,0,0,0
624,11,64,0,1,0,0,0,0,0,0,0,0
625,32,0,0,1,0,0,0,0,0,0,0,0
626,30,32,1,1,0,0,0,0,0,0,0,0
627,52,1,0,1,0,0,0,0,0,0,0,0
628,2,0,0,1,0,0,0,0,0,0,0,0
629,52,1,0,1,0,0,0,0,0,0,0,0
630,2,0,0,1,0,0,0,0,0,0,0,0
631,16,32,1,1,0,0,0,0,0,0,0,0
632,12,32,1,1,0,0,0,0,0,0,0,0
633,2,0,0,1,0,0,0,0,0,0,0,0
634,53,32,1,1,0,0,0,0,0,0,0,0
635,2,0,0,1,0,0,0,0,0,0,0,0
636,11,64,0,1,0,0,0,0,0,0,0,0
637,2,0,0,1,0,0,0,0,0,0,0,0
638,23,64,0,1,0,0,0,0,0,0,0,0
639,27,64,0,1,0,0,0,0,0,0,0,0
640,32,0,0,1,0,0,0,0,0,0,0,0
641,31,0,0,1,0,0,0,0,0,0,0,0
642,2,0,0,1,0,0,0,0,0,0,0,0
643,2,0,0,1,0,0,0,0,0,0,0,0
644,53,64,0,1,0,0,0,0,0,0,0,0
645,53,32,1,1,0,0,0,0,0,0,0,0
646,51,1,0,1,0,0,0,0,0,0,0,0
647,2,0,0,1,0,0,0,0,0,0,0,0
648,53,32,1,1,0,0,0,0,0,0,0,0
649,2,0,0,1,0,0,0,0,0,0,0,0
650,23,64,0,1,0,0,0,0,0,0,0,0
651,11,64,0,1,0,0,0,0,0,0,0,0
652,32,0,0,1,0,0,0,0,0,0,0,0
653,30,32,1,1,0,0,0,0,0,0,0,0
654,23,64,0,1,0,0,0,0,0,0,0,0
655,11,64,0,1,0,0,0,0,0,0,0,0
656,32,0,0,1,0,0,0,0,0,0,0,0
657,30,32,1,1,0,0,0,0,0,0,0,0
658,52,1,0,1,0,0,0,0,0,0,0,0
659,2,0,0,1,0,0,0,0,0,0,0,0
660,52,1,0,1,0,0,0,0,0,0,0,0
661,2,0,0,1,0,0,0,0,0,0,0,0
662,16,32,1,1,0,0,0,0,0,0,0,0
663,12,32,1,1,0,0,0,0,0,0,0,0
664,2,0,0,1,0,0,0,0,0,0,0,0
665,53,32,1,1,0,0,0,0,0,0,0,0
666,2,0,0,1,0,0,0,0,0,0,0,0
667,11,64,0,1,0,0,0,0,0,0,0,0
668,2,0,0,1,0,0,0,0,0,0,0,0
669,23,64,0,1,0,0,0,0,0,0,0,0
670,27,64,0,1,0,0,0,0,0,0,0,0
671,32,0,0,1,0,0,0,0,0,0,0,0
672,31,0,0,1,0,0,0,0,0,0,0,0
673,2,0,0,1,0,0,0,0,0,0,0,0
674,2,0,0,1,0,0,0,0,0,0,0,0
675,53,64,0,1,0,0,0,0,0,0,0,0
676,53,32,1,1,0,0,0,0,0,0,0,0
677,51,1,0,1,0,0,0,0,0,0,0,0
678,2,0,0,1,0,0,0,0,0,0,0,0
679,53,32,1,1,0,0,0,0,0,0,0,0
680,2,0,0,1,0,0,0,0,0,0,0,0
681,23,64,0,1,0,0,0,0,0,0,0,0
682,11,64,0,1,0,0,0,0,0,0,0,0
683,32,0,0,1,0,0,0,0,0,0,0,0
684,30,32,1,1,0,0,0,0,0,0,0,0
685,23,64,0,1,0,0,0,0,0,0,0,0
686,11,64,0,1,0,0,0,0,0,0,0,0
687,32,0,0,1,0,0,0,0,0,0,0,0
688,30,32,1,1,0,0,0,0,0,0,0,0
689,52,1,0,1,0,0,0,0,0,0,0,0
690,2,0,0,1,0,0,0,0,0,0,0,0
691,52,1,0,1,0,0,0,0,0,0,0,0
692,2,0,0,1,0,0,0,0,0,0,0,0
693,16,32,1,1,0,0,0,0,0,0,0,0
694,12,32,1,1,0,0,0,0,0,0,0,0
695,2,0,0,1,0,0,0,0,0,0,0,0
696,53,32,1,1,0,0,0,0,0,0,0,0
697,2,0,0,1,0,0,0,0,0,0,0,0
698,11,64,0,1,0,0,0,0,0,0,0,0
699,2,0,0,1,0,0,0,0,0,0,0,0
700,23,64,0,1,0,0,0,0,0,0,0,0
701,27,64,0,1,0,0,0,0,0,0,0,0
702,32,0,0,1,0,0,0,0,0,0,0,0
703,31,0,0,1,0,0,0,0,0,0,0,0
704,2,0,0,1,0,0,0,0,0,0,0,0
705,2,0,0,1,0,0,0,0,0,0,0,0
706,53,64,0,1,0,0,0,0,0,0,0,0
707,53,32,1,1,0,0,0,0,0,0,0,0
708,51,1,0,1,0,0,0,0,0,0,0,0
709,2,0,0,1,0,0,0,0,0,0,0,0
710,53,32,1,1,0,0,0,0,0,0,0,0
711,2,0,0,1,0,0,0,0,0,0,0,0
712,23,64,0,1,0,0,0,0,0,0,0,0
713,11,64,0,1,0,0,0,0,0,0,0,0
714,32,0,0,1,0,0,0,0,0,0,0,0
715,30,32,1,1,0,0,0,0,0,0,0,0
716,23,64,0,1,0,0,0,0,0,0,0,0
717,11,64,0,1,0,0,0,0,0,0,0,0
718,32,0,0,1,0,0,0,0,0,0,0,0
719,30,32,1,1,0,0,0,0,0,0,0,0
720,52,1,0,1,0,0,0,0,0,0,0,0
721,2,0,0,1,0,0,0,0,0,0,0,0
722,52,1,0,1,0,0,0,0,0,0,0,0
723,2,0,0,1,0,0,0,0,0,0,0,0
724,16,32,1,1,0,0,0,0,0,0,0,0
725,12,32,1,1,0,0,0,0,0,0,0,0
726,2,0,0,1,0,0,0,0,0,0,0,0
727,53,32,1,1,0,0,0,0,0,0,0,0
728,2,0,0,1,0,0,0,0,0,0,0,0
729,11,64,0,1,0,0,0,0,0,0,0,0
730,2,0,0,1,0,0,0,0,0,0,0,0
731,23,64,0,1,0,0,0,0,0,0,0,0
732,27,64,0,1,0,0,0,0,0,0,0,0
733,32,0,0,1,0,0,0,0,0,0,0,0
734,31,0,0,1,0,0,0,0,0,0,0,0
735,2,0,0,1,0,0,0,0,0,0,0,0
736,2,0,0,1,0,0,0,0,0,0,0,0
737,53,64,0,1,0,0,0,0,0,0,0,0
738,53,32,1,1,0,0,0,0,0,0,0,0
739,51,1,0,1,0,0,0,0,0,0,0,0
740,2,0,0,1,0,0,0,0,0,0,0,0
741,53,32,1,1,0,0,0,0,0,0,0,0
742,2,0,0,1,0,0,0,0,0,0,0,0
743,23,64,0,1,0,0,0,0,0,0,0,0
744,11,64,0,1,0,0,0,0,0,0,0,0
745,32,0,0,1,0,0,0,0,0,0,0,0
746,30,32,1,1,0,0,0,0,0,0,0,0
747,23,64,0,1,0,0,0,0,0,0,0,0
748,11,64,0,1,0,0,0,0,0,0,0,0
749,32,0,0,1,0,0,0,0,0,0,0,0
750,30,32,1,1,0,0,0,0,0,0,0,0
751,52,1,0,1,0,0,0,0,0,0,0,0
752,2,0,0,1,0,0,0,0,0,0,0,0
753,52,1,0,1,0,0,0,0,0,0,0,0
754,2,0,0,1,0,0,0,0,0,0,0,0
755,16,32,1,1,0,0,0,0,0,0,0,0
756,12,32,1,1,0,0,0,0,0,0,0,0
757,2,0,0,1,0,0,0,0,0,0,0,0
758,53,32,1,1,0,0,0,0,0,0,0,0
759,2,0,0,1,0,0,0,0,0,0,0,0
760,11,64,0,1,0,0,0,0,0,0,0,0
761,2,0,0,1,0,0,0,0,0,0,0,0
762,23,64,0,1,0,0,0,0,0,0,0,0
763,27,64,0,1,0,0,0,0,0,0,0,0
764,32,0,0,1,0,0,0,0,0,0,0,0
765,31,0,0,1,0,0,0,0,0,0,0,0
766,2,0,0,1,0,0,0,0,0,0,0,0
767,11,64,0,1,0,0,0,0,0,0,0,0
768,2,0,0,1,0,0,0,0,0,0,0,0
769,2,0,0,0,0,0,0,0,0,0,0,0
770,2,0,0,0,0,0,0,0,0,0,0,0
771,53,64,0,1,0,0,0,0,0,0,0,0
772,51,1,0,1,0,0,0,0,0,0,0,0
773,2,0,0,1,0,0,0,0,0,0,0,0
774,2,0,0,0,0,0,0,0,0,0,0,0
775,2,0,0,1,0,0,0,0,0,0,0,0
776,2,0,0,1,0,0,0,0,0,0,0,0
777,53,64,0,1,0,0,0,0,0,0,0,0
778,53,32,1,1,0,0,0,0,0,0,0,0
779,51,1,0,1,0,0,0,0,0,0,0,0
780,2,0,0,1,0,0,0,0,0,0,0,0
781,53,32,1,1,0,0,0,0,0,0,0,0
782,2,0,0,1,0,0,0,0,0,0,0,0
783,23,64,0,1,0,0,0,0,0,0,0,0
784,11,64,0,1,0,0,0,0,0,0,0,0
785,32,0,0,1,0,0,0,0,0,0,0,0
786,30,32,1,1,0,0,0,0,0,0,0,0
787,23,64,0,1,0,0,0,0,0,0,0,0
788,11,64,0,1,0,0,0,0,0,0,0,0
789,32,0,0,1,0,0,0,0,0,0,0,0
790,30,32,1,1,0,0,0,0,0,0,0,0
791,52,1,0,1,0,0,0,0,0,0,0,0
792,2,0,0,1,0,0,0,0,0,0,0,0
793,52,1,0,1,0,0,0,0,0,0,0,0
794,2,0,0,1,0,0,0,0,0,0,0,0
795,16,32,1,1,0,0,0,0,0,0,0,0
796,12,32,1,1,0,0,0,0,0,0,0,0
797,2,0,0,1,0,0,0,0,0,0,0,0
798,53,32,1,1,0,0,0,0,0,0,0,0
799,2,0,0,1,0,0,0,0,0,0,0,0
800,11,64,0,1,0,0,0,0,0,0,0,0
801,2,0,0,1,0,0,0,0,0,0,0,0
802,23,64,0,1,0,0,0,0,0,0,0,0
803,32,0,0,1,0,0,0,0,0,0,0,0
804,31,0,0,1,0,0,0,0,0,0,0,0
805,2,0,0,1,0,0,0,0,0,0,0,0
806,2,0,0,1,0,0,0,0,0,0,0,0
807,53,64,0,1,0,0,0,0,0,0,0,0
808,53,32,1,1,0,0,0,0,0,0,0,0
809,51,1,0,1,0,0,0,0,0,0,0,0
810,2,0,0,1,0,0,0,0,0,0,0,0
811,53,32,1,1,0,0,0,0,0,0,0,0
812,2,0,0,1,0,0,0,0,0,0,0,0
813,23,64,0,1,0,0,0,0,0,0,0,0
814,11,64,0,1,0,0,0,0,0,0,0,0
815,32,0,0,1,0,0,0,0,0,0,0,0
816,30,32,1,1,0,0,0,0,0,0,0,0
817,23,64,0,1,0,0,0,0,0,0,0,0
818,11,64,0,1,0,0,0,0,0,0,0,0
819,32,0,0,1,0,0,0,0,0,0,0,0
820,30,32,1,1,0,0,0,0,0,0,0,0
821,52,1,0,1,0,0,0,0,0,0,0,0
822,2,0,0,1,0,0,0,0,0,0,0,0
823,52,1,0,1,0,0,0,0,0,0,0,0
824,2,0,0,1,0,0,0,0,0,0,0,0
825,16,32,1,1,0,0,0,0,0,0,0,0
826,12,32,1,1,0,0,0,0,0,0,0,0
827,2,0,0,1,0,0,0,0,0,0,0,0
828,53,32,1,1,0,0,0,0,0,0,0,0
829,2,0,0,1,0,0,0,0,0,0,0,0
830,11,64,0,1,0,0,0,0,0,0,0,0
831,2,0,0,1,0,0,0,0,0,0,0,0
832,23,64,0,1,0,0,0,0,0,0,0,0
833,27,64,0,1,0,0,0,0,0,0,0,0
834,32,0,0,1,0,0,0,0,0,0,0,0
835,31,0,0,1,0,0,0,0,0,0,0,0
836,2,0,0,1,0,0,0,0,0,0,0,0
837,2,0,0,1,0,0,0,0,0,0,0,0
838,53,64,0,1,0,0,0,0,0,0,0,0
839,53,32,1,1,0,0,0,0,0,0,0,0
840,51,1,0,1,0,0,0,0,0,0,0,0
841,2,0,0,1,0,0,0,0,0,0,0,0
842,53,32,1,1,0,0,0,0,0,0,0,0
843,2,0,0,1,0,0,0,0,0,0,0,0
844,23,64,0,1,0,0,0,0,0,0,0,0
845,11,64,0,1,0,0,0,0,0,0,0,0
846,32,0,0,1,0,0,0,0,0,0,0,0
847,30,32,1,1,0,0,0,0,0,0,0,0
848,23,64,0,1,0,0,0,0,0,0,0,0
849,11,64,0,1,0,0,0,0,0,0,0,0
850,32,0,0,1,0,0,0,0,0,0,0,0
851,30,32,1,1,0,0,0,0,0,0,0,0
852,52,1,0,1,0,0,0,0,0,0,0,0
853,2,0,0,1,0,0,0,0,0,0,0,0
854,52,1,0,1,0,0,0,0,0,0,0,0
855,2,0,0,1,0,0,0,0,0,0,0,0
856,16,32,1,1,0,0,0,0,0,0,0,0
857,12,32,1,1,0,0,0,0,0,0,0,0
858,2,0,0,1,0,0,0,0,0,0,0,0
859,53,32,1,1,0,0,0,0,0,0,0,0
860,2,0,0,1,0,0,0,0,0,0,0,0
861,11,64,0,1,0,0,0,0,0,0,0,0
862,2,0,0,1,0,0,0,0,0,0,0,0
863,23,64,0,1,0,0,0,0,0,0,0,0
864,27,64,0,1,0,0,0,0,0,0,0,0
865,32,0,0,1,0,0,0,0,0,0,0,0
866,31,0,0,1,0,0,0,0,0,0,0,0
867,2,0,0,1,0,0,0,0,0,0,0,0
868,2,0,0,1,0,0,0,0,0,0,0,0
869,53,64,0,1,0,0,0,0,0,0,0,0
870,53,32,1,1,0,0,0,0,0,0,0,0
871,51,1,0,1,0,0,0,0,0,0,0,0
872,2,0,0,1,0,0,0,0,0,0,0,0
873,53,32,1,1,0,0,0,0,0,0,0,0
874,2,0,0,1,0,0,0,0,0,0,0,0
875,23,64,0,1,0,0,0,0,0,0,0,0
876,11,64,0,1,0,0,0,0,0,0,0,0
877,32,0,0,1,0,0,0,0,0,0,0,0
878,30,32,1,1,0,0,0,0,0,0,0,0
879,23,64,0,1,0,0,0,0,0,0,0,0
880,11,64,0,1,0,0,0,0,0,0,0,0
881,32,0,0,1,0,0,0,0,0,0,0,0
882,30,32,1,1,0,0,0,0,0,0,0,0
883,52,1,0,1,0,0,0,0,0,0,0,0
884,2,0,0,1,0,0,0,0,0,0,0,0
885,52,1,0,1,0,0,0,0,0,0,0,0
886,2,0,0,1,0,0,0,0,0,0,0,0
887,16,32,1,1,0,0,0,0,0,0,0,0
888,12,32,1,1,0,0,0,0,0,0,0,0
889,2,0,0,1,0,0,0,0,0,0,0,0
890,53,32,1,1,0,0,0,0,0,0,0,0
891,2,0,0,1,0,0,0,0,0,0,0,0
892,11,64,0,1,0,0,0,0,0,0,0,0
893,2,0,0,1,0,0,0,0,0,0,0,0
894,23,64,0,1,0,0,0,0,0,0,0,0
895,27,64,0,1,0,0,0,0,0,0,0,0
896,32,0,0,1,0,0,0,0,0,0,0,0
897,31,0,0,1,0,0,0,0,0,0,0,0
898,2,0,0,1,0,0,0,0,0,0,0,0
899,2,0,0,1,0,0,0,0,0,0,0,0
900,53,64,0,1,0,0,0,0,0,0,0,0
901,53,32,1,1,0,0,0,0,0,0,0,0
902,51,1,0,1,0,0,0,0,0,0,0,0
903,2,0,0,1,0,0,0,0,0,0,0,0
904,53,32,1,1,0,0,0,0,0,0,0,0
905,2,0,0,1,0,0,0,0,0,0,0,0
906,23,64,0,1,0,0,0,0,0,0,0,0
907,11,64,0,1,0,0,0,0,0,0,0,0
908,32,0,0,1,0,0,0,0,0,0,0,0
909,30,32,1,1,0,0,0,0,0,0,0,0
910,23,64,0,1,0,0,0,0,0,0,0,0
911,11,64,0,1,0,0,0,0,0,0,0,0
912,32,0,0,1,0,0,0,0,0,0,0,0
913,30,32,1,1,0,0,0,0,0,0,0,0
914,52,1,0,1,0,0,0,0,0,0,0,0
915,2,0,0,1,0,0,0,0,0,0,0,0
916,52,1,0,1,0,0,0,0,0,0,0,0
917,2,0,0,1,0,0,0,0,0,0,0,0
918,16,32,1,1,0,0,0,0,0,0,0,0
919,12,32,1,1,0,0,0,0,0,0,0,0
920,2,0,0,1,0,0,0,0,0,0,0,0
921,53,32,1,1,0,0,0,0,0,0,0,0
922,2,0,0,1,0,0,0,0,0,0,0,0
923,11,64,0,1,0,0,0,0,0,0,0,0
924,2,0,0,1,0,0,0,0,0,0,0,0
925,23,64,0,1,0,0,0,0,0,0,0,0
926,27,64,0,1,0,0,0,0,0,0,0,0
927,32,0,0,1,0,0,0,0,0,0,0,0
928,31,0,0,1,0,0,0,0,0,0,0,0
929,2,0,0,1,0,0,0,0,0,0,0,0
930,2,0,0,1,0,0,0,0,0,0,0,0
931,53,64,0,1,0,0,0,0,0,0,0,0
932,53,32,1,1,0,0,0,0,0,0,0,0
933,51,1,0,1,0,0,0,0,0,0,0,0
934,2,0,0,1,0,0,0,0,0,0,0,0
935,53,32,1,1,0,0,0,0,0,0,0,0
936,2,0,0,1,0,0,0,0,0,0,0,0
937,23,64,0,1,0,0,0,0,0,0,0,0
938,11,64,0,1,0,0,0,0,0,0,0,0
939,32,0,0,1,0,0,0,0,0,0,0,0
940,30,32,1,1,0,0,0,0,0,0,0,0
941,23,64,0,1,0,0,0,0,0,0,0,0
942,11,64,0,1,0,0,0,0,0,0,0,0
943,32,0,0,1,0,0,0,0,0,0,0,0
944,30,32,1,1,0,0,0,0,0,0,0,0
945,52,1,0,1,0,0,0,0,0,0,0,0
946,2,0,0,1,0,0,0,0,0,0,0,0
947,52,1,0,1,0,0,0,0,0,0,0,0
948,2,0,0,1,0,0,0,0,0,0,0,0
949,16,32,1,1,0,0,0,0,0,0,0,0
950,12,32,1,1,0,0,0,0,0,0,0,0
951,2,0,0,1,0,0,0,0,0,0,0,0
952,53,32,1,1,0,0,0,0,0,0,0,0
953,2,0,0,1,0,0,0,0,0,0,0,0
954,11,64,0,1,0,0,0,0,0,0,0,0
955,2,0,0,1,0,0,0,0,0,0,0,0
956,23,64,0,1,0,0,0,0,0,0,0,0
957,27,64,0,1,0,0,0,0,0,0,0,0
958,32,0,0,1,0,0,0,0,0,0,0,0
959,31,0,0,1,0,0,0,0,0,0,0,0
960,2,0,0,1,0,0,0,0,0,0,0,0
961,2,0,0,1,0,0,0,0,0,0,0,0
962,53,64,0,1,0,0,0,0,0,0,0,0
963,53,32,1,1,0,0,0,0,0,0,0,0
964,51,1,0,1,0,0,0,0,0,0,0,0
965,2,0,0,1,0,0,0,0,0,0,0,0
966,53,32,1,1,0,0,0,0,0,0,0,0
967,2,0,0,1,0,0,0,0,0,0,0,0
968,23,64,0,1,0,0,0,0,0,0,0,0
969,11,64,0,1,0,0,0,0,0,0,0,0
970,32,0,0,1,0,0,0,0,0,0,0,0
971,30,32,1,1,0,0,0,0,0,0,0,0
972,23,64,0,1,0,0,0,0,0,0,0,0
973,11,64,0,1,0,0,0,0,0,0,0,0
974,32,0,0,1,0,0,0,0,0,0,0,0
975,30,32,1,1,0,0,0,0,0,0,0,0
976,52,1,0,1,0,0,0,0,0,0,0,0
977,2,0,0,1,0,0,0,0,0,0,0,0
978,52,1,0,1,0,0,0,0,0,0,0,0
979,2,0,0,1,0,0,0,0,0,0,0,0
980,16,32,1,1,0,0,0,0,0,0,0,0
981,12,32,1,1,0,0,0,0,0,0,0,0
982,2,0,0,1,0,0,0,0,0,0,0,0
983,53,32,1,1,0,0,0,0,0,0,0,0
984,2,0,0,1,0,0,0,0,0,0,0,0
985,11,64,0,1,0,0,0,0,0,0,0,0
986,2,0,0,1,0,0,0,0,0,0,0,0
987,23,64,0,1,0,0,0,0,0,0,0,0
988,27,64,0,1,0,0,0,0,0,0,0,0
989,32,0,0,1,0,0,0,0,0,0,0,0
990,31,0,0,1,0,0,0,0,0,0,0,0
991,2,0,0,1,0,0,0,0,0,0,0,0
992,2,0,0,1,0,0,0,0,0,0,0,0
993,53,64,0,1,0,0,0,0,0,0,0,0
994,53,32,1,1,0,0,0,0,0,0,0,0
995,51,1,0,1,0,0,0,0,0,0,0,0
996,2,0,0,1,0,0,0,0,0,0,0,0
997,53,32,1,1,0,0,0,0,0,0,0,0
998,2,0,0,1,0,0,0,0,0,0,0,0
999,23,64,0,1,0,0,0,0,0,0,0,0
1000,11,64,0,1,0,0,0,0,0,0,0,0
1001,32,0,0,1,0,0,0,0,0,0,0,0
1002,30,32,1,1,0,0,0,0,0,0,0,0
1003,23,64,0,1,0,0,0,0,0,0,0,0
1004,11,64,0,1,0,0,0,0,0,0,0,0
1005,32,0,0,1,0,0,0,0,0,0,0,0
1006,30,32,1,1,0,0,0,0,0,0,0,0
1007,52,1,0,1,0,0,0,0,0,0,0,0
1008,2,0,0,1,0,0,0,0,0,0,0,0
1009,52,1,0,1,0,0,0,0,0,0,0,0
1010,2,0,0,1,0,0,0,0,0,0,0,0
1011,16,32,1,1,0,0,0,0,0,0,0,0
1012,12,32,1,1,0,0,0,0,0,0,0,0
1013,2,0,0,1,0,0,0,0,0,0,0,0
1014,53,32,1,1,0,0,0,0,0,0,0,0
1015,2,0,0,1,0,0,0,0,0,0,0,0
1016,11,64,0,1,0,0,0,0,0,0,0,0
1017,2,0,0,1,0,0,0,0,0,0,0,0
1018,23,64,0,1,0,0,0,0,0,0,0,0
1019,27,64,0,1,0,0,0,0,0,0,0,0
1020,32,0,0,1,0,0,0,0,0,0,0,0
1021,31,0,0,1,0,0,0,0,0,0,0,0
1022,2,0,0,1,0,0,0,0,0,0,0,0
1023,11,64,0,1,0,0,0,0,0,0,0,0
1024,2,0,0,1,0,0,0,0,0,0,0,0
1025,2,0,0,0,0,0,0,0,0,0,0,0
1026,2,0,0,0,0,0,0,0,0,0,0,0
1027,53,64,0,1,0,0,0,0,0,0,0,0
1028,51,1,0,1,0,0,0,0,0,0,0,0
1029,2,0,0,1,0,0,0,0,0,0,0,0
1030,2,0,0,0,0,0,0,0,0,0,0,0
1031,2,0,0,1,0,0,0,0,0,0,0,0
1032,2,0,0,1,0,0,0,0,0,0,0,0
1033,53,64,0,1,0,0,0,0,0,0,0,0
1034,53,32,1,1,0,0,0,0,0,0,0,0
1035,51,1,0,1,0,0,0,0,0,0,0,0
1036,2,0,0,1,0,0,0,0,0,0,0,0
1037,53,32,1,1,0,0,0,0,0,0,0,0
1038,2,0,0,1,0,0,0,0,0,0,0,0
1039,23,64,0,1,0,0,0,0,0,0,0,0
1040,11,64,0,1,0,0,0,0,0,0,0,0
1041,32,0,0,1,0,0,0,0,0,0,0,0
1042,30,32,1,1,0,0,0,0,0,0,0,0
1043,23,64,0,1,0,0,0,0,0,0,0,0
1044,11,64,0,1,0,0,0,0,0,0,0,0
1045,32,0,0,1,0,0,0,0,0,0,0,0
1046,30,32,1,1,0,0,0,0,0,0,0,0
1047,52,1,0,1,0,0,0,0,0,0,0,0
1048,2,0,0,1,0,0,0,0,0,0,0,0
1049,52,1,0,1,0,0,0,0,0,0,0,0
1050,2,0,0,1,0,0,0,0,0,0,0,0
1051,16,32,1,1,0,0,0,0,0,0,0,0
1052,12,32,1,1,0,0,0,0,0,0,0,0
1053,2,0,0,1,0,0,0,0,0,0,0,0
1054,53,32,1,1,0,0,0,0,0,0,0,0
1055,2,0,0,1,0,0,0,0,0,0,0,0
1056,11,64,0,1,0,0,0,0,0,0,0,0
1057,2,0,0,1,0,0,0,0,0,0,0,0
1058,23,64,0,1,0,0,0,0,0,0,0,0
1059,32,0,0,1,0,0,0,0,0,0,0,0
1060,31,0,0,1,0,0,0,0,0,0,0,0
1061,2,0,0,1,0,0,0,0,0,0,0,0
1062,2,0,0,1,0,0,0,0,0,0,0,0
1063,53,64,0,1,0,0,0,0,0,0,0,0
1064,53,32,1,1,0,0,0,0,0,0,0,0
1065,51,1,0,1,0,0,0,0,0,0,0,0
1066,2,0,0,1,0,0,0,0,0,0,0,0
1067,53,32,1,1,0,0,0,0,0,0,0,0
1068,2,0,0,1,0,0,0,0,0,0,0,0
1069,23,64,0,1,0,0,0,0,0,0,0,0
1070,11,64,0,1,0,0,0,0,0,0,0,0
1071,32,0,0,1,0,0,0,0,0,0,0,0
1072,30,32,1,1,0,0,0,0,0,0,0,0
1073,23,64,0,1,0,0,0,0,0,0,0,0
1074,11,64,0,1,0,0,0,0,0,0,0,0
1075,32,0,0,1,0,0,0,0,0,0,0,0
1076,30,32,1,1,0,0,0,0,0,0,0,0
1077,52,1,0,1,0,0,0,0,0,0,0,0
1078,2,0,0,1,0,0,0,0,0,0,0,0
1079,52,1,0,1,0,0,0,0,0,0,0,0
1080,2,0,0,1,0,0,0,0,0,0,0,0
1081,16,32,1,1,0,0,0,0,0,0,0,0
1082,12,32,1,1,0,0,0,0,0,0,0,0
1083,2,0,0,1,0,0,0,0,0,0,0,0
1084,53,32,1,1,0,0,0,0,0,0,0,0
1085,2,0,0,1,0,0,0,0,0,0,0,0
1086,11,64,0,1,0,0,0,0,0,0,0,0
1087,2,0,0,1,0,0,0,0,0,0,0,0
1088,23,64,0,1,0,0,0,0,0,0,0,0
1089,27,64,0,1,0,0,0,0,0,0,0,0
1090,32,0,0,1,0,0,0,0,0,0,0,0
1091,31,0,0,1,0,0,0,0,0,0,0,0
1092,2,0,0,1,0,0,0,0,0,0,0,0
1093,2,0,0,1,0,0,0,0,0,0,0,0
1094,53,64,0,1,0,0,0,0,0,0,0,0
1095,53,32,1,1,0,0,0,0,0,0,0,0
1096,51,1,0,1,0,0,0,0,0,0,0,0
1097,2,0,0,1,0,0,0,0,0,0,0,0
1098,53,32,1,1,0,0,0,0,0,0,0,0
1099,2,0,0,1,0,0,0,0,0,0,0,0
1100,23,64,0,1,0,0,0,0,0,0,0,0
1101,11,64,0,1,0,0,0,0,0,0,0,0
1102,32,0,0,1,0,0,0,0,0,0,0,0
1103,30,32,1,1,0,0,0,0,0,0,0,0
1104,23,64,0,1,0,0,0,0,0,0,0,0
1105,11,64,0,1,0,0,0,0,0,0,0,0
1106,32,0,0,1,0,0,0,0,0,0,0,0
1107,30,32,1,1,0,0,0,0,0,0,0,0
1108,52,1,0,1,0,0,0,0,0,0,0,0
1109,2,0,0,1,0,0,0,0,0,0,0,0
1110,52,1,0,1,0,0,0,0,0,0,0,0
1111,2,0,0,1,0,0,0,0,0,0,0,0
1112,16,32,1,1,0,0,0,0,0,0,0,0
1113,12,32,1,1,0,0,0,0,0,0,0,0
1114,2,0,0,1,0,0,0,0,0,0,0,0
1115,53,32,1,1,0,0,0,0,0,0,0,0
1116,2,0,0,1,0,0,0,0,0,0,0,0
1117,11,64,0,1,0,0,0,0,0,0,0,0
1118,2,0,0,1,0,0,0,0,0,0,0,0
1119,23,64,0,1,0,0,0,0,0,0,0,0
1120,27,64,0,1,0,0,0,0,0,0,0,0
1121,32,0,0,1,0,0,0,0,0,0,0,0
1122,31,0,0,1,0,0,0,0,0,0,0,0
1123,2,0,0,1,0,0,0,0,0,0,0,0
1124,2,0,0,1,0,0,0,0,0,0,0,0
1125,53,64,0,1,0,0,0,0,0,0,0,0
1126,53,32,1,1,0,0,0,0,0,0,0,0
1127,51,1,0,1,0,0,0,0,0,0,0,0
1128,2,0,0,1,0,0,0,0,0,0,0,0
1129,53,32,1,1,0,0,0,0,0,0,0,0
1130,2,0,0,1,0,0,0,0,0,0,0,0
1131,23,64,0,1,0,0,0,0,0,0,0,0
1132,11,64,0,1,0,0,0,0,0,0,0,0
1133,32,0,0,1,0,0,0,0,0,0,0,0
1134,30,32,1,1,0,0,0,0,0,0,0,0
1135,23,64,0,1,0,0,0,0,0,0,0,0
1136,11,64,0,1,0,0,0,0,0,0,0,0
1137,32,0,0,1,0,0,0,0,0,0,0,0
1138,30,32,1,1,0,0,0,0,0,0,0,0
1139,52,1,0,1,0,0,0,0,0,0,0,0
1140,2,0,0,1,0,0,0,0,0,0,0,0
1141,52,1,0,1,0,0,0,0,0,0,0,0
1142,2,0,0,1,0,0,0,0,0,0,0,0
1143,16,32,1,1,0,0,0,0,0,0,0,0
1144,12,32,1,1,0,0,0,0,0,0,0,0
1145,2,0,0,1,0,0,0,0,0,0,0,0
1146,53,32,1,1,0,0,0,0,0,0,0,0
1147,2,0,0,1,0,0,0,0,0,0,0,0
1148,11,64,0,1,0,0,0,0,0,0,0,0
1149,2,0,0,1,0,0,0,0,0,0,0,0
1150,23,64,0,1,0,0,0,0,0,0,0,0
1151,27,64,0,1,0,0,0,0,0,0,0,0
1152,32,0,0,1,0,0,0,0,0,0,0,0
1153,31,0,0,1,0,0,0,0,0,0,0,0
1154,2,0,0,1,0,0,0,0,0,0,0,0
1155,2,0,0,1,0,0,0,0,0,0,0,0
1156,53,64,0,1,0,0,0,0,0,0,0,0
1157,53,32,1,1,0,0,0,0,0,0,0,0
1158,51,1,0,1,0,0,0,0,0,0,0,0
1159,2,0,0,1,0,0,0,0,0,0,0,0
1160,53,32,1,1,0,0,0,0,0,0,0,0
1161,2,0,0,1,0,0,0,0,0,0,0,0
1162,23,64,0,1,0,0,0,0,0,0,0,0
1163,11,64,0,1,0,0,0,0,0,0,0,0
1164,32,0,0,1,0,0,0,0,0,0,0,0
1165,30,32,1,1,0,0,0,0,0,0,0,0
1166,23,64,0,1,0,0,0,0,0,0,0,0
1167,11,64,0,1,0,0,0,0,0,0,0,0
1168,32,0,0,1,0,0,0,0,0,0,0,0
1169,30,32,1,1,0,0,0,0,0,0,0,0
1170,52,1,0,1,0,0,0,0,0,0,0,0
1171,2,0,0,1,0,0,0,0,0,0,0,0
1172,52,1,0,1,0,0,0,0,0,0,0,0
1173,2,0,0,1,0,0,0,0,0,0,0,0
1174,16,32,1,1,0,0,0,0,0,0,0,0
1175,12,32,1,1,0,0,0,0,0,0,0,0
1176,2,0,0,1,0,0,0,0,0,0,0,0
1177,53,32,1,1,0,0,0,0,0,0,0,0
1178,2,0,0,1,0,0,0,0,0,0,0,0
1179,11,64,0,1,0,0,0,0,0,0,0,0
1180,2,0,0,1,0,0,0,0,0,0,0,0
1181,23,64,0,1,0,0,0,0,0,0,0,0
1182,27,64,0,1,0,0,0,0,0,0,0,0
1183,32,0,0,1,0,0,0,0,0,0,0,0
1184,31,0,0,1,0,0,0,0,0,0,0,0
1185,2,0,0,1,0,0,0,0,0,0,0,0
1186,2,0,0,1,0,0,0,0,0,0,0,0
1187,53,64,0,1,0,0,0,0,0,0,0,0
1188,53,32,1,1,0,0,0,0,0,0,0,0
1189,51,1,0,1,0,0,0,0,0,0,0,0
1190,2,0,0,1,0,0,0,0,0,0,0,0
1191,53,32,1,1,0,0,0,0,0,0,0,0
1192,2,0,0,1,0,0,0,0,0,0,0,0
1193,23,64,0,1,0,0,0,0,0,0,0,0
1194,11,64,0,1,0,0,0,0,0,0,0,0
1195,32,0,0,1,0,0,0,0,0,0,0,0
1196,30,32,1,1,0,0,0,0,0,0,0,0
1197,23,64,0,1,0,0,0,0,0,0,0,0
1198,11,64,0,1,0,0,0,0,0,0,0,0
1199,32,0,0,1,0,0,0,0,0,0,0,0
1200,30,32,1,1,0,0,0,0,0,0,0,0
1201,52,1,0,1,0,0,0,0,0,0,0,0
1202,2,0,0,1,0,0,0,0,0,0,0,0
1203,52,1,0,1,0,0,0,0,0,0,0,0
1204,2,0,0,1,0,0,0,0,0,0,0,0
1205,16,32,1,1,0,0,0,0,0,0,0,0
1206,12,32,1,1,0,0,0,0,0,0,0,0
1207,2,0,0,1,0,0,0,0,0,0,0,0
1208,53,32,1,1,0,0,0,0,0,0,0,0
1209,2,0,0,1,0,0,0,0,0,0,0,0
1210,11,64,0,1,0,0,0,0,0,0,0,0
1211,2,0,0,1,0,0,0,0,0,0,0,0
1212,23,64,0,1,0,0,0,0,0,0,0,0
1213,27,64,0,1,0,0,0,0,0,0,0,0
1214,32,0,0,1,0,0,0,0,0,0,0,0
1215,31,0,0,1,0,0,0,0,0,0,0,0
1216,2,0,0,1,0,0,0,0,0,0,0,0
1217,2,0,0,1,0,0,0,0,0,0,0,0
1218,53,64,0,1,0,0,0,0,0,0,0,0
1219,53,32,1,1,0,0,0,0,0,0,0,0
1220,51,1,0,1,0,0,0,0,0,0,0,0
1221,2,0,0,1,0,0,0,0,0,0,0,0
1222,53,32,1,1,0,0,0,0,0,0,0,0
1223,2,0,0,1,0,0,0,0,0,0,0,0
1224,23,64,0,1,0,0,0,0,0,0,0,0
1225,11,64,0,1,0,0,0,0,0,0,0,0
1226,32,0,0,1,0,0,0,0,0,0,0,0
1227,30,32,1,1,0,0,0,0,0,0,0,0
1228,23,64,0,1,0,0,0,0,0,0,0,0
1229,11,64,0,1,0,0,0,0,0,0,0,0
1230,32,0,0,1,0,0,0,0,0,0,0,0
1231,30,32,1,1,0,0,0,0,0,0,0,0
1232,52,1,0,1,0,0,0,0,0,0,0,0
1233,2,0,0,1,0,0,0,0,0,0,0,0
1234,52,1,0,1,0,0,0,0,0,0,0,0
1235,2,0,0,1,0,0,0,0,0,0,0,0
1236,16,32,1,1,0,0,0,0,0,0,0,0
1237,12,32,1,1,0,0,0,0,0,0,0,0
1238,2,0,0,1,0,0,0,0,0,0,0,0
1239,53,32,1,1,0,0,0,0,0,0,0,0
1240,2,0,0,1,0,0,0,0,0,0,0,0
1241,11,64,0,1,0,0,0,0,0,0,0,0
1242,2,0,0,1,0,0,0,0,0,0,0,0
1243,23,64,0,1,0,0,0,0,0,0,0,0
1244,27,64,0,1,0,0,0,0,0,0,0,0
1245,32,0,0,1,0,0,0,0,0,0,0,0
1246,31,0,0,1,0,0,0,0,0,0,0,0
1247,2,0,0,1,0,0,0,0,0,0,0,0
1248,2,0,0,1,0,0,0,0,0,0,0,0
1249,53,64,0,1,0,0,0,0,0,0,0,0
1250,53,32,1,1,0,0,0,0,0,0,0,0
1251,51,1,0,1,0,0,0,0,0,0,0,0
1252,2,0,0,1,0,0,0,0,0,0,0,0
1253,53,32,1,1,0,0,0,0,0,0,0,0
1254,2,0,0,1,0,0,0,0,0,0,0,0
1255,23,64,0,1,0,0,0,0,0,0,0,0
1256,11,64,0,1,0,0,0,0,0,0,0,0
1257,32,0,0,1,0,0,0,0,0,0,0,0
1258,30,32,1,1,0,0,0,0,0,0,0,0
1259,23,64,0,1,0,0,0,0,0,0,0,0
1260,11,64,0,1,0,0,0,0,0,0,0,0
1261,32,0,0,1,0,0,0,0,0,0,0,0
1262,30,32,1,1,0,0,0,0,0,0,0,0
1263,52,1,0,1,0,0,0,0,0,0,0,0
1264,2,0,0,1,0,0,0,0,0,0,0,0
1265,52,1,0,1,0,0,0,0,0,0,0,0
1266,2,0,0,1,0,0,0,0,0,0,0,0
1267,16,32,1,1,0,0,0,0,0,0,0,0
1268,12,32,1,1,0,0,0,0,0,0,0,0
1269,2,0,0,1,0,0,0,0,0,0,0,0
1270,53,32,1,1,0,0,0,0,0,0,0,0
1271,2,0,0,1,0,0,0,0,0,0,0,0
1272,11,64,0,1,0,0,0,0,0,0,0,0
1273,2,0,0,1,0,0,0,0,0,0,0,0
1274,23,64,0,1,0,0,0,0,0,0,0,0
1275,27,64,0,1,0,0,0,0,0,0,0,0
1276,32,0,0,1,0,0,0,0,0,0,0,0
1277,31,0,0,1,0,0,0,0,0,0,0,0
1278,2,0,0,1,0,0,0,0,0,0,0,0
1279,11,64,0,1,0,0,0,0,0,0,0,0
1280,2,0,0,1,0,0,0,0,0,0,0,0
1281,2,0,0,0,0,0,0,0,0,0,0,0
1282,2,0,0,0,0,0,0,0,0,0,0,0
1283,53,64,0,1,0,0,0,0,0,0,0,0
1284,51,1,0,1,0,0,0,0,0,0,0,0
1285,2,0,0,1,0,0,0,0,0,0,0,0
1286,2,0,0,0,0,0,0,0,0,0,0,0
1287,2,0,0,1,0,0,0,0,0,0,0,0
1288,2,0,0,1,0,0,0,0,0,0,0,0
1289,53,64,0,1,0,0,0,0,0,0,0,0
1290,53,32,1,1,0,0,0,0,0,0,0,0
1291,51,1,0,1,0,0,0,0,0,0,0,0
1292,2,0,0,1,0,0,0,0,0,0,0,0
1293,53,32,1,1,0,0,0,0,0,0,0,0
1294,2,0,0,1,0,0,0,0,0,0,0,0
1295,23,64,0,1,0,0,0,0,0,0,0,0
1296,11,64,0,1,0,0,0,0,0,0,0,0
1297,32,0,0,1,0,0,0,0,0,0,0,0
1298,30,32,1,1,0,0,0,0,0,0,0,0
1299,23,64,0,1,0,0,0,0,0,0,0,0
1300,11,64,0,1,0,0,0,0,0,0,0,0
1301,32,0,0,1,0,0,0,0,0,0,0,0
1302,30,32,1,1,0,0,0,0,0,0,0,0
1303,52,1,0,1,0,0,0,0,0,0,0,0
1304,2,0,0,1,0,0,0,0,0,0,0,0
1305,52,1,0,1,0,0,0,0,0,0,0,0
1306,2,0,0,1,0,0,0,0,0,0,0,0
1307,16,32,1,1,0,0,0,0,0,0,0,0
1308,12,32,1,1,0,0,0,0,0,0,0,0
1309,2,0,0,1,0,0,0,0,0,0,0,0
1310,53,32,1,1,0,0,0,0,0,0,0,0
1311,2,0,0,1,0,0,0,0,0,0,0,0
1312,11,64,0,1,0,0,0,0,0,0,0,0
1313,2,0,0,1,0,0,0,0,0,0,0,0
1314,23,64,0,1,0,0,0,0,0,0,0,0
1315,32,0,0,1,0,0,0,0,0,0,0,0
1316,31,0,0,1,0,0,0,0,0,0,0,0
1317,2,0,0,1,0,0,0,0,0,0,0,0
1318,2,0,0,1,0,0,0,0,0,0,0,0
1319,53,64,0,1,0,0,0,0,0,0,0,0
1320,53,32,1,1,0,0,0,0,0,0,0,0
1321,51,1,0,1,0,0,0,0,0,0,0,0
1322,2,0,0,1,0,0,0,0,0,0,0,0
1323,53,32,1,1,0,0,0,0,0,0,0,0
1324,2,0,0,1,0,0,0,0,0,0,0,0
1325,23,64,0,1,0,0,0,0,0,0,0,0
1326,11,64,0,1,0,0,0,0,0,0,0,0
1327,32,0,0,1,0,0,0,0,0,0,0,0
1328,30,32,1,1,0,0,0,0,0,0,0,0
1329,23,64,0,1,0,0,0,0,0,0,0,0
1330,11,64,0,1,0,0,0,0,0,0,0,0
1331,32,0,0,1,0,0,0,0,0,0,0,0
1332,30,32,1,1,0,0,0,0,0,0,0,0
1333,52,1,0,1,0,0,0,0,0,0,0,0
1334,2,0,0,1,0,0,0,0,0,0,0,0
1335,52,1,0,1,0,0,0,0,0,0,0,0
1336,2,0,0,1,0,0,0,0,0,0,0,0
1337,16,32,1,1,0,0,0,0,0,0,0,0
1338,12,32,1,1,0,0,0,0,0,0,0,0
1339,2,0,0,1,0,0,0,0,0,0,0,0
1340,53,32,1,1,0,0,0,0,0,0,0,0
1341,2,0,0,1,0,0,0,0,0,0,0,0
1342,11,64,0,1,0,0,0,0,0,0,0,0
1343,2,0,0,1,0,0,0,0,0,0,0,0
1344,23,64,0,1,0,0,0,0,0,0,0,0
1345,27,64,0,1,0,0,0,0,0,0,0,0
1346,32,0,0,1,0,0,0,0,0,0,0,0
1347,31,0,0,1,0,0,0,0,0,0,0,0
1348,2,0,0,1,0,0,0,0,0,0,0,0
1349,2,0,0,1,0,0,0,0,0,0,0,0
1350,53,64,0,1,0,0,0,0,0,0,0,0
1351,53,32,1,1,0,0,0,0,0,0,0,0
1352,51,1,0,1,0,0,0,0,0,0,0,0
1353,2,0,0,1,0,0,0,0,0,0,0,0
1354,53,32,1,1,0,0,0,0,0,0,0,0
1355,2,0,0,1,0,0,0,0,0,0,0,0
1356,23,64,0,1,0,0,0,0,0,0,0,0
1357,11,64,0,1,0,0,0,0,0,0,0,0
1358,32,0,0,1,0,0,0,0,0,0,0,0
1359,30,32,1,1,0,0,0,0,0,0,0,0
1360,23,64,0,1,0,0,0,0,0,0,0,0
1361,11,64,0,1,0,0,0,0,0,0,0,0
1362,32,0,0,1,0,0,0,0,0,0,0,0
1363,30,32,1,1,0,0,0,0,0,0,0,0
1364,52,1,0,1,0,0,0,0,0,0,0,0
1365,2,0,0,1,0,0,0,0,0,0,0,0
1366,52,1,0,1,0,0,0,0,0,0,0,0
1367,2,0,0,1,0,0,0,0,0,0,0,0
1368,16,32,1,1,0,0,0,0,0,0,0,0
1369,12,32,1,1,0,0,0,0,0,0,0,0
1370,2,0,0,1,0,0,0,0,0,0,0,0
1371,53,32,1,1,0,0,0,0,0,0,0,0
1372,2,0,0,1,0,0,0,0,0,0,0,0
1373,11,64,0,1,0,0,0,0,0,0,0,0
1374,2,0,0,1,0,0,0,0,0,0,0,0
1375,23,64,0,1,0,0,0,0,0,0,0,0
1376,27,64,0,1,0,0,0,0,0,0,0,0
1377,32,0,0,1,0,0,0,0,0,0,0,0
1378,31,0,0,1,0,0,0,0,0,0,0,0
1379,2,0,0,1,0,0,0,0,0,0,0,0
1380,2,0,0,1,0,0,0,0,0,0,0,0
1381,53,64,0,1,0,0,0,0,0,0,0,0
1382,53,32,1,1,0,0,0,0,0,0,0,0
1383,51,1,0,1,0,0,0,0,0,0,0,0
1384,2,0,0,1,0,0,0,0,0,0,0,0
1385,53,32,1,1,0,0,0,0,0,0,0,0
1386,2,0,0,1,0,0,0,0,0,0,0,0
1387,23,64,0,1,0,0,0,0,0,0,0,0
1388,11,64,0,1,0,0,0,0,0,0,0,0
1389,32,0,0,1,0,0,0,0,0,0,0,0
1390,30,32,1,1,0,0,0,0,0,0,0,0
1391,23,64,0,1,0,0,0,0,0,0,0,0
1392,11,64,0,1,0,0,0,0,0,0,0,0
1393,32,0,0,1,0,0,0,0,0,0,0,0
1394,30,32,1,1,0,0,0,0,0,0,0,0
1395,52,1,0,1,0,0,0,0,0,0,0,0
1396,2,0,0,1,0,0,0,0,0,0,0,0
1397,52,1,0,1,0,0,0,0,0,0,0,0
1398,2,0,0,1,0,0,0,0,0,0,0,0
1399,16,32,1,1,0,0,0,0,0,0,0,0
1400,12,32,1,1,0,0,0,0,0,0,0,0
1401,2,0,0,1,0,0,0,0,0,0,0,0
1402,53,32,1,1,0,0,0,0,0,0,0,0
1403,2,0,0,1,0,0,0,0,0,0,0,0
1404,11,64,0,1,0,0,0,0,0,0,0,0
1405,2,0,0,1,0,0,0,0,0,0,0,0
1406,23,64,0,1,0,0,0,0,0,0,0,0
1407,27,64,0,1,0,0,0,0,0,0,0,0
1408,32,0,0,1,0,0,0,0,0,0,0,0
1409,31,0,0,1,0,0,0,0,0,0,0,0
1410,2,0,0,1,0,0,0,0,0,0,0,0
1411,2,0,0,1,0,0,0,0,0,0,0,0
1412,53,64,0,1,0,0,0,0,0,0,0,0
1413,53,32,1,1,0,0,0,0,0,0,0,0
1414,51,1,0,1,0,0,0,0,0,0,0,0
1415,2,0,0,1,0,0,0,0,0,0,0,0
1416,53,32,1,1,0,0,0,0,0,0,0,0
1417,2,0,0,1,0,0,0,0,0,0,0,0
1418,23,64,0,1,0,0,0,0,0,0,0,0
1419,11,64,0,1,0,0,0,0,0,0,0,0
1420,32,0,0,1,0,0,0,0,0,0,0,0
1421,30,32,1,1,0,0,0,0,0,0,0,0
1422,23,64,0,1,0,0,0,0,0,0,0,0
1423,11,64,0,1,0,0,0,0,0,0,0,0
1424,32,0,0,1,0,0,0,0,0,0,0,0
1425,30,32,1,1,0,0,0,0,0,0,0,0
1426,52,1,0,1,0,0,0,0,0,0,0,0
1427,2,0,0,1,0,0,0,0,0,0,0,0
1428,52,1,0,1,0,0,0,0,0,0,0,0
1429,2,0,0,1,0,0,0,0,0,0,0,0
1430,16,32,1,1,0,0,0,0,0,0,0,0
1431,12,32,1,1,0,0,0,0,0,0,0,0
1432,2,0,0,1,0,0,0,0,0,0,0,0
1433,53,32,1,1,0,0,0,0,0,0,0,0
1434,2,0,0,1,0,0,0,0,0,0,0,0
1435,11,64,0,1,0,0,0,0,0,0,0,0
1436,2,0,0,1,0,0,0,0,0,0,0,0
1437,23,64,0,1,0,0,0,0,0,0,0,0
1438,27,64,0,1,0,0,0,0,0,0,0,0
1439,32,0,0,1,0,0,0,0,0,0,0,0
1440,31,0,0,1,0,0,0,0,0,0,0,0
1441,2,0,0,1,0,0,0,0,0,0,0,0
1442,2,0,0,1,0,0,0,0,0,0,0,0
1443,53,64,0,1,0,0,0,0,0,0,0,0
1444,53,32,1,1,0,0,0,0,0,0,0,0
1445,51,1,0,1,0,0,0,0,0,0,0,0
1446,2,0,0,1,0,0,0,0,0,0,0,0
1447,53,32,1,1,0,0,0,0,0,0,0,0
1448,2,0,0,1,0,0,0,0,0,0,0,0
1449,23,64,0,1,0,0,0,0,0,0,0,0
1450,11,64,0,1,0,0,0,0,0,0,0,0
1451,32,0,0,1,0,0,0,0,0,0,0,0
1452,30,32,1,1,0,0,0,0,0,0,0,0
1453,23,64,0,1,0,0,0,0,0,0,0,0
1454,11,64,0,1,0,0,0,0,0,0,0,0
1455,32,0,0,1,0,0,0,0,0,0,0,0
1456,30,32,1,1,0,0,0,0,0,0,0,0
1457,52,1,0,1,0,0,0,0,0,0,0,0
1458,2,0,0,1,0,0,0,0,0,0,0,0
1459,52,1,0,1,0,0,0,0,0,0,0,0
1460,2,0,0,1,0,0,0,0,0,0,0,0
1461,16,32,1,1,0,0,0,0,0,0,0,0
1462,12,32,1,1,0,0,0,0,0,0,0,0
1463,2,0,0,1,0,0,0,0,0,0,0,0
1464,53,32,1,1,0,0,0,0,0,0,0,0
1465,2,0,0,1,0,0,0,0,0,0,0,0
1466,11,64,0,1,0,0,0,0,0,0,0,0
1467,2,0,0,1,0,0,0,0,0,0,0,0
1468,23,64,0,1,0,0,0,0,0,0,0,0
1469,27,64,0,1,0,0,0,0,0,0,0,0
1470,32,0,0,1,0,0,0,0,0,0,0,0
1471,31,0,0,1,0,0,0,0,0,0,0,0
1472,2,0,0,1,0,0,0,0,0,0,0,0
1473,2,0,0,1,0,0,0,0,0,0,0,0
1474,53,64,0,1,0,0,0,0,0,0,0,0
1475,53,32,1,1,0,0,0,0,0,0,0,0
1476,51,1,0,1,0,0,0,0,0,0,0,0
1477,2,0,0,1,0,0,0,0,0,0,0,0
1478,53,32,1,1,0,0,0,0,0,0,0,0
1479,2,0,0,1,0,0,0,0,0,0,0,0
1480,23,64,0,1,0,0,0,0,0,0,0,0
1481,11,64,0,1,0,0,0,0,0,0,0,0
1482,32,0,0,1,0,0,0,0,0,0,0,0
1483,30,32,1,1,0,0,0,0,0,0,0,0
1484,23,64,0,1,0,0,0,0,0,0,0,0
1485,11,64,0,1,0,0,0,0,0,0,0,0
1486,32,0,0,1,0,0,0,0,0,0,0,0
1487,30,32,1,1,0,0,0,0,0,0,0,0
1488,52,1,0,1,0,0,0,0,0,0,0,0
1489,2,0,0,1,0,0,0,0,0,0,0,0
1490,52,1,0,1,0,0,0,0,0,0,0,0
1491,2,0,0,1,0,0,0,0,0,0,0,0
1492,16,32,1,1,0,0,0,0,0,0,0,0
1493,12,32,1,1,0,0,0,0,0,0,0,0
1494,2,0,0,1,0,0,0,0,0,0,0,0
1495,53,32,1,1,0,0,0,0,0,0,0,0
1496,2,0,0,1,0,0,0,0,0,0,0,0
1497,11,64,0,1,0,0,0,0,0,0,0,0
1498,2,0,0,1,0,0,0,0,0,0,0,0
1499,23,64,0,1,0,0,0,0,0,0,0,0
1500,27,64,0,1,0,0,0,0,0,0,0,0
1501,32,0,0,1,0,0,0,0,0,0,0,0
1502,31,0,0,1,0,0,0,0,0,0,0,0
1503,2,0,0,1,0,0,0,0,0,0,0,0
1504,2,0,0,1,0,0,0,0,0,0,0,0
1505,53,64,0,1,0,0,0,0,0,0,0,0
1506,53,32,1,1,0,0,0,0,0,0,0,0
1507,51,1,0,1,0,0,0,0,0,0,0,0
1508,2,0,0,1,0,0,0,0,0,0,0,0
1509,53,32,1,1,0,0,0,0,0,0,0,0
1510,2,0,0,1,0,0,0,0,0,0,0,0
1511,23,64,0,1,0,0,0,0,0,0,0,0
1512,11,64,0,1,0,0,0,0,0,0,0,0
1513,32,0,0,1,0,0,0,0,0,0,0,0
1514,30,32,1,1,0,0,0,0,0,0,0,0
1515,23,64,0,1,0,0,0,0,0,0,0,0
1516,11,64,0,1,0,0,0,0,0,0,0,0
1517,32,0,0,1,0,0,0,0,0,0,0,0
1518,30,32,1,1,0,0,0,0,0,0,0,0
1519,52,1,0,1,0,0,0,0,0,0,0,0
1520,2,0,0,1,0,0,0,0,0,0,0,0
1521,52,1,0,1,0,0,0,0,0,0,0,0
1522,2,0,0,1,0,0,0,0,0,0,0,0
1523,16,32,1,1,0,0,0,0,0,0,0,0
1524,12,32,1,1,0,0,0,0,0,0,0,0
1525,2,0,0,1,0,0,0,0,0,0,0,0
1526,53,32,1,1,0,0,0,0,0,0,0,0
1527,2,0,0,1,0,0,0,0,0,0,0,0
1528,11,64,0,1,0,0,0,0,0,0,0,0
1529,2,0,0,1,0,0,0,0,0,0,0,0
1530,23,64,0,1,0,0,0,0,0,0,0,0
1531,27,64,0,1,0,0,0,0,0,0,0,0
1532,32,0,0,1,0,0,0,0,0,0,0,0
1533,31,0,0,1,0,0,0,0,0,0,0,0
1534,2,0,0,1,0,0,0,0,0,0,0,0
1535,11,64,0,1,0,0,0,0,0,0,0,0
1536,2,0,0,1,0,0,0,0,0,0,0,0
1537,2,0,0,0,0,0,0,0,0,0,0,0
1538,2,0,0,0,0,0,0,0,0,0,0,0
1539,53,64,0,1,0,0,0,0,0,0,0,0
1540,51,1,0,1,0,0,0,0,0,0,0,0
1541,2,0,0,1,0,0,0,0,0,0,0,0
1542,2,0,0,0,0,0,0,0,0,0,0,0
1543,2,0,0,1,0,0,0,0,0,0,0,0
1544,2,0,0,1,0,0,0,0,0,0,0,0
1545,53,64,0,1,0,0,0,0,0,0,0,0
1546,53,32,1,1,0,0,0,0,0,0,0,0
1547,51,1,0,1,0,0,0,0,0,0,0,0
1548,2,0,0,1,0,0,0,0,0,0,0,0
1549,53,32,1,1,0,0,0,0,0,0,0,0
1550,2,0,0,1,0,0,0,0,0,0,0,0
1551,23,64,0,1,0,0,0,0,0,0,0,0
1552,11,64,0,1,0,0,0,0,0,0,0,0
1553,32,0,0,1,0,0,0,0,0,0,0,0
1554,30,32,1,1,0,0,0,0,0,0,0,0
1555,23,64,0,1,0,0,0,0,0,0,0,0
1556,11,64,0,1,0,0,0,0,0,0,0,0
1557,32,0,0,1,0,0,0,0,0,0,0,0
1558,30,32,1,1,0,0,0,0,0,0,0,0
1559,52,1,0,1,0,0,0,0,0,0,0,0
1560,2,0,0,1,0,0,0,0,0,0,0,0
1561,52,1,0,1,0,0,0,0,0,0,0,0
1562,2,0,0,1,0,0,0,0,0,0,0,0
1563,16,32,1,1,0,0,0,0,0,0,0,0
1564,12,32,1,1,0,0,0,0,0,0,0,0
1565,2,0,0,1,0,0,0,0,0,0,0,0
1566,53,32,1,1,0,0,0,0,0,0,0,0
1567,2,0,0,1,0,0,0,0,0,0,0,0
1568,11,64,0,1,0,0,0,0,0,0,0,0
1569,2,0,0,1,0,0,0,0,0,0,0,0
1570,23,64,0,1,0,0,0,0,0,0,0,0
1571,32,0,0,1,0,0,0,0,0,0,0,0
1572,31,0,0,1,0,0,0,0,0,0,0,0
1573,2,0,0,1,0,0,0,0,0,0,0,0
1574,2,0,0,1,0,0,0,0,0,0,0,0
1575,53,64,0,1,0,0,0,0,0,0,0,0
1576,53,32,1,1,0,0,0,0,0,0,0,0
1577,51,1,0,1,0,0,0,0,0,0,0,0
1578,2,0,0,1,0,0,0,0,0,0,0,0
1579,53,32,1,1,0,0,0,0,0,0,0,0
1580,2,0,0,1,0,0,0,0,0,0,0,0
1581,23,64,0,1,0,0,0,0,0,0,0,0
1582,11,64,0,1,0,0,0,0,0,0,0,0
1583,32,0,0,1,0,0,0,0,0,0,0,0
1584,30,32,1,1,0,0,0,0,0,0,0,0
1585,23,64,0,1,0,0,0,0,0,0,0,0
1586,11,64,0,1,0,0,0,0,0,0,0,0
1587,32,0,0,1,0,0,0,0,0,0,0,0
1588,30,32,1,1,0,0,0,0,0,0,0,0
1589,52,1,0,1,0,0,0,0,0,0,0,0
1590,2,0,0,1,0,0,0,0,0,0,0,0
1591,52,1,0,1,0,0,0,0,0,0,0,0
1592,2,0,0,1,0,0,0,0,0,0,0,0
1593,16,32,1,1,0,0,0,0,0,0,0,0
1594,12,32,1,1,0,0,0,0,0,0,0,0
1595,2,0,0,1,0,0,0,0,0,0,0,0
1596,53,32,1,1,0,0,0,0,0,0,0,0
1597,2,0,0,1,0,0,0,0,0,0,0,0
1598,11,64,0,1,0,0,0,0,0,0,0,0
1599,2,0,0,1,0,0,0,0,0,0,0,0
1600,23,64,0,1,0,0,0,0,0,0,0,0
1601,27,64,0,1,0,0,0,0,0,0,0,0
1602,32,0,0,1,0,0,0,0,0,0,0,0
1603,31,0,0,1,0,0,0,0,0,0,0,0
1604,2,0,0,1,0,0,0,0,0,0,0,0
1605,2,0,0,1,0,0,0,0,0,0,0,0
1606,53,64,0,1,0,0,0,0,0,0,0,0
1607,53,32,1,1,0,0,0,0,0,0,0,0
1608,51,1,0,1,0,0,0,0,0,0,0,0
1609,2,0,0,1,0,0,0,0,0,0,0,0
1610,53,32,1,1,0,0,0,0,0,0,0,0
1611,2,0,0,1,0,0,0,0,0,0,0,0
1612,23,64,0,1,0,0,0,0,0,0,0,0
1613,11,64,0,1,0,0,0,0,0,0,0,0
1614,32,0,0,1,0,0,0,0,0,0,0,0
1615,30,32,1,1,0,0,0,0,0,0,0,0
1616,23,64,0,1,0,0,0,0,0,0,0,0
1617,11,64,0,1,0,0,0,0,0,0,0,0
1618,32,0,0,1,0,0,0,0,0,0,0,0
1619,30,32,1,1,0,0,0,0,0,0,0,0
1620,52,1,0,1,0,0,0,0,0,0,0,0
1621,2,0,0,1,0,0,0,0,0,0,0,0
1622,52,1,0,1,0,0,0,0,0,0,0,0
1623,2,0,0,1,0,0,0,0,0,0,0,0
1624,16,32,1,1,0,0,0,0,0,0,0,0
1625,12,32,1,1,0,0,0,0,0,0,0,0
1626,2,0,0,1,0,0,0,0,0,0,0,0
1627,53,32,1,1,0,0,0,0,0,0,0,0
1628,2,0,0,1,0,0,0,0,0,0,0,0
1629,11,64,0,1,0,0,0,0,0,0,0,0
1630,2,0,0,1,0,0,0,0,0,0,0,0
1631,23,64,0,1,0,0,0,0,0,0,0,0
1632,27,64,0,1,0,0,0,0,0,0,0,0
1633,32,0,0,1,0,0,0,0,0,0,0,0
1634,31,0,0,1,0,0,0,0,0,0,0,0
1635,2,0,0,1,0,0,0,0,0,0,0,0
1636,2,0,0,1,0,0,0,0,0,0,0,0
1637,53,64,0,1,0,0,0,0,0,0,0,0
1638,53,32,1,1,0,0,0,0,0,0,0,0
1639,51,1,0,1,0,0,0,0,0,0,0,0
1640,2,0,0,1,0,0,0,0,0,0,0,0
1641,53,32,1,1,0,0,0,0,0,0,0,0
1642,2,0,0,1,0,0,0,0,0,0,0,0
1643,23,64,0,1,0,0,0,0,0,0,0,0
1644,11,64,0,1,0,0,0,0,0,0,0,0
1645,32,0,0,1,0,0,0,0,0,0,0,0
1646,30,32,1,1,0,0,0,0,0,0,0,0
1647,23,64,0,1,0,0,0,0,0,0,0,0
1648,11,64,0,1,0,0,0,0,0,0,0,0
1649,32,0,0,1,0,0,0,0,0,0,0,0
1650,30,32,1,1,0,0,0,0,0,0,0,0
1651,52,1,0,1,0,0,0,0,0,0,0,0
1652,2,0,0,1,0,0,0,0,0,0,0,0
1653,52,1,0,1,0,0,0,0,0,0,0,0
1654,2,0,0,1,0,0,0,0,0,0,0,0
1655,16,32,1,1,0,0,0,0,0,0,0,0
1656,12,32,1,1,0,0,0,0,0,0,0,0
1657,2,0,0,1,0,0,0,0,0,0,0,0
1658,53,32,1,1,0,0,0,0,0,0,0,0
1659,2,0,0,1,0,0,0,0,0,0,0,0
1660,11,64,0,1,0,0,0,0,0,0,0,0
1661,2,0,0,1,0,0,0,0,0,0,0,0
1662,23,64,0,1,0,0,0,0,0,0,0,0
1663,27,64,0,1,0,0,0,0,0,0,0,0
1664,32,0,0,1,0,0,0,0,0,0,0,0
1665,31,0,0,1,0,0,0,0,0,0,0,0
1666,2,0,0,1,0,0,0,0,0,0,0,0
1667,2,0,0,1,0,0,0,0,0,0,0,0
1668,53,64,0,1,0,0,0,0,0,0,0,0
1669,53,32,1,1,0,0,0,0,0,0,0,0
1670,51,1,0,1,0,0,0,0,0,0,0,0
1671,2,0,0,1,0,0,0,0,0,0,0,0
1672,53,32,1,1,0,0,0,0,0,0,0,0
1673,2,0,0,1,0,0,0,0,0,0,0,0
1674,23,64,0,1,0,0,0,0,0,0,0,0
1675,11,64,0,1,0,0,0,0,0,0,0,0
1676,32,0,0,1,0,0,0,0,0,0,0,0
1677,30,32,1,1,0,0,0,0,0,0,0,0
1678,23,64,0,1,0,0,0,0,0,0,0,0
1679,11,64,0,1,0,0,0,0,0,0,0,0
1680,32,0,0,1,0,0,0,0,0,0,0,0
1681,30,32,1,1,0,0,0,0,0,0,0,0
1682,52,1,0,1,0,0,0,0,0,0,0,0
1683,2,0,0,1,0,0,0,0,0,0,0,0
1684,52,1,0,1,0,0,0,0,0,0,0,0
1685,2,0,0,1,0,0,0,0,0,0,0,0
1686,16,32,1,1,0,0,0,0,0,0,0,0
1687,12,32,1,1,0,0,0,0,0,0,0,0
1688,2,0,0,1,0,0,0,0,0,0,0,0
1689,53,32,1,1,0,0,0,0,0,0,0,0
1690,2,0,0,1,0,0,0,0,0,0,0,0
1691,11,64,0,1,0,0,0,0,0,0,0,0
1692,2,0,0,1,0,0,0,0,0,0,0,0
1693,23,64,0,1,0,0,0,0,0,0,0,0
1694,27,64,0,1,0,0,0,0,0,0,0,0
1695,32,0,0,1,0,0,0,0,0,0,0,0
1696,31,0,0,1,0,0,0,0,0,0,0,0
1697,2,0,0,1,0,0,0,0,0,0,0,0
1698,2,0,0,1,0,0,0,0,0,0,0,0
1699,53,64,0,1,0,0,0,0,0,0,0,0
1700,53,32,1,1,0,0,0,0,0,0,0,0
1701,51,1,0,1,0,0,0,0,0,0,0,0
1702,2,0,0,1,0,0,0,0,0,0,0,0
1703,53,32,1,1,0,0,0,0,0,0,0,0
1704,2,0,0,1,0,0,0,0,0,0,0,0
1705,23,64,0,1,0,0,0,0,0,0,0,0
1706,11,64,0,1,0,0,0,0,0,0,0,0
1707,32,0,0,1,0,0,0,0,0,0,0,0
1708,30,32,1,1,0,0,0,0,0,0,0,0
1709,23,64,0,1,0,0,0,0,0,0,0,0
1710,11,64,0,1,0,0,0,0,0,0,0,0
1711,32,0,0,1,0,0,0,0,0,0,0,0
1712,30,32,1,1,0,0,0,0,0,0,0,0
1713,52,1,0,1,0,0,0,0,0,0,0,0
1714,2,0,0,1,0,0,0,0,0,0,0,0
1715,52,1,0,1,0,0,0,0,0,0,0,0
1716,2,0,0,1,0,0,0,0,0,0,0,0
1717,16,32,1,1,0,0,0,0,0,0,0,0
1718,12,32,1,1,0,0,0,0,0,0,0,0
1719,2,0,0,1,0,0,0,0,0,0,0,0
1720,53,32,1,1,0,0,0,0,0,0,0,0
1721,2,0,0,1,0,0,0,0,0,0,0,0
1722,11,64,0,1,0,0,0,0,0,0,0,0
1723,2,0,0,1,0,0,0,0,0,0,0,0
1724,23,64,0,1,0,0,0,0,0,0,0,0
1725,27,64,0,1,0,0,0,0,0,0,0,0
1726,32,0,0,1,0,0,0,0,0,0,0,0
1727,31,0,0,1,0,0,0,0,0,0,0,0
1728,2,0,0,1,0,0,0,0,0,0,0,0
1729,2,0,0,1,0,0,0,0,0,0,0,0
1730,53,64,0,1,0,0,0,0,0,0,0,0
1731,53,32,1,1,0,0,0,0,0,0,0,0
1732,51,1,0,1,0,0,0,0,0,0,0,0
1733,2,0,0,1,0,0,0,0,0,0,0,0
1734,53,32,1,1,0,0,0,0,0,0,0,0
1735,2,0,0,1,0,0,0,0,0,0,0,0
1736,23,64,0,1,0,0,0,0,0,0,0,0
1737,11,64,0,1,0,0,0,0,0,0,0,0
1738,32,0,0,1,0,0,0,0,0,0,0,0
1739,30,32,1,1,0,0,0,0,0,0,0,0
1740,23,64,0,1,0,0,0,0,0,0,0,0
1741,11,64,0,1,0,0,0,0,0,0,0,0
1742,32,0,0,1,0,0,0,0,0,0,0,0
1743,30,32,1,1,0,0,0,0,0,0,0,0
1744,52,1,0,1,0,0,0,0,0,0,0,0
1745,2,0,0,1,0,0,0,0,0,0,0,0
1746,52,1,0,1,0,0,0,0,0,0,0,0
1747,2,0,0,1,0,0,0,0,0,0,0,0
1748,16,32,1,1,0,0,0,0,0,0,0,0
1749,12,32,1,1,0,0,0,0,0,0,0,0
1750,2,0,0,1,0,0,0,0,0,0,0,0
1751,53,32,1,1,0,0,0,0,0,0,0,0
1752,2,0,0,1,0,0,0,0,0,0,0,0
1753,11,64,0,1,0,0,0,0,0,0,0,0
1754,2,0,0,1,0,0,0,0,0,0,0,0
1755,23,64,0,1,0,0,0,0,0,0,0,0
1756,27,64,0,1,0,0,0,0,0,0,0,0
1757,32,0,0,1,0,0,0,0,0,0,0,0
1758,31,0,0,1,0,0,0,0,0,0,0,0
1759,2,0,0,1,0,0,0,0,0,0,0,0
1760,2,0,0,1,0,0,0,0,0,0,0,0
1761,53,64,0,1,0,0,0,0,0,0,0,0
1762,53,32,1,1,0,0,0,0,0,0,0,0
1763,51,1,0,1,0,0,0,0,0,0,0,0
1764,2,0,0,1,0,0,0,0,0,0,0,0
1765,53,32,1,1,0,0,0,0,0,0,0,0
1766,2,0,0,1,0,0,0,0,0,0,0,0
1767,23,64,0,1,0,0,0,0,0,0,0,0
1768,11,64,0,1,0,0,0,0,0,0,0,0
1769,32,0,0,1,0,0,0,0,0,0,0,0
1770,30,32,1,1,0,0,0,0,0,0,0,0
1771,23,64,0,1,0,0,0,0,0,0,0,0
1772,11,64,0,1,0,0,0,0,0,0,0,0
1773,32,0,0,1,0,0,0,0,0,0,0,0
1774,30,32,1,1,0,0,0,0,0,0,0,0
1775,52,1,0,1,0,0,0,0,0,0,0,0
1776,2,0,0,1,0,0,0,0,0,0,0,0
1777,52,1,0,1,0,0,0,0,0,0,0,0
1778,2,0,0,1,0,0,0,0,0,0,0,0
1779,16,32,1,1,0,0,0,0,0,0,0,0
1780,12,32,1,1,0,0,0,0,0,0,0,0
1781,2,0,0,1,0,0,0,0,0,0,0,0
1782,53,32,1,1,0,0,0,0,0,0,0,0
1783,2,0,0,1,0,0,0,0,0,0,0,0
1784,11,64,0,1,0,0,0,0,0,0,0,0
1785,2,0,0,1,0,0,0,0,0,0,0,0
1786,23,64,0,1,0,0,0,0,0,0,0,0
1787,27,64,0,1,0,0,0,0,0,0,0,0
1788,32,0,0,1,0,0,0,0,0,0,0,0
1789,31,0,0,1,0,0,0,0,0,0,0,0
1790,2,0,0,1,0,0,0,0,0,0,0,0
1791,11,64,0,1,0,0,0,0,0,0,0,0
1792,2,0,0,1,0,0,0,0,0,0,0,0
1793,2,0,0,0,0,0,0,0,0,0,0,0
1794,2,0,0,0,0,0,0,0,0,0,0,0
1795,53,64,0,1,0,0,0,0,0,0,0,0
1796,51,1,0,1,0,0,0,0,0,0,0,0
1797,2,0,0,1,0,0,0,0,0,0,0,0
1798,2,0,0,0,0,0,0,0,0,0,0,0
1799,2,0,0,1,0,0,0,0,0,0,0,0
1800,2,0,0,1,0,0,0,0,0,0,0,0
1801,53,64,0,1,0,0,0,0,0,0,0,0
1802,53,32,1,1,0,0,0,0,0,0,0,0
1803,51,1,0,1,0,0,0,0,0,0,0,0
1804,2,0,0,1,0,0,0,0,0,0,0,0
1805,53,32,1,1,0,0,0,0,0,0,0,0
1806,2,0,0,1,0,0,0,0,0,0,0,0
1807,23,64,0,1,0,0,0,0,0,0,0,0
1808,11,64,0,1,0,0,0,0,0,0,0,0
1809,32,0,0,1,0,0,0,0,0,0,0,0
1810,30,32,1,1,0,0,0,0,0,0,0,0
1811,23,64,0,1,0,0,0,0,0,0,0,0
1812,11,64,0,1,0,0,0,0,0,0,0,0
1813,32,0,0,1,0,0,0,0,0,0,0,0
1814,30,32,1,1,0,0,0,0,0,0,0,0
1815,52,1,0,1,0,0,0,0,0,0,0,0
1816,2,0,0,1,0,0,0,0,0,0,0,0
1817,52,1,0,1,0,0,0,0,0,0,0,0
1818,2,0,0,1,0,0,0,0,0,0,0,0
1819,16,32,1,1,0,0,0,0,0,0,0,0
1820,12,32,1,1,0,0,0,0,0,0,0,0
1821,2,0,0,1,0,0,0,0,0,0,0,0
1822,53,32,1,1,0,0,0,0,0,0,0,0
1823,2,0,0,1,0,0,0,0,0,0,0,0
1824,11,64,0,1,0,0,0,0,0,0,0,0
1825,2,0,0,1,0,0,0,0,0,0,0,0
1826,23,64,0,1,0,0,0,0,0,0,0,0
1827,32,0,0,1,0,0,0,0,0,0,0,0
1828,31,0,0,1,0,0,0,0,0,0,0,0
1829,2,0,0,1,0,0,0,0,0,0,0,0
1830,2,0,0,1,0,0,0,0,0,0,0,0
1831,53,64,0,1,0,0,0,0,0,0,0,0
1832,53,32,1,1,0,0,0,0,0,0,0,0
1833,51,1,0,1,0,0,0,0,0,0,0,0
1834,2,0,0,1,0,0,0,0,0,0,0,0
1835,53,32,1,1,0,0,0,0,0,0,0,0
1836,2,0,0,1,0,0,0,0,0,0,0,0
1837,23,64,0,1,0,0,0,0,0,0,0,0
1838,11,64,0,1,0,0,0,0,0,0,0,0
1839,32,0,0,1,0,0,0,0,0,0,0,0
1840,30,32,1,1,0,0,0,0,0,0,0,0
1841,23,64,0,1,0,0,0,0,0,0,0,0
1842,11,64,0,1,0,0,0,0,0,0,0,0
1843,32,0,0,1,0,0,0,0,0,0,0,0
1844,30,32,1,1,0,0,0,0,0,0,0,0
1845,52,1,0,1,0,0,0,0,0,0,0,0
1846,2,0,0,1,0,0,0,0,0,0,0,0
1847,52,1,0,1,0,0,0,0,0,0,0,0
1848,2,0,0,1,0,0,0,0,0,0,0,0
1849,16,32,1,1,0,0,0,0,0,0,0,0
1850,12,32,1,1,0,0,0,0,0,0,0,0
1851,2,0,0,1,0,0,0,0,0,0,0,0
1852,53,32,1,1,0,0,0,0,0,0,0,0
1853,2,0,0,1,0,0,0,0,0,0,0,0
1854,11,64,0,1,0,0,0,0,0,0,0,0
1855,2,0,0,1,0,0,0,0,0,0,0,0
1856,23,64,0,1,0,0,0,0,0,0,0,0
1857,27,64,0,1,0,0,0,0,0,0,0,0
1858,32,0,0,1,0,0,0,0,0,0,0,0
1859,31,0,0,1,0,0,0,0,0,0,0,0
1860,2,0,0,1,0,0,0,0,0,0,0,0
1861,2,0,0,1,0,0,0,0,0,0,0,0
1862,53,64,0,1,0,0,0,0,0,0,0,0
1863,53,32,1,1,0,0,0,0,0,0,0,0
1864,51,1,0,1,0,0,0,0,0,0,0,0
1865,2,0,0,1,0,0,0,0,0,0,0,0
1866,53,32,1,1,0,0,0,0,0,0,0,0
1867,2,0,0,1,0,0,0,0,0,0,0,0
1868,23,64,0,1,0,0,0,0,0,0,0,0
1869,11,64,0,1,0,0,0,0,0,0,0,0
1870,32,0,0,1,0,0,0,0,0,0,0,0
1871,30,32,1,1,0,0,0,0,0,0,0,0
1872,23,64,0,1,0,0,0,0,0,0,0,0
1873,11,64,0,1,0,0,0,0,0,0,0,0
1874,32,0,0,1,0,0,0,0,0,0,0,0
1875,30,32,1,1,0,0,0,0,0,0,0,0
1876,52,1,0,1,0,0,0,0,0,0,0,0
1877,2,0,0,1,0,0,0,0,0,0,0,0
1878,52,1,0,1,0,0,0,0,0,0,0,0
1879,2,0,0,1,0,0,0,0,0,0,0,0
1880,16,32,1,1,0,0,0,0,0,0,0,0
1881,12,32,1,1,0,0,0,0,0,0,0,0
1882,2,0,0,1,0,0,0,0,0,0,0,0
1883,53,32,1,1,0,0,0,0,0,0,0,0
1884,2,0,0,1,0,0,0,0,0,0,0,0
1885,11,64,0,1,0,0,0,0,0,0,0,0
1886,2,0,0,1,0,0,0,0,0,0,0,0
1887,23,64,0,1,0,0,0,0,0,0,0,0
1888,27,64,0,1,0,0,0,0,0,0,0,0
1889,32,0,0,1,0,0,0,0,0,0,0,0
1890,31,0,0,1,0,0,0,0,0,0,0,0
1891,2,0,0,1,0,0,0,0,0,0,0,0
1892,2,0,0,1,0,0,0,0,0,0,0,0
1893,53,64,0,1,0,0,0,0,0,0,0,0
1894,53,32,1,1,0,0,0,0,0,0,0,0
1895,51,1,0,1,0,0,0,0,0,0,0,0
1896,2,0,0,1,0,0,0,0,0,0,0,0
1897,53,32,1,1,0,0,0,0,0,0,0,0
1898,2,0,0,1,0,0,0,0,0,0,0,0
1899,23,64,0,1,0,0,0,0,0,0,0,0
1900,11,64,0,1,0,0,0,0,0,0,0,0
1901,32,0,0,1,0,0,0,0,0,0,0,0
1902,30,32,1,1,0,0,0,0,0,0,0,0
1903,23,64,0,1,0,0,0,0,0,0,0,0
1904,11,64,0,1,0,0,0,0,0,0,0,0
1905,32,0,0,1,0,0,0,0,0,0,0,0
1906,30,32,1,1,0,0,0,0,0,0,0,0
1907,52,1,0,1,0,0,0,0,0,0,0,0
1908,2,0,0,1,0,0,0,0,0,0,0,0
1909,52,1,0,1,0,0,0,0,0,0,0,0
1910,2,0,0,1,0,0,0,0,0,0,0,0
1911,16,32,1,1,0,0,0,0,0,0,0,0
1912,12,32,1,1,0,0,0,0,0,0,0,0
1913,2,0,0,1,0,0,0,0,0,0,0,0
1914,53,32,1,1,0,0,0,0,0,0,0,0
1915,2,0,0,1,0,0,0,0,0,0,0,0
1916,11,64,0,1,0,0,0,0,0,0,0,0
1917,2,0,0,1,0,0,0,0,0,0,0,0
1918,23,64,0,1,0,0,0,0,0,0,0,0
1919,27,64,0,1,0,0,0,0,0,0,0,0
1920,32,0,0,1,0,0,0,0,0,0,0,0
1921,31,0,0,1,0,0,0,0,0,0,0,0
1922,2,0,0,1,0,0,0,0,0,0,0,0
1923,2,0,0,1,0,0,0,0,0,0,0,0
1924,53,64,0,1,0,0,0,0,0,0,0,0
1925,53,32,1,1,0,0,0,0,0,0,0,0
1926,51,1,0,1,0,0,0,0,0,0,0,0
1927,2,0,0,1,0,0,0,0,0,0,0,0
1928,53,32,1,1,0,0,0,0,0,0,0,0
1929,2,0,0,1,0,0,0,0,0,0,0,0
1930,23,64,0,1,0,0,0,0,0,0,0,0
1931,11,64,0,1,0,0,0,0,0,0,0,0
1932,32,0,0,1,0,0,0,0,0,0,0,0
1933,30,32,1,1,0,0,0,0,0,0,0,0
1934,23,64,0,1,0,0,0,0,0,0,0,0
1935,11,64,0,1,0,0,0,0,0,0,0,0
1936,32,0,0,1,0,0,0,0,0,0,0,0
1937,30,32,1,1,0,0,0,0,0,0,0,0
1938,52,1,0,1,0,0,0,0,0,0,0,0
1939,2,0,0,1,0,0,0,0,0,0,0,0
1940,52,1,0,1,0,0,0,0,0,0,0,0
1941,2,0,0,1,0,0,0,0,0,0,0,0
1942,16,32,1,1,0,0,0,0,0,0,0,0
1943,12,32,1,1,0,0,0,0,0,0,0,0
1944,2,0,0,1,0,0,0,0,0,0,0,0
1945,53,32,1,1,0,0,0,0,0,0,0,0
1946,2,0,0,1,0,0,0,0,0,0,0,0
1947,11,64,0,1,0,0,0,0,0,0,0,0
1948,2,0,0,1,0,0,0,0,0,0,0,0
1949,23,64,0,1,0,0,0,0,0,0,0,0
1950,27,64,0,1,0,0,0,0,0,0,0,0
1951,32,0,0,1,0,0,0,0,0,0,0,0
1952,31,0,0,1,0,0,0,0,0,0,0,0
1953,2,0,0,1,0,0,0,0,0,0,0,0
1954,2,0,0,1,0,0,0,0,0,0,0,0
1955,53,64,0,1,0,0,0,0,0,0,0,0
1956,53,32,1,1,0,0,0,0,0,0,0,0
1957,51,1,0,1,0,0,0,0,0,0,0,0
1958,2,0,0,1,0,0,0,0,0,0,0,0
1959,53,32,1,1,0,0,0,0,0,0,0,0
1960,2,0,0,1,0,0,0,0,0,0,0,0
1961,23,64,0,1,0,0,0,0,0,0,0,0
1962,11,64,0,1,0,0,0,0,0,0,0,0
1963,32,0,0,1,0,0,0,0,0,0,0,0
1964,30,32,1,1,0,0,0,0,0,0,0,0
1965,23,64,0,1,0,0,0,0,0,0,0,0
1966,11,64,0,1,0,0,0,0,0,0,0,0
1967,32,0,0,1,0,0,0,0,0,0,0,0
1968,30,32,1,1,0,0,0,0,0,0,0,0
1969,52,1,0,1,0,0,0,0,0,0,0,0
1970,2,0,0,1,0,0,0,0,0,0,0,0
1971,52,1,0,1,0,0,0,0,0,0,0,0
1972,2,0,0,1,0,0,0,0,0,0,0,0
1973,16,32,1,1,0,0,0,0,0,0,0,0
1974,12,32,1,1,0,0,0,0,0,0,0,0
1975,2,0,0,1,0,0,0,0,0,0,0,0
1976,53,32,1,1,0,0,0,0,0,0,0,0
1977,2,0,0,1,0,0,0,0,0,0,0,0
1978,11,64,0,1,0,0,0,0,0,0,0,0
1979,2,0,0,1,0,0,0,0,0,0,0,0
1980,23,64,0,1,0,0,0,0,0,0,0,0
1981,27,64,0,1,0,0,0,0,0,0,0,0
1982,32,0,0,1,0,0,0,0,0,0,0,0
1983,31,0,0,1,0,0,0,0,0,0,0,0
1984,2,0,0,1,0,0,0,0,0,0,0,0
1985,2,0,0,1,0,0,0,0,0,0,0,0
1986,53,64,0,1,0,0,0,0,0,0,0,0
1987,53,32,1,1,0,0,0,0,0,0,0,0
1988,51,1,0,1,0,0,0,0,0,0,0,0
1989,2,0,0,1,0,0,0,0,0,0,0,0
1990,53,32,1,1,0,0,0,0,0,0,0,0
1991,2,0,0,1,0,0,0,0,0,0,0,0
1992,23,64,0,1,0,0,0,0,0,0,0,0
1993,11,64,0,1,0,0,0,0,0,0,0,0
1994,32,0,0,1,0,0,0,0,0,0,0,0
1995,30,32,1,1,0,0,0,0,0,0,0,0
1996,23,64,0,1,0,0,0,0,0,0,0,0
1997,11,64,0,1,0,0,0,0,0,0,0,0
1998,32,0,0,1,0,0,0,0,0,0,0,0
1999,30,32,1,1,0,0,0,0,0,0,0,0
2000,52,1,0,1,0,0,0,0,0,0,0,0
2001,2,0,0,1,0,0,0,0,0,0,0,0
2002,52,1,0,1,0,0,0,0,0,0,0,0
2003,2,0,0,1,0,0,0,0,0,0,0,0
2004,16,32,1,1,0,0,0,0,0,0,0,0
2005,12,32,1,1,0,0,0,0,0,0,0,0
2006,2,0,0,1,0,0,0,0,0,0,0,0
2007,53,32,1,1,0,0,0,0,0,0,0,0
2008,2,0,0,1,0,0,0,0,0,0,0,0
2009,11,64,0,1,0,0,0,0,0,0,0,0
2010,2,0,0,1,0,0,0,0,0,0,0,0
2011,23,64,0,1,0,0,0,0,0,0,0,0
2012,27,64,0,1,0,0,0,0,0,0,0,0
2013,32,0,0,1,0,0,0,0,0,0,0,0
2014,31,0,0,1,0,0,0,0,0,0,0,0
2015,2,0,0,1,0,0,0,0,0,0,0,0
2016,2,0,0,1,0,0,0,0,0,0,0,0
2017,53,64,0,1,0,0,0,0,0,0,0,0
2018,53,32,1,1,0,0,0,0,0,0,0,0
2019,51,1,0,1,0,0,0,0,0,0,0,0
2020,2,0,0,1,0,0,0,0,0,0,0,0
2021,53,32,1,1,0,0,0,0,0,0,0,0
2022,2,0,0,1,0,0,0,0,0,0,0,0
2023,23,64,0,1,0,0,0,0,0,0,0,0
2024,11,64,0,1,0,0,0,0,0,0,0,0
2025,32,0,0,1,0,0,0,0,0,0,0,0
2026,30,32,1,1,0,0,0,0,0,0,0,0
2027,23,64,0,1,0,0,0,0,0,0,0,0
2028,11,64,0,1,0,0,0,0,0,0,0,0
2029,32,0,0,1,0,0,0,0,0,0,0,0
2030,30,32,1,1,0,0,0,0,0,0,0,0
2031,52,1,0,1,0,0,0,0,0,0,0,0
2032,2,0,0,1,0,0,0,0,0,0,0,0
2033,52,1,0,1,0,0,0,0,0,0,0,0
2034,2,0,0,1,0,0,0,0,0,0,0,0
2035,16,32,1,1,0,0,0,0,0,0,0,0
2036,12,32,1,1,0,0,0,0,0,0,0,0
2037,2,0,0,1,0,0,0,0,0,0,0,0
2038,53,32,1,1,0,0,0,0,0,0,0,0
2039,2,0,0,1,0,0,0,0,0,0,0,0
2040,11,64,0,1,0,0,0,0,0,0,0,0
2041,2,0,0,1,0,0,0,0,0,0,0,0
2042,23,64,0,1,0,0,0,0,0,0,0,0
2043,27,64,0,1,0,0,0,0,0,0,0,0
2044,32,0,0,1,0,0,0,0,0,0,0,0
2045,31,0,0,1,0,0,0,0,0,0,0,0
2046,2,0,0,1,0,0,0,0,0,0,0,0
2047,11,64,0,1,0,0,0,0,0,0,0,0
2048,2,0,0,1,0,0,0,0,0,0,0,0
2049,1,0,0,0,0,0,0,0,0,0,0,0
2072
3,4
3,19
3,15
3,49
3,45
3,80
3,76
3,111
3,107
3,142
3,138
3,173
3,169
3,204
3,200
3,235
3,231
3,250
3,219
3,188
3,157
3,126
3,95
3,64
3,34
3,255
4,5
9,11
9,20
9,16
9,32
10,13
10,30
10,30
10,28
11,12
13,36
15,16
16,17
17,18
18,23
18,27
19,20
20,21
21,22
22,25
22,27
23,24
25,26
27,28
28,30
30,10
32,9
34,35
35,36
39,41
39,50
39,46
39,62
40,43
40,60
40,60
40,58
41,42
43,67
45,46
46,47
47,48
48,53
48,57
49,50
50,51
51,52
52,55
52,57
53,54
55,56
57,58
58,60
60,40
62,39
64,65
65,66
66,67
70,72
70,81
70,77
70,93
71,74
71,91
71,91
71,89
72,73
74,98
76,77
77,78
78,79
79,84
79,88
80,81
81,82
82,83
83,86
83,88
84,85
86,87
88,89
89,91
91,71
93,70
95,96
96,97
97,98
101,103
101,112
101,108
101,124
102,105
102,122
102,122
102,120
103,104
105,129
107,108
108,109
109,110
110,115
110,119
111,112
112,113
113,114
114,117
114,119
115,116
117,118
119,120
120,122
122,102
124,101
126,127
127,128
128,129
132,134
132,143
132,139
132,155
133,136
133,153
133,153
133,151
134,135
136,160
138,139
139,140
140,141
141,146
141,150
142,143
143,144
144,145
145,148
145,150
146,147
148,149
150,151
151,153
153,133
155,132
157,158
158,159
159,160
163,165
163,174
163,170
163,186
164,167
164,184
164,184
164,182
165,166
167,191
169,170
170,171
171,172
172,177
172,181
173,174
174,175
175,176
176,179
176,181
177,178
179,180
181,182
182,184
184,164
186,163
188,189
189,190
190,191
194,196
194,205
194,201
194,217
195,198
195,215
195,215
195,213
196,197
198,222
200,201
201,202
202,203
203,208
203,212
204,205
205,206
206,207
207,210
207,212
208,209
210,211
212,213
213,215
215,195
217,194
219,220
220,221
221,222
225,227
225,236
225,232
225,248
226,229
226,246
226,246
226,244
227,228
229,253
231,232
232,233
233,234
234,239
234,243
235,236
236,237
237,238
238,241
238,243
239,240
241,242
243,244
244,246
246,226
248,225
250,251
251,252
252,253
255,3
259,260
259,275
259,271
259,305
259,301
259,336
259,332
259,367
259,363
259,398
259,394
259,429
259,425
259,460
259,456
259,491
259,487
259,506
259,475
259,444
259,413
259,382
259,351
259,320
259,290
259,511
260,261
265,267
265,276
265,272
265,288
266,269
266,286
266,286
266,284
267,268
269,292
271,272
272,273
273,274
274,279
274,283
275,276
276,277
277,278
278,281
278,283
279,280
281,282
283,284
284,286
286,266
288,265
290,291
291,292
295,297
295,306
295,302
295,318
296,299
296,316
296,316
296,314
297,298
299,323
301,302
302,303
303,304
304,309
304,313
305,306
306,307
307,308
308,311
308,313
309,310
311,312
313,314
314,316
316,296
318,295
320,321
321,322
322,323
326,328
326,337
326,333
326,349
327,330
327,347
327,347
327,345
328,329
330,354
332,333
333,334
334,335
335,340
335,344
336,337
337,338
338,339
339,342
339,344
340,341
342,343
344,345
345,347
347,327
349,326
351,352
352,353
353,354
357,359
357,368
357,364
357,380
358,361
358,378
358,378
358,376
359,360
361,385
363,364
364,365
365,366
366,371
366,375
367,368
368,369
369,370
370,373
370,375
371,372
373,374
375,376
376,378
378,358
380,357
382,383
383,384
384,385
388,390
388,399
388,395
388,411
389,392
389,409
389,409
389,407
390,391
392,416
394,395
395,396
396,397
397,402
397,406
398,399
399,400
400,401
401,404
401,406
402,403
404,405
406,407
407,409
409,389
411,388
413,414
414,415
415,416
419,421
419,430
419,426
419,442
420,423
420,440
420,440
420,438
421,422
423,447
425,426
426,427
427,428
428,433
428,437
429,430
430,431
431,432
432,435
432,437
433,434
435,436
437,438
438,440
440,420
442,419
444,445
445,446
446,447
450,452
450,461
450,457
450,473
451,454
451,471
451,471
451,469
452,453
454,478
456,457
457,458
458,459
459,464
459,468
460,461
461,462
462,463
463,466
463,468
464,465
466,467
468,469
469,471
471,451
473,450
475,476
476,477
477,478
481,483
481,492
481,488
481,504
482,485
482,502
482,502
482,500
483,484
485,509
487,488
488,489
489,490
490,495
490,499
491,492
492,493
493,494
494,497
494,499
495,496
497,498
499,500
500,502
502,482
504,481
506,507
507,508
508,509
511,259
515,516
515,531
515,527
515,561
515,557
515,592
515,588
515,623
515,619
515,654
515,650
515,685
515,681
515,716
515,712
515,747
515,743
515,762
515,731
515,700
515,669
515,638
515,607
515,576
515,546
515,767
516,517
521,523
521,532
521,528
521,544
522,525
522,542
522,542
522,540
523,524
525,548
527,528
528,529
529,530
530,535
530,539
531,532
532,533
533,534
534,537
534,539
535,536
537,538
539,540
540,542
542,522
544,521
546,547
547,548
551,553
551,562
551,558
551,574
552,555
552,572
552,572
552,570
553,554
555,579
557,558
558,559
559,560
560,565
560,569
561,562
562,563
563,564
564,567
564,569
565,566
567,568
569,570
570,572
572,552
574,551
576,577
577,578
578,579
582,584
582,593
582,589
582,605
583,586
583,603
583,603
583,601
584,585
586,610
588,589
589,590
590,591
591,596
591,600
592,593
593,594
594,595
595,598
595,600
596,597
598,599
600,601
601,603
603,583
605,582
607,608
608,609
609,610
613,615
613,624
613,620
613,636
614,617
614,634
614,634
614,632
615,616
617,641
619,620
620,621
621,622
622,627
622,631
623,624
624,625
625,626
626,629
626,631
627,628
629,630
631,632
632,634
634,614
636,613
638,639
639,640
640,641
644,646
644,655
644,651
644,667
645,648
645,665
645,665
645,663
646,647
648,672
650,651
651,652
652,653
653,658
653,662
654,655
655,656
656,657
657,660
657,662
658,659
660,661
662,663
663,665
665,645
667,644
669,670
670,671
671,672
675,677
675,686
675,682
675,698
676,679
676,696
676,696
676,694
677,678
679,703
681,682
682,683
683,684
684,689
684,693
685,686
686,687
687,688
688,691
688,693
689,690
691,692
693,694
694,696
696,676
698,675
700,701
701,702
702,703
706,708
706,717
706,713
706,729
707,710
707,727
707,727
707,725
708,709
710,734
712,713
713,714
714,715
715,720
715,724
716,717
717,718
718,719
719,722
719,724
720,721
722,723
724,725
725,727
727,707
729,706
731,732
732,733
733,734
737,739
737,748
737,744
737,760
738,741
738,758
738,758
738,756
739,740
741,765
743,744
744,745
745,746
746,751
746,755
747,748
748,749
749,750
750,753
750,755
751,752
753,754
755,756
756,758
758,738
760,737
762,763
763,764
764,765
767,515
771,772
771,787
771,783
771,817
771,813
771,848
771,844
771,879
771,875
771,910
771,906
771,941
771,937
771,972
771,968
771,1003
771,999
771,1018
771,987
771,956
771,925
771,894
771,863
771,832
771,802
771,1023
772,773
777,779
777,788
777,784
777,800
778,781
778,798
778,798
778,796
779,780
781,804
783,784
784,785
785,786
786,791
786,795
787,788
788,789
789,790
790,793
790,795
791,792
793,794
795,796
796,798
798,778
800,777
802,803
803,804
807,809
807,818
807,814
807,830
808,811
808,828
808,828
808,826
809,810
811,835
813,814
814,815
815,816
816,821
816,825
817,818
818,819
819,820
820,823
820,825
821,822
823,824
825,826
826,828
828,808
830,807
832,833
833,834
834,835
838,840
838,849
838,845
838,861
839,842
839,859
839,859
839,857
840,841
842,866
844,845
845,846
846,847
847,852
847,856
848,849
849,850
850,851
851,854
851,856
852,853
854,855
856,857
857,859
859,839
861,838
863,864
864,865
865,866
869,871
869,880
869,876
869,892
870,873
870,890
870,890
870,888
871,872
873,897
875,876
876,877
877,878
878,883
878,887
879,880
880,881
881,882
882,885
882,887
883,884
885,886
887,888
888,890
890,870
892,869
894,895
895,896
896,897
900,902
900,911
900,907
900,923
901,904
901,921
901,921
901,919
902,903
904,928
906,907
907,908
908,909
909,914
909,918
910,911
911,912
912,913
913,916
913,918
914,915
916,917
918,919
919,921
921,901
923,900
925,926
926,927
927,928
931,933
931,942
931,938
931,954
932,935
932,952
932,952
932,950
933,934
935,959
937,938
938,939
939,940
940,945
940,949
941,942
942,943
943,944
944,947
944,949
945,946
947,948
949,950
950,952
952,932
954,931
956,957
957,958
958,959
962,964
962,973
962,969
962,985
963,966
963,983
963,983
963,981
964,965
966,990
968,969
969,970
970,971
971,976
971,980
972,973
973,974
974,975
975,978
975,980
976,977
978,979
980,981
981,983
983,963
985,962
987,988
988,989
989,990
993,995
993,1004
993,1000
993,1016
994,997
994,1014
994,1014
994,1012
995,996
997,1021
999,1000
1000,1001
1001,1002
1002,1007
1002,1011
1003,1004
1004,1005
1005,1006
1006,1009
1006,1011
1007,1008
1009,1010
1011,1012
1012,1014
1014,994
1016,993
1018,1019
1019,1020
1020,1021
1023,771
1027,1028
1027,1043
1027,1039
1027,1073
1027,1069
1027,1104
1027,1100
1027,1135
1027,1131
1027,1166
1027,1162
1027,1197
1027,1193
1027,1228
1027,1224
1027,1259
1027,1255
1027,1274
1027,1243
1027,1212
1027,1181
1027,1150
1027,1119
1027,1088
1027,1058
1027,1279
1028,1029
1033,1035
1033,1044
1033,1040
1033,1056
1034,1037
1034,1054
1034,1054
1034,1052
1035,1036
1037,1060
1039,1040
1040,1041
1041,1042
1042,1047
1042,1051
1043,1044
1044,1045
1045,1046
1046,1049
1046,1051
1047,1048
1049,1050
1051,1052
1052,1054
1054,1034
1056,1033
1058,1059
1059,1060
1063,1065
1063,1074
1063,1070
1063,1086
1064,1067
1064,1084
1064,1084
1064,1082
1065,1066
1067,1091
1069,1070
1070,1071
1071,1072
1072,1077
1072,1081
1073,1074
1074,1075
1075,1076
1076,1079
1076,1081
1077,1078
1079,1080
1081,1082
1082,1084
1084,1064
1086,1063
1088,1089
1089,1090
1090,1091
1094,1096
1094,1105
1094,1101
1094,1117
1095,1098
1095,1115
1095,1115
1095,1113
1096,1097
1098,1122
1100,1101
1101,1102
1102,1103
1103,1108
1103,1112
1104,1105
1105,1106
1106,1107
1107,1110
1107,1112
1108,1109
1110,1111
1112,1113
1113,1115
1115,1095
1117,1094
1119,1120
1120,1121
1121,1122
1125,1127
1125,1136
1125,1132
1125,1148
1126,1129
1126,1146
1126,1146
1126,1144
1127,1128
1129,1153
1131,1132
1132,1133
1133,1134
1134,1139
1134,1143
1135,1136
1136,1137
1137,1138
1138,1141
1138,1143
1139,1140
1141,1142
1143,1144
1144,1146
1146,1126
1148,1125
1150,1151
1151,1152
1152,1153
1156,1158
1156,1167
1156,1163
1156,1179
1157,1160
1157,1177
1157,1177
1157,1175
1158,1159
1160,1184
1162,1163
1163,1164
1164,1165
1165,1170
1165,1174
1166,1167
1167,1168
1168,1169
1169,1172
1169,1174
1170,1171
1172,1173
1174,1175
1175,1177
1177,1157
1179,1156
1181,1182
1182,1183
1183,1184
1187,1189
1187,1198
1187,1194
1187,1210
1188,1191
1188,1208
1188,1208
1188,1206
1189,1190
1191,1215
1193,1194
1194,1195
1195,1196
1196,1201
1196,1205
1197,1198
1198,1199
1199,1200
1200,1203
1200,1205
1201,1202
1203,1204
1205,1206
1206,1208
1208,1188
1210,1187
1212,1213
1213,1214
1214,1215
1218,1220
1218,1229
1218,1225
1218,1241
1219,1222
1219,1239
1219,1239
1219,1237
1220,1221
1222,1246
1224,1225
1225,1226
1226,1227
1227,1232
1227,1236
1228,1229
1229,1230
1230,1231
1231,1234
1231,1236
1232,1233
1234,1235
1236,1237
1237,1239
1239,1219
1241,1218
1243,1244
1244,1245
1245,1246
1249,1251
1249,1260
1249,1256
1249,1272
1250,1253
1250,1270
1250,1270
1250,1268
1251,1252
1253,1277
1255,1256
1256,1257
1257,1258
1258,1263
1258,1267
1259,1260
1260,1261
1261,1262
1262,1265
1262,1267
1263,1264
1265,1266
1267,1268
1268,1270
1270,1250
1272,1249
1274,1275
1275,1276
1276,1277
1279,1027
1283,1284
1283,1299
1283,1295
1283,1329
1283,1325
1283,1360
1283,1356
1283,1391
1283,1387
1283,1422
1283,1418
1283,1453
1283,1449
1283,1484
1283,1480
1283,1515
1283,1511
1283,1530
1283,1499
1283,1468
1283,1437
1283,1406
1283,1375
1283,1344
1283,1314
1283,1535
1284,1285
1289,1291
1289,1300
1289,1296
1289,1312
1290,1293
1290,1310
1290,1310
1290,1308
1291,1292
1293,1316
1295,1296
1296,1297
1297,1298
1298,1303
1298,1307
1299,1300
1300,1301
1301,1302
1302,1305
1302,1307
1303,1304
1305,1306
1307,1308
1308,1310
1310,1290
1312,1289
1314,1315
1315,1316
1319,1321
1319,1330
1319,1326
1319,1342
1320,1323
1320,1340
1320,1340
1320,1338
1321,1322
1323,1347
1325,1326
1326,1327
1327,1328
1328,1333
1328,1337
1329,1330
1330,1331
1331,1332
1332,1335
1332,1337
1333,1334
1335,1336
1337,1338
1338,1340
1340,1320
1342,1319
1344,1345
1345,1346
1346,1347
1350,1352
1350,1361
1350,1357
1350,1373
1351,1354
1351,1371
1351,1371
1351,1369
1352,1353
1354,1378
1356,1357
1357,1358
1358,1359
1359,1364
1359,1368
1360,1361
1361,1362
1362,1363
1363,1366
1363,1368
1364,1365
1366,1367
1368,1369
1369,1371
1371,1351
1373,1350
1375,1376
1376,1377
1377,1378
1381,1383
1381,1392
1381,1388
1381,1404
1382,1385
1382,1402
1382,1402
1382,1400
1383,1384
1385,1409
1387,1388
1388,1389
1389,1390
1390,1395
1390,1399
1391,1392
1392,1393
1393,1394
1394,1397
1394,1399
1395,1396
1397,1398
1399,1400
1400,1402
1402,1382
1404,1381
1406,1407
1407,1408
1408,1409
1412,1414
1412,1423
1412,1419
1412,1435
1413,1416
1413,1433
1413,1433
1413,1431
1414,1415
1416,1440
1418,1419
1419,1420
1420,1421
1421,1426
1421,1430
1422,1423
1423,1424
1424,1425
1425,1428
1425,1430
1426,1427
1428,1429
1430,1431
1431,1433
1433,1413
1435,1412
1437,1438
1438,1439
1439,1440
1443,1445
1443,1454
1443,1450
1443,1466
1444,1447
1444,1464
1444,1464
1444,1462
1445,1446
1447,1471
1449,1450
1450,1451
1451,1452
1452,1457
1452,1461
1453,1454
1454,1455
1455,1456
1456,1459
1456,1461
1457,1458
1459,1460
1461,1462
1462,1464
1464,1444
1466,1443
1468,1469
1469,1470
1470,1471
1474,1476
1474,1485
1474,1481
1474,1497
1475,1478
1475,1495
1475,1495
1475,1493
1476,1477
1478,1502
1480,1481
1481,1482
1482,1483
1483,1488
1483,1492
1484,1485
1485,1486
1486,1487
1487,1490
1487,1492
1488,1489
1490,1491
1492,1493
1493,1495
1495,1475
1497,1474
1499,1500
1500,1501
1501,1502
1505,1507
1505,1516
1505,1512
1505,1528
1506,1509
1506,1526
1506,1526
1506,1524
1507,1508
1509,1533
1511,1512
1512,1513
1513,1514
1514,1519
1514,1523
1515,1516
1516,1517
1517,1518
1518,1521
1518,1523
1519,1520
1521,1522
1523,1524
1524,1526
1526,1506
1528,1505
1530,1531
1531,1532
1532,1533
1535,1283
1539,1540
1539,1555
1539,1551
1539,1585
1539,1581
1539,1616
1539,1612
1539,1647
1539,1643
1539,1678
1539,1674
1539,1709
1539,1705
1539,1740
1539,1736
1539,1771
1539,1767
1539,1786
1539,1755
1539,1724
1539,1693
1539,1662
1539,1631
1539,1600
1539,1570
1539,1791
1540,1541
1545,1547
1545,1556
1545,1552
1545,1568
1546,1549
1546,1566
1546,1566
1546,1564
1547,1548
1549,1572
1551,1552
1552,1553
1553,1554
1554,1559
1554,1563
1555,1556
1556,1557
1557,1558
1558,1561
1558,1563
1559,1560
1561,1562
1563,1564
1564,1566
1566,1546
1568,1545
1570,1571
1571,1572
1575,1577
1575,1586
1575,1582
1575,1598
1576,1579
1576,1596
1576,1596
1576,1594
1577,1578
1579,1603
1581,1582
1582,1583
1583,1584
1584,1589
1584,1593
1585,1586
1586,1587
1587,1588
1588,1591
1588,1593
1589,1590
1591,1592
1593,1594
1594,1596
1596,1576
1598,1575
1600,1601
1601,1602
1602,1603
1606,1608
1606,1617
1606,1613
1606,1629
1607,1610
1607,1627
1607,1627
1607,1625
1608,1609
1610,1634
1612,1613
1613,1614
1614,1615
1615,1620
1615,1624
1616,1617
1617,1618
1618,1619
1619,1622
1619,1624
1620,1621
1622,1623
1624,1625
1625,1627
1627,1607
1629,1606
1631,1632
1632,1633
1633,1634
1637,1639
1637,1648
1637,1644
1637,1660
1638,1641
1638,1658
1638,1658
1638,1656
1639,1640
1641,1665
1643,1644
1644,1645
1645,1646
1646,1651
1646,1655
1647,1648
1648,1649
1649,1650
1650,1653
1650,1655
1651,1652
1653,1654
1655,1656
1656,1658
1658,1638
1660,1637
1662,1663
1663,1664
1664,1665
1668,1670
1668,1679
1668,1675
1668,1691
1669,1672
1669,1689
1669,1689
1669,1687
1670,1671
1672,1696
1674,1675
1675,1676
1676,1677
1677,1682
1677,1686
1678,1679
1679,1680
1680,1681
1681,1684
1681,1686
1682,1683
1684,1685
1686,1687
1687,1689
1689,1669
1691,1668
1693,1694
1694,1695
1695,1696
1699,1701
1699,1710
1699,1706
1699,1722
1700,1703
1700,1720
1700,1720
1700,1718
1701,1702
1703,1727
1705,1706
1706,1707
1707,1708
1708,1713
1708,1717
1709,1710
1710,1711
1711,1712
1712,1715
1712,1717
1713,1714
1715,1716
1717,1718
1718,1720
1720,1700
1722,1699
1724,1725
1725,1726
1726,1727
1730,1732
1730,1741
1730,1737
1730,1753
1731,1734
1731,1751
1731,1751
1731,1749
1732,1733
1734,1758
1736,1737
1737,1738
1738,1739
1739,1744
1739,1748
1740,1741
1741,1742
1742,1743
1743,1746
1743,1748
1744,1745
1746,1747
1748,1749
1749,1751
1751,1731
1753,1730
1755,1756
1756,1757
1757,1758
1761,1763
1761,1772
1761,1768
1761,1784
1762,1765
1762,1782
1762,1782
1762,1780
1763,1764
1765,1789
1767,1768
1768,1769
1769,1770
1770,1775
1770,1779
1771,1772
1772,1773
1773,1774
1774,1777
1774,1779
1775,1776
1777,1778
1779,1780
1780,1782
1782,1762
1784,1761
1786,1787
1787,1788
1788,1789
1791,1539
1795,1796
1795,1811
1795,1807
1795,1841
1795,1837
1795,1872
1795,1868
1795,1903
1795,1899
1795,1934
1795,1930
1795,1965
1795,1961
1795,1996
1795,1992
1795,2027
1795,2023
1795,2042
1795,2011
1795,1980
1795,1949
1795,1918
1795,1887
1795,1856
1795,1826
1795,2047
1796,1797
1801,1803
1801,1812
1801,1808
1801,1824
1802,1805
1802,1822
1802,1822
1802,1820
1803,1804
1805,1828
1807,1808
1808,1809
1809,1810
1810,1815
1810,1819
1811,1812
1812,1813
1813,1814
1814,1817
1814,1819
1815,1816
1817,1818
1819,1820
1820,1822
1822,1802
1824,1801
1826,1827
1827,1828
1831,1833
1831,1842
1831,1838
1831,1854
1832,1835
1832,1852
1832,1852
1832,1850
1833,1834
1835,1859
1837,1838
1838,1839
1839,1840
1840,1845
1840,1849
1841,1842
1842,1843
1843,1844
1844,1847
1844,1849
1845,1846
1847,1848
1849,1850
1850,1852
1852,1832
1854,1831
1856,1857
1857,1858
1858,1859
1862,1864
1862,1873
1862,1869
1862,1885
1863,1866
1863,1883
1863,1883
1863,1881
1864,1865
1866,1890
1868,1869
1869,1870
1870,1871
1871,1876
1871,1880
1872,1873
1873,1874
1874,1875
1875,1878
1875,1880
1876,1877
1878,1879
1880,1881
1881,1883
1883,1863
1885,1862
1887,1888
1888,1889
1889,1890
1893,1895
1893,1904
1893,1900
1893,1916
1894,1897
1894,1914
1894,1914
1894,1912
1895,1896
1897,1921
1899,1900
1900,1901
1901,1902
1902,1907
1902,1911
1903,1904
1904,1905
1905,1906
1906,1909
1906,1911
1907,1908
1909,1910
1911,1912
1912,1914
1914,1894
1916,1893
1918,1919
1919,1920
1920,1921
1924,1926
1924,1935
1924,1931
1924,1947
1925,1928
1925,1945
1925,1945
1925,1943
1926,1927
1928,1952
1930,1931
1931,1932
1932,1933
1933,1938
1933,1942
1934,1935
1935,1936
1936,1937
1937,1940
1937,1942
1938,1939
1940,1941
1942,1943
1943,1945
1945,1925
1947,1924
1949,1950
1950,1951
1951,1952
1955,1957
1955,1966
1955,1962
1955,1978
1956,1959
1956,1976
1956,1976
1956,1974
1957,1958
1959,1983
1961,1962
1962,1963
1963,1964
1964,1969
1964,1973
1965,1966
1966,1967
1967,1968
1968,1971
1968,1973
1969,1970
1971,1972
1973,1974
1974,1976
1976,1956
1978,1955
1980,1981
1981,1982
1982,1983
1986,1988
1986,1997
1986,1993
1986,2009
1987,1990
1987,2007
1987,2007
1987,2005
1988,1989
1990,2014
1992,1993
1993,1994
1994,1995
1995,2000
1995,2004
1996,1997
1997,1998
1998,1999
1999,2002
1999,2004
2000,2001
2002,2003
2004,2005
2005,2007
2007,1987
2009,1986
2011,2012
2012,2013
2013,2014
2017,2019
2017,2028
2017,2024
2017,2040
2018,2021
2018,2038
2018,2038
2018,2036
2019,2020
2021,2045
2023,2024
2024,2025
2025,2026
2026,2031
2026,2035
2027,2028
2028,2029
2029,2030
2030,2033
2030,2035
2031,2032
2033,2034
2035,2036
2036,2038
2038,2018
2040,2017
2042,2043
2043,2044
2044,2045
2047,1795
