35
1,2,0,0,0,0,0,0,0,0,0,0,0
2,2,0,0,0,0,0,0,0,0,0,0,0
3,53,64,0,1,0,0,0,0,0,0,0,0
4,53,64,0,1,0,0,0,0,0,0,0,0
5,51,1,0,1,0,0,0,0,0,0,0,0
6,2,0,0,1,0,0,0,0,0,0,0,0
7,2,0,0,0,0,0,0,0,0,0,0,0
8,32,0,0,1,0,0,0,0,0,0,0,0
9,30,32,1,1,0,0,0,0,0,0,0,0
10,2,0,0,1,0,0,0,0,0,0,0,0
11,2,0,0,1,0,0,0,0,0,0,0,0
12,53,64,0,1,0,0,0,0,0,0,0,0
13,53,32,1,1,0,0,0,0,0,0,0,0
14,51,1,0,1,0,0,0,0,0,0,0,0
15,2,0,0,1,0,0,0,0,0,0,0,0
16,53,32,1,1,0,0,0,0,0,0,0,0
17,2,0,0,1,0,0,0,0,0,0,0,0
18,11,64,0,1,0,0,0,0,0,0,0,0
19,32,0,0,1,0,0,0,0,0,0,0,0
20,30,32,1,1,0,0,0,0,0,0,0,0
21,12,32,1,1,0,0,0,0,0,0,0,0
22,2,0,0,1,0,0,0,0,0,0,0,0
23,11,64,0,1,0,0,0,0,0,0,0,0
24,2,0,0,1,0,0,0,0,0,0,0,0
25,36,32,0,1,0,0,0,0,0,0,0,0
26,15,32,0,1,0,0,0,0,0,0,0,0
27,11,32,0,1,0,0,0,0,0,0,0,0
28,37,64,0,1,0,0,0,0,0,0,0,0
29,32,0,0,1,0,0,0,0,0,0,0,0
30,31,0,0,1,0,0,0,0,0,0,0,0
31,11,64,0,1,0,0,0,0,0,0,0,0
32,2,0,0,1,0,0,0,0,0,0,0,0
33,11,64,0,1,0,0,0,0,0,0,0,0
34,2,0,0,1,0,0,0,0,0,0,0,0
35,1,0,0,0,0,0,0,0,0,0,0,0
30
3,18
3,31
4,5
4,14
4,8
4,25
4,33
5,6
8,9
9,13
12,14
12,18
12,23
13,16
13,21
14,15
16,30
18,19
19,20
20,21
21,13
23,12
25,26
25,26
26,27
27,28
28,29
29,30
31,3
33,4
