33
1,2,0,0,0,0,0,0,0,0,0,0,0
2,2,0,0,0,0,0,0,0,0,0,0,0
3,53,64,0,1,0,0,0,0,0,0,0,0
4,51,1,0,1,0,0,0,0,0,0,0,0
5,2,0,0,1,0,0,0,0,0,0,0,0
6,2,0,0,0,0,0,0,0,0,0,0,0
7,32,0,0,1,0,0,0,0,0,0,0,0
8,30,32,0,1,0,0,0,0,0,0,0,0
9,38,64,0,1,0,0,0,0,0,0,0,0
10,32,0,0,1,0,0,0,0,0,0,0,0
11,30,32,1,1,0,0,0,0,0,0,0,0
12,54,32,1,1,0,0,0,0,0,0,0,0
13,32,0,0,1,0,0,0,0,0,0,0,0
14,30,32,0,1,0,0,0,0,0,0,0,0
15,38,64,0,1,0,0,0,0,0,0,0,0
16,32,0,0,1,0,0,0,0,0,0,0,0
17,31,0,0,1,0,0,0,0,0,0,0,0
18,2,0,0,1,0,0,0,0,0,0,0,0
19,11,64,0,1,0,0,0,0,0,0,0,0
20,2,0,0,1,0,0,0,0,0,0,0,0
21,1,0,0,0,0,0,0,0,0,0,0,0
22,12,32,1,0,0,0,0,0,0,0,0,0
23,16,32,1,0,0,0,0,0,0,0,0,0
24,12,32,1,0,0,0,0,0,0,0,0,0
25,16,32,1,0,0,0,0,0,0,0,0,0
26,12,32,1,0,0,0,0,0,0,0,0,0
27,16,32,1,0,0,0,0,0,0,0,0,0
28,12,32,1,0,0,0,0,0,0,0,0,0
29,16,32,1,0,0,0,0,0,0,0,0,0
30,12,32,1,0,0,0,0,0,0,0,0,0
31,16,32,1,0,0,0,0,0,0,0,0,0
32,12,32,1,0,0,0,0,0,0,0,0,0
33,1,0,0,0,0,0,0,0,0,0,0,0
27
3,4
3,13
3,7
3,19
4,5
7,8
8,9
9,10
10,11
11,12
12,17
13,14
14,15
15,16
16,17
19,3
22,23
23,24
24,25
25,26
26,27
27,28
28,29
29,30
30,31
31,32
32,33
