90
1,29,0,0,0,0,0,0,0,0,0,0,0
2,29,0,0,0,0,0,0,0,0,0,0,0
3,29,0,0,0,0,0,0,0,0,0,0,0
4,29,0,0,0,0,0,0,0,0,0,0,0
5,23,32,0,0,0,0,0,0,0,0,0,0
6,2,0,0,0,0,0,0,0,0,0,0,0
7,38,64,0,0,0,0,0,0,0,0,0,0
8,38,64,0,0,0,0,0,0,0,0,0,0
9,38,64,0,0,0,0,0,0,0,0,0,0
10,2,0,0,0,0,0,0,0,0,0,0,0
11,53,64,0,1,0,0,0,0,0,0,0,0
12,53,32,0,1,0,0,0,0,0,0,0,0
13,53,32,0,1,0,0,0,0,0,0,0,0
14,51,1,0,1,0,0,0,0,0,0,0,0
15,2,0,0,1,0,0,0,0,0,0,0,0
16,2,0,0,0,0,0,0,0,0,0,0,0
17,11,64,0,1,0,0,0,0,0,0,0,0
18,11,64,0,1,0,0,0,0,0,0,0,0
19,32,0,0,1,0,0,0,0,0,0,0,0
20,30,32,0,1,0,0,0,0,0,0,0,0
21,11,64,0,1,0,0,0,0,0,0,0,0
22,11,64,0,1,0,0,0,0,0,0,0,0
23,32,0,0,1,0,0,0,0,0,0,0,0
24,30,32,0,1,0,0,0,0,0,0,0,0
25,38,64,0,1,0,0,0,0,0,0,0,0
26,32,0,0,1,0,0,0,0,0,0,0,0
27,30,32,0,1,0,0,0,0,0,0,0,0
28,38,64,0,1,0,0,0,0,0,0,0,0
29,32,0,0,1,0,0,0,0,0,0,0,0
30,30,32,0,1,0,0,0,0,0,0,0,0
31,47,0,0,1,0,0,0,0,0,0,0,0
32,54,0,0,1,0,0,0,0,0,0,0,0
33,47,0,0,1,0,0,0,0,0,0,0,0
34,54,0,0,1,0,0,0,0,0,0,0,0
35,47,0,0,1,0,0,0,0,0,0,0,0
36,54,0,0,1,0,0,0,0,0,0,0,0
37,47,0,0,1,0,0,0,0,0,0,0,0
38,54,0,0,1,0,0,0,0,0,0,0,0
39,54,0,0,1,0,0,0,0,0,0,0,0
40,30,32,0,1,0,0,0,0,0,0,0,0
41,38,64,0,1,0,0,0,0,0,0,0,0
42,32,0,0,1,0,0,0,0,0,0,0,0
43,31,0,0,1,0,0,0,0,0,0,0,0
44,30,32,0,1,0,0,0,0,0,0,0,0
45,30,32,0,1,0,0,0,0,0,0,0,0
46,30,32,0,1,0,0,0,0,0,0,0,0
47,38,64,0,1,0,0,0,0,0,0,0,0
48,32,0,0,1,0,0,0,0,0,0,0,0
49,31,0,0,1,0,0,0,0,0,0,0,0
50,47,0,0,1,0,0,0,0,0,0,0,0
51,54,0,0,1,0,0,0,0,0,0,0,0
52,47,0,0,1,0,0,0,0,0,0,0,0
53,54,0,0,1,0,0,0,0,0,0,0,0
54,47,0,0,1,0,0,0,0,0,0,0,0
55,54,0,0,1,0,0,0,0,0,0,0,0
56,47,0,0,1,0,0,0,0,0,0,0,0
57,54,0,0,1,0,0,0,0,0,0,0,0
58,2,0,0,1,0,0,0,0,0,0,0,0
59,11,64,0,1,0,0,0,0,0,0,0,0
60,2,0,0,1,0,0,0,0,0,0,0,0
61,1,0,0,0,0,0,0,0,0,0,0,0
62,28,32,0,0,0,0,0,0,0,0,0,0
63,28,32,0,0,0,0,0,0,0,0,0,0
64,21,32,0,0,0,0,0,0,0,0,0,0
65,23,32,0,0,0,0,0,0,0,0,0,0
66,21,32,0,0,0,0,0,0,0,0,0,0
67,13,32,0,0,0,0,0,0,0,0,0,0
68,25,32,0,0,0,0,0,0,0,0,0,0
69,27,32,0,0,0,0,0,0,0,0,0,0
70,28,32,0,0,0,0,0,0,0,0,0,0
71,28,32,0,0,0,0,0,0,0,0,0,0
72,26,32,0,0,0,0,0,0,0,0,0,0
73,11,32,0,0,0,0,0,0,0,0,0,0
74,13,32,0,0,0,0,0,0,0,0,0,0
75,31,0,0,0,0,0,0,0,0,0,0,0
76,21,32,0,0,0,0,0,0,0,0,0,0
77,23,32,0,0,0,0,0,0,0,0,0,0
78,21,32,0,0,0,0,0,0,0,0,0,0
79,13,32,0,0,0,0,0,0,0,0,0,0
80,25,32,0,0,0,0,0,0,0,0,0,0
81,27,32,0,0,0,0,0,0,0,0,0,0
82,11,32,0,0,0,0,0,0,0,0,0,0
83,11,32,0,0,0,0,0,0,0,0,0,0
84,26,32,0,0,0,0,0,0,0,0,0,0
85,11,32,0,0,0,0,0,0,0,0,0,0
86,11,32,0,0,0,0,0,0,0,0,0,0
87,31,0,0,0,0,0,0,0,0,0,0,0
88,31,0,0,0,0,0,0,0,0,0,0,0
89,31,0,0,0,0,0,0,0,0,0,0,0
90,1,0,0,0,0,0,0,0,0,0,0,0
94
1,56
1,44
1,39
1,31
2,54
2,45
2,39
2,33
3,52
3,40
3,39
3,35
4,50
4,46
4,39
4,37
5,7
7,14
8,17
9,21
11,21
11,17
11,14
11,59
12,39
13,39
14,15
17,18
18,19
19,20
20,25
20,41
21,22
22,23
23,24
24,28
24,47
25,26
26,27
27,39
28,29
29,30
30,39
31,32
33,34
35,36
37,38
40,43
41,42
42,43
44,12
45,13
46,49
47,48
48,49
50,51
52,53
54,55
56,57
59,11
62,64
62,66
62,71
63,70
64,65
65,69
66,67
67,68
68,69
69,70
70,71
70,73
71,72
71,82
72,73
73,74
73,76
73,78
73,83
74,75
76,77
77,81
78,79
79,80
80,81
81,82
82,83
82,85
83,84
83,89
84,85
85,86
85,88
86,87
