1069
1,29,0,0,0,0,0,0,0,0,0,0
2,47,0,0,0,0,0,0,0,0,0,0
3,54,0,0,0,0,0,0,0,0,0,0
4,32,0,0,0,0,0,0,0,0,0,0
5,30,8,0,0,0,0,0,0,0,0,0
6,37,32,0,0,0,0,0,0,0,0,0
7,32,0,0,0,0,0,0,0,0,0,0
8,30,8,0,0,0,0,0,0,0,0,0
9,37,32,0,0,0,0,0,0,0,0,0
10,13,32,0,0,0,0,0,0,0,0,0
11,32,0,0,0,0,0,0,0,0,0,0
12,30,8,0,0,0,0,0,0,0,0,0
13,37,32,0,0,0,0,0,0,0,0,0
14,32,0,0,0,0,0,0,0,0,0,0
15,30,8,0,0,0,0,0,0,0,0,0
16,37,32,0,0,0,0,0,0,0,0,0
17,13,32,0,0,0,0,0,0,0,0,0
18,15,32,0,0,0,0,0,0,0,0,0
19,32,0,0,0,0,0,0,0,0,0,0
20,30,8,0,0,0,0,0,0,0,0,0
21,37,32,0,0,0,0,0,0,0,0,0
22,32,0,0,0,0,0,0,0,0,0,0
23,30,8,0,0,0,0,0,0,0,0,0
24,37,32,0,0,0,0,0,0,0,0,0
25,13,32,0,0,0,0,0,0,0,0,0
26,32,0,0,0,0,0,0,0,0,0,0
27,30,8,0,0,0,0,0,0,0,0,0
28,37,32,0,0,0,0,0,0,0,0,0
29,32,0,0,0,0,0,0,0,0,0,0
30,30,8,0,0,0,0,0,0,0,0,0
31,37,32,0,0,0,0,0,0,0,0,0
32,13,32,0,0,0,0,0,0,0,0,0
33,15,32,0,0,0,0,0,0,0,0,0
34,13,32,0,0,0,0,0,0,0,0,0
35,31,0,0,0,0,0,0,0,0,0,0
36,30,32,0,0,0,0,0,0,0,0,0
37,47,0,0,0,0,0,0,0,0,0,0
38,54,0,0,0,0,0,0,0,0,0,0
39,1,0,0,0,0,0,0,0,0,0,0
40,29,0,0,0,0,0,0,0,0,0,0
41,29,0,0,0,0,0,0,0,0,0,0
42,29,0,0,0,0,0,0,0,0,0,0
43,31,0,0,0,0,0,0,0,0,0,0
44,54,0,0,0,0,0,0,0,0,0,0
45,54,0,0,0,0,0,0,0,0,0,0
46,30,0,0,0,0,0,0,0,0,0,0
47,32,0,0,0,0,0,0,0,0,0,0
48,30,8,0,0,0,0,0,0,0,0,0
49,31,0,0,0,0,0,0,0,0,0,0
50,30,0,0,0,0,0,0,0,0,0,0
51,32,0,0,0,0,0,0,0,0,0,0
52,30,8,0,0,0,0,0,0,0,0,0
53,31,0,0,0,0,0,0,0,0,0,0
54,30,0,0,0,0,0,0,0,0,0,0
55,32,0,0,0,0,0,0,0,0,0,0
56,30,8,0,0,0,0,0,0,0,0,0
57,30,0,0,0,0,0,0,0,0,0,0
58,32,0,0,0,0,0,0,0,0,0,0
59,31,0,0,0,0,0,0,0,0,0,0
60,30,0,0,0,0,0,0,0,0,0,0
61,32,0,0,0,0,0,0,0,0,0,0
62,30,8,0,0,0,0,0,0,0,0,0
63,30,0,0,0,0,0,0,0,0,0,0
64,32,0,0,0,0,0,0,0,0,0,0
65,31,0,0,0,0,0,0,0,0,0,0
66,30,8,0,0,0,0,0,0,0,0,0
67,30,0,0,0,0,0,0,0,0,0,0
68,32,0,0,0,0,0,0,0,0,0,0
69,31,0,0,0,0,0,0,0,0,0,0
70,30,8,0,0,0,0,0,0,0,0,0
71,30,0,0,0,0,0,0,0,0,0,0
72,32,0,0,0,0,0,0,0,0,0,0
73,31,0,0,0,0,0,0,0,0,0,0
74,54,0,0,0,0,0,0,0,0,0,0
75,54,0,0,0,0,0,0,0,0,0,0
76,1,0,0,0,0,0,0,0,0,0,0
77,29,0,0,0,0,0,0,0,0,0,0
78,29,0,0,0,0,0,0,0,0,0,0
79,29,0,0,0,0,0,0,0,0,0,0
80,29,0,0,0,0,0,0,0,0,0,0
81,29,0,0,0,0,0,0,0,0,0,0
82,31,0,0,0,0,0,0,0,0,0,0
83,31,0,0,0,0,0,0,0,0,0,0
84,47,0,0,0,0,0,0,0,0,0,0
85,54,0,0,0,0,0,0,0,0,0,0
86,47,0,0,0,0,0,0,0,0,0,0
87,54,0,0,0,0,0,0,0,0,0,0
88,47,0,0,0,0,0,0,0,0,0,0
89,54,0,0,0,0,0,0,0,0,0,0
90,30,8,0,0,0,0,0,0,0,0,0
91,37,32,0,0,0,0,0,0,0,0,0
92,32,0,0,0,0,0,0,0,0,0,0
93,30,8,0,0,0,0,0,0,0,0,0
94,37,32,0,0,0,0,0,0,0,0,0
95,13,32,0,0,0,0,0,0,0,0,0
96,32,0,0,0,0,0,0,0,0,0,0
97,30,8,0,0,0,0,0,0,0,0,0
98,37,32,0,0,0,0,0,0,0,0,0
99,32,0,0,0,0,0,0,0,0,0,0
100,30,8,0,0,0,0,0,0,0,0,0
101,37,32,0,0,0,0,0,0,0,0,0
102,13,32,0,0,0,0,0,0,0,0,0
103,15,32,0,0,0,0,0,0,0,0,0
104,30,8,0,0,0,0,0,0,0,0,0
105,37,32,0,0,0,0,0,0,0,0,0
106,32,0,0,0,0,0,0,0,0,0,0
107,30,8,0,0,0,0,0,0,0,0,0
108,37,32,0,0,0,0,0,0,0,0,0
109,13,32,0,0,0,0,0,0,0,0,0
110,32,0,0,0,0,0,0,0,0,0,0
111,30,8,0,0,0,0,0,0,0,0,0
112,37,32,0,0,0,0,0,0,0,0,0
113,32,0,0,0,0,0,0,0,0,0,0
114,30,8,0,0,0,0,0,0,0,0,0
115,37,32,0,0,0,0,0,0,0,0,0
116,13,32,0,0,0,0,0,0,0,0,0
117,15,32,0,0,0,0,0,0,0,0,0
118,13,32,0,0,0,0,0,0,0,0,0
119,31,0,0,0,0,0,0,0,0,0,0
120,30,8,0,0,0,0,0,0,0,0,0
121,37,32,0,0,0,0,0,0,0,0,0
122,32,0,0,0,0,0,0,0,0,0,0
123,30,8,0,0,0,0,0,0,0,0,0
124,37,32,0,0,0,0,0,0,0,0,0
125,13,32,0,0,0,0,0,0,0,0,0
126,32,0,0,0,0,0,0,0,0,0,0
127,30,8,0,0,0,0,0,0,0,0,0
128,37,32,0,0,0,0,0,0,0,0,0
129,32,0,0,0,0,0,0,0,0,0,0
130,30,8,0,0,0,0,0,0,0,0,0
131,37,32,0,0,0,0,0,0,0,0,0
132,13,32,0,0,0,0,0,0,0,0,0
133,15,32,0,0,0,0,0,0,0,0,0
134,30,8,0,0,0,0,0,0,0,0,0
135,37,32,0,0,0,0,0,0,0,0,0
136,32,0,0,0,0,0,0,0,0,0,0
137,30,8,0,0,0,0,0,0,0,0,0
138,37,32,0,0,0,0,0,0,0,0,0
139,13,32,0,0,0,0,0,0,0,0,0
140,32,0,0,0,0,0,0,0,0,0,0
141,30,8,0,0,0,0,0,0,0,0,0
142,37,32,0,0,0,0,0,0,0,0,0
143,32,0,0,0,0,0,0,0,0,0,0
144,30,8,0,0,0,0,0,0,0,0,0
145,37,32,0,0,0,0,0,0,0,0,0
146,13,32,0,0,0,0,0,0,0,0,0
147,15,32,0,0,0,0,0,0,0,0,0
148,13,32,0,0,0,0,0,0,0,0,0
149,31,0,0,0,0,0,0,0,0,0,0
150,30,8,0,0,0,0,0,0,0,0,0
151,37,32,0,0,0,0,0,0,0,0,0
152,32,0,0,0,0,0,0,0,0,0,0
153,30,8,0,0,0,0,0,0,0,0,0
154,37,32,0,0,0,0,0,0,0,0,0
155,13,32,0,0,0,0,0,0,0,0,0
156,32,0,0,0,0,0,0,0,0,0,0
157,30,8,0,0,0,0,0,0,0,0,0
158,37,32,0,0,0,0,0,0,0,0,0
159,32,0,0,0,0,0,0,0,0,0,0
160,30,8,0,0,0,0,0,0,0,0,0
161,37,32,0,0,0,0,0,0,0,0,0
162,13,32,0,0,0,0,0,0,0,0,0
163,15,32,0,0,0,0,0,0,0,0,0
164,30,8,0,0,0,0,0,0,0,0,0
165,37,32,0,0,0,0,0,0,0,0,0
166,32,0,0,0,0,0,0,0,0,0,0
167,30,8,0,0,0,0,0,0,0,0,0
168,37,32,0,0,0,0,0,0,0,0,0
169,13,32,0,0,0,0,0,0,0,0,0
170,32,0,0,0,0,0,0,0,0,0,0
171,30,8,0,0,0,0,0,0,0,0,0
172,37,32,0,0,0,0,0,0,0,0,0
173,32,0,0,0,0,0,0,0,0,0,0
174,30,8,0,0,0,0,0,0,0,0,0
175,37,32,0,0,0,0,0,0,0,0,0
176,13,32,0,0,0,0,0,0,0,0,0
177,15,32,0,0,0,0,0,0,0,0,0
178,13,32,0,0,0,0,0,0,0,0,0
179,31,0,0,0,0,0,0,0,0,0,0
180,30,32,0,0,0,0,0,0,0,0,0
181,51,1,0,0,0,0,0,0,0,0,0
182,2,0,0,0,0,0,0,0,0,0,0
183,30,32,0,0,0,0,0,0,0,0,0
184,51,1,0,0,0,0,0,0,0,0,0
185,2,0,0,0,0,0,0,0,0,0,0
186,30,32,0,0,0,0,0,0,0,0,0
187,51,1,0,0,0,0,0,0,0,0,0
188,2,0,0,0,0,0,0,0,0,0,0
189,53,1,0,0,0,0,0,0,0,0,0
190,47,0,0,0,0,0,0,0,0,0,0
191,54,0,0,0,0,0,0,0,0,0,0
192,47,0,0,0,0,0,0,0,0,0,0
193,54,0,0,0,0,0,0,0,0,0,0
194,47,0,0,0,0,0,0,0,0,0,0
195,54,0,0,0,0,0,0,0,0,0,0
196,1,0,0,0,0,0,0,0,0,0,0
197,29,0,0,0,0,0,0,0,0,0,0
198,29,0,0,0,0,0,0,0,0,0,0
199,29,0,0,0,0,0,0,0,0,0,0
200,29,0,0,0,0,0,0,0,0,0,0
201,31,0,0,0,0,0,0,0,0,0,0
202,31,0,0,0,0,0,0,0,0,0,0
203,31,0,0,0,0,0,0,0,0,0,0
204,30,8,0,0,0,0,0,0,0,0,0
205,37,32,0,0,0,0,0,0,0,0,0
206,30,8,0,0,0,0,0,0,0,0,0
207,37,32,0,0,0,0,0,0,0,0,0
208,51,1,0,0,0,0,0,0,0,0,0
209,2,0,0,0,0,0,0,0,0,0,0
210,30,8,0,0,0,0,0,0,0,0,0
211,37,32,0,0,0,0,0,0,0,0,0
212,30,8,0,0,0,0,0,0,0,0,0
213,37,32,0,0,0,0,0,0,0,0,0
214,51,1,0,0,0,0,0,0,0,0,0
215,2,0,0,0,0,0,0,0,0,0,0
216,30,8,0,0,0,0,0,0,0,0,0
217,31,0,0,0,0,0,0,0,0,0,0
218,2,0,0,0,0,0,0,0,0,0,0
219,30,8,0,0,0,0,0,0,0,0,0
220,31,0,0,0,0,0,0,0,0,0,0
221,2,0,0,0,0,0,0,0,0,0,0
222,30,8,0,0,0,0,0,0,0,0,0
223,37,32,0,0,0,0,0,0,0,0,0
224,30,8,0,0,0,0,0,0,0,0,0
225,37,32,0,0,0,0,0,0,0,0,0
226,51,1,0,0,0,0,0,0,0,0,0
227,2,0,0,0,0,0,0,0,0,0,0
228,30,8,0,0,0,0,0,0,0,0,0
229,31,0,0,0,0,0,0,0,0,0,0
230,2,0,0,0,0,0,0,0,0,0,0
231,30,8,0,0,0,0,0,0,0,0,0
232,31,0,0,0,0,0,0,0,0,0,0
233,2,0,0,0,0,0,0,0,0,0,0
234,30,8,0,0,0,0,0,0,0,0,0
235,1,0,0,0,0,0,0,0,0,0,0
236,29,0,0,0,0,0,0,0,0,0,0
237,29,0,0,0,0,0,0,0,0,0,0
238,29,0,0,0,0,0,0,0,0,0,0
239,29,0,0,0,0,0,0,0,0,0,0
240,31,0,0,0,0,0,0,0,0,0,0
241,31,0,0,0,0,0,0,0,0,0,0
242,31,0,0,0,0,0,0,0,0,0,0
243,30,8,0,0,0,0,0,0,0,0,0
244,37,32,0,0,0,0,0,0,0,0,0
245,30,8,0,0,0,0,0,0,0,0,0
246,37,32,0,0,0,0,0,0,0,0,0
247,51,1,0,0,0,0,0,0,0,0,0
248,2,0,0,0,0,0,0,0,0,0,0
249,30,8,0,0,0,0,0,0,0,0,0
250,37,32,0,0,0,0,0,0,0,0,0
251,30,8,0,0,0,0,0,0,0,0,0
252,37,32,0,0,0,0,0,0,0,0,0
253,51,1,0,0,0,0,0,0,0,0,0
254,2,0,0,0,0,0,0,0,0,0,0
255,30,8,0,0,0,0,0,0,0,0,0
256,31,0,0,0,0,0,0,0,0,0,0
257,2,0,0,0,0,0,0,0,0,0,0
258,30,8,0,0,0,0,0,0,0,0,0
259,31,0,0,0,0,0,0,0,0,0,0
260,2,0,0,0,0,0,0,0,0,0,0
261,30,8,0,0,0,0,0,0,0,0,0
262,37,32,0,0,0,0,0,0,0,0,0
263,30,8,0,0,0,0,0,0,0,0,0
264,37,32,0,0,0,0,0,0,0,0,0
265,51,1,0,0,0,0,0,0,0,0,0
266,2,0,0,0,0,0,0,0,0,0,0
267,30,8,0,0,0,0,0,0,0,0,0
268,31,0,0,0,0,0,0,0,0,0,0
269,2,0,0,0,0,0,0,0,0,0,0
270,30,8,0,0,0,0,0,0,0,0,0
271,31,0,0,0,0,0,0,0,0,0,0
272,2,0,0,0,0,0,0,0,0,0,0
273,30,8,0,0,0,0,0,0,0,0,0
274,1,0,0,0,0,0,0,0,0,0,0
275,29,0,0,0,0,0,0,0,0,0,0
276,29,0,0,0,0,0,0,0,0,0,0
277,31,0,0,0,0,0,0,0,0,0,0
278,31,0,0,0,0,0,0,0,0,0,0
279,30,32,0,0,0,0,0,0,0,0,0
280,51,1,0,0,0,0,0,0,0,0,0
281,2,0,0,0,0,0,0,0,0,0,0
282,32,0,0,0,0,0,0,0,0,0,0
283,30,8,0,0,0,0,0,0,0,0,0
284,30,0,0,0,0,0,0,0,0,0,0
285,32,0,0,0,0,0,0,0,0,0,0
286,31,0,0,0,0,0,0,0,0,0,0
287,32,0,0,0,0,0,0,0,0,0,0
288,30,8,0,0,0,0,0,0,0,0,0
289,30,0,0,0,0,0,0,0,0,0,0
290,32,0,0,0,0,0,0,0,0,0,0
291,31,0,0,0,0,0,0,0,0,0,0
292,32,0,0,0,0,0,0,0,0,0,0
293,30,8,0,0,0,0,0,0,0,0,0
294,30,0,0,0,0,0,0,0,0,0,0
295,32,0,0,0,0,0,0,0,0,0,0
296,31,0,0,0,0,0,0,0,0,0,0
297,32,0,0,0,0,0,0,0,0,0,0
298,30,8,0,0,0,0,0,0,0,0,0
299,30,0,0,0,0,0,0,0,0,0,0
300,32,0,0,0,0,0,0,0,0,0,0
301,31,0,0,0,0,0,0,0,0,0,0
302,32,0,0,0,0,0,0,0,0,0,0
303,30,8,0,0,0,0,0,0,0,0,0
304,30,0,0,0,0,0,0,0,0,0,0
305,32,0,0,0,0,0,0,0,0,0,0
306,31,0,0,0,0,0,0,0,0,0,0
307,32,0,0,0,0,0,0,0,0,0,0
308,30,8,0,0,0,0,0,0,0,0,0
309,30,0,0,0,0,0,0,0,0,0,0
310,32,0,0,0,0,0,0,0,0,0,0
311,31,0,0,0,0,0,0,0,0,0,0
312,32,0,0,0,0,0,0,0,0,0,0
313,30,8,0,0,0,0,0,0,0,0,0
314,37,32,0,0,0,0,0,0,0,0,0
315,18,32,0,0,0,0,0,0,0,0,0
316,32,0,0,0,0,0,0,0,0,0,0
317,30,8,0,0,0,0,0,0,0,0,0
318,37,32,0,0,0,0,0,0,0,0,0
319,18,32,0,0,0,0,0,0,0,0,0
320,11,32,0,0,0,0,0,0,0,0,0
321,32,0,0,0,0,0,0,0,0,0,0
322,30,8,0,0,0,0,0,0,0,0,0
323,37,32,0,0,0,0,0,0,0,0,0
324,18,32,0,0,0,0,0,0,0,0,0
325,11,32,0,0,0,0,0,0,0,0,0
326,36,8,0,0,0,0,0,0,0,0,0
327,30,0,0,0,0,0,0,0,0,0,0
328,32,0,0,0,0,0,0,0,0,0,0
329,31,0,0,0,0,0,0,0,0,0,0
330,2,0,0,0,0,0,0,0,0,0,0
331,30,32,0,0,0,0,0,0,0,0,0
332,51,1,0,0,0,0,0,0,0,0,0
333,2,0,0,0,0,0,0,0,0,0,0
334,32,0,0,0,0,0,0,0,0,0,0
335,30,8,0,0,0,0,0,0,0,0,0
336,30,0,0,0,0,0,0,0,0,0,0
337,32,0,0,0,0,0,0,0,0,0,0
338,31,0,0,0,0,0,0,0,0,0,0
339,32,0,0,0,0,0,0,0,0,0,0
340,30,8,0,0,0,0,0,0,0,0,0
341,30,0,0,0,0,0,0,0,0,0,0
342,32,0,0,0,0,0,0,0,0,0,0
343,31,0,0,0,0,0,0,0,0,0,0
344,32,0,0,0,0,0,0,0,0,0,0
345,30,8,0,0,0,0,0,0,0,0,0
346,30,0,0,0,0,0,0,0,0,0,0
347,32,0,0,0,0,0,0,0,0,0,0
348,31,0,0,0,0,0,0,0,0,0,0
349,32,0,0,0,0,0,0,0,0,0,0
350,30,8,0,0,0,0,0,0,0,0,0
351,30,0,0,0,0,0,0,0,0,0,0
352,32,0,0,0,0,0,0,0,0,0,0
353,31,0,0,0,0,0,0,0,0,0,0
354,32,0,0,0,0,0,0,0,0,0,0
355,30,8,0,0,0,0,0,0,0,0,0
356,30,0,0,0,0,0,0,0,0,0,0
357,32,0,0,0,0,0,0,0,0,0,0
358,31,0,0,0,0,0,0,0,0,0,0
359,32,0,0,0,0,0,0,0,0,0,0
360,30,8,0,0,0,0,0,0,0,0,0
361,30,0,0,0,0,0,0,0,0,0,0
362,32,0,0,0,0,0,0,0,0,0,0
363,31,0,0,0,0,0,0,0,0,0,0
364,32,0,0,0,0,0,0,0,0,0,0
365,30,8,0,0,0,0,0,0,0,0,0
366,37,32,0,0,0,0,0,0,0,0,0
367,18,32,0,0,0,0,0,0,0,0,0
368,32,0,0,0,0,0,0,0,0,0,0
369,30,8,0,0,0,0,0,0,0,0,0
370,37,32,0,0,0,0,0,0,0,0,0
371,18,32,0,0,0,0,0,0,0,0,0
372,11,32,0,0,0,0,0,0,0,0,0
373,32,0,0,0,0,0,0,0,0,0,0
374,30,8,0,0,0,0,0,0,0,0,0
375,37,32,0,0,0,0,0,0,0,0,0
376,18,32,0,0,0,0,0,0,0,0,0
377,11,32,0,0,0,0,0,0,0,0,0
378,36,8,0,0,0,0,0,0,0,0,0
379,30,0,0,0,0,0,0,0,0,0,0
380,32,0,0,0,0,0,0,0,0,0,0
381,31,0,0,0,0,0,0,0,0,0,0
382,2,0,0,0,0,0,0,0,0,0,0
383,30,32,0,0,0,0,0,0,0,0,0
384,51,1,0,0,0,0,0,0,0,0,0
385,2,0,0,0,0,0,0,0,0,0,0
386,32,0,0,0,0,0,0,0,0,0,0
387,30,8,0,0,0,0,0,0,0,0,0
388,30,0,0,0,0,0,0,0,0,0,0
389,32,0,0,0,0,0,0,0,0,0,0
390,31,0,0,0,0,0,0,0,0,0,0
391,32,0,0,0,0,0,0,0,0,0,0
392,30,8,0,0,0,0,0,0,0,0,0
393,30,0,0,0,0,0,0,0,0,0,0
394,32,0,0,0,0,0,0,0,0,0,0
395,31,0,0,0,0,0,0,0,0,0,0
396,32,0,0,0,0,0,0,0,0,0,0
397,30,8,0,0,0,0,0,0,0,0,0
398,30,0,0,0,0,0,0,0,0,0,0
399,32,0,0,0,0,0,0,0,0,0,0
400,31,0,0,0,0,0,0,0,0,0,0
401,32,0,0,0,0,0,0,0,0,0,0
402,30,8,0,0,0,0,0,0,0,0,0
403,30,0,0,0,0,0,0,0,0,0,0
404,32,0,0,0,0,0,0,0,0,0,0
405,31,0,0,0,0,0,0,0,0,0,0
406,32,0,0,0,0,0,0,0,0,0,0
407,30,8,0,0,0,0,0,0,0,0,0
408,30,0,0,0,0,0,0,0,0,0,0
409,32,0,0,0,0,0,0,0,0,0,0
410,31,0,0,0,0,0,0,0,0,0,0
411,32,0,0,0,0,0,0,0,0,0,0
412,30,8,0,0,0,0,0,0,0,0,0
413,30,0,0,0,0,0,0,0,0,0,0
414,32,0,0,0,0,0,0,0,0,0,0
415,31,0,0,0,0,0,0,0,0,0,0
416,32,0,0,0,0,0,0,0,0,0,0
417,30,8,0,0,0,0,0,0,0,0,0
418,37,32,0,0,0,0,0,0,0,0,0
419,18,32,0,0,0,0,0,0,0,0,0
420,32,0,0,0,0,0,0,0,0,0,0
421,30,8,0,0,0,0,0,0,0,0,0
422,37,32,0,0,0,0,0,0,0,0,0
423,18,32,0,0,0,0,0,0,0,0,0
424,11,32,0,0,0,0,0,0,0,0,0
425,32,0,0,0,0,0,0,0,0,0,0
426,30,8,0,0,0,0,0,0,0,0,0
427,37,32,0,0,0,0,0,0,0,0,0
428,18,32,0,0,0,0,0,0,0,0,0
429,11,32,0,0,0,0,0,0,0,0,0
430,36,8,0,0,0,0,0,0,0,0,0
431,30,0,0,0,0,0,0,0,0,0,0
432,32,0,0,0,0,0,0,0,0,0,0
433,31,0,0,0,0,0,0,0,0,0,0
434,2,0,0,0,0,0,0,0,0,0,0
435,2,0,0,0,0,0,0,0,0,0,0
436,2,0,0,0,0,0,0,0,0,0,0
437,1,0,0,0,0,0,0,0,0,0,0
438,29,0,0,0,0,0,0,0,0,0,0
439,29,0,0,0,0,0,0,0,0,0,0
440,29,0,0,0,0,0,0,0,0,0,0
441,29,0,0,0,0,0,0,0,0,0,0
442,29,0,0,0,0,0,0,0,0,0,0
443,31,0,0,0,0,0,0,0,0,0,0
444,31,0,0,0,0,0,0,0,0,0,0
445,30,0,0,0,0,0,0,0,0,0,0
446,31,0,0,0,0,0,0,0,0,0,0
447,54,32,0,0,0,0,0,0,0,0,0
448,51,1,0,0,0,0,0,0,0,0,0
449,2,0,0,0,0,0,0,0,0,0,0
450,31,0,0,0,0,0,0,0,0,0,0
451,2,0,0,0,0,0,0,0,0,0,0
452,30,0,0,0,0,0,0,0,0,0,0
453,31,0,0,0,0,0,0,0,0,0,0
454,54,32,0,0,0,0,0,0,0,0,0
455,51,1,0,0,0,0,0,0,0,0,0
456,2,0,0,0,0,0,0,0,0,0,0
457,54,0,0,0,0,0,0,0,0,0,0
458,2,0,0,0,0,0,0,0,0,0,0
459,32,0,0,0,0,0,0,0,0,0,0
460,30,8,0,0,0,0,0,0,0,0,0
461,32,0,0,0,0,0,0,0,0,0,0
462,30,8,0,0,0,0,0,0,0,0,0
463,32,0,0,0,0,0,0,0,0,0,0
464,30,8,0,0,0,0,0,0,0,0,0
465,54,8,0,0,0,0,0,0,0,0,0
466,30,0,0,0,0,0,0,0,0,0,0
467,32,0,0,0,0,0,0,0,0,0,0
468,31,0,0,0,0,0,0,0,0,0,0
469,32,0,0,0,0,0,0,0,0,0,0
470,30,8,0,0,0,0,0,0,0,0,0
471,32,0,0,0,0,0,0,0,0,0,0
472,30,8,0,0,0,0,0,0,0,0,0
473,32,0,0,0,0,0,0,0,0,0,0
474,30,8,0,0,0,0,0,0,0,0,0
475,54,8,0,0,0,0,0,0,0,0,0
476,30,0,0,0,0,0,0,0,0,0,0
477,32,0,0,0,0,0,0,0,0,0,0
478,31,0,0,0,0,0,0,0,0,0,0
479,32,0,0,0,0,0,0,0,0,0,0
480,30,8,0,0,0,0,0,0,0,0,0
481,32,0,0,0,0,0,0,0,0,0,0
482,30,8,0,0,0,0,0,0,0,0,0
483,32,0,0,0,0,0,0,0,0,0,0
484,30,8,0,0,0,0,0,0,0,0,0
485,54,8,0,0,0,0,0,0,0,0,0
486,30,0,0,0,0,0,0,0,0,0,0
487,32,0,0,0,0,0,0,0,0,0,0
488,31,0,0,0,0,0,0,0,0,0,0
489,32,0,0,0,0,0,0,0,0,0,0
490,30,8,0,0,0,0,0,0,0,0,0
491,32,0,0,0,0,0,0,0,0,0,0
492,30,8,0,0,0,0,0,0,0,0,0
493,32,0,0,0,0,0,0,0,0,0,0
494,30,8,0,0,0,0,0,0,0,0,0
495,54,8,0,0,0,0,0,0,0,0,0
496,30,0,0,0,0,0,0,0,0,0,0
497,32,0,0,0,0,0,0,0,0,0,0
498,31,0,0,0,0,0,0,0,0,0,0
499,30,0,0,0,0,0,0,0,0,0,0
500,32,0,0,0,0,0,0,0,0,0,0
501,30,8,0,0,0,0,0,0,0,0,0
502,37,32,0,0,0,0,0,0,0,0,0
503,30,0,0,0,0,0,0,0,0,0,0
504,32,0,0,0,0,0,0,0,0,0,0
505,30,8,0,0,0,0,0,0,0,0,0
506,37,32,0,0,0,0,0,0,0,0,0
507,13,32,0,0,0,0,0,0,0,0,0
508,36,8,0,0,0,0,0,0,0,0,0
509,30,0,0,0,0,0,0,0,0,0,0
510,32,0,0,0,0,0,0,0,0,0,0
511,31,0,0,0,0,0,0,0,0,0,0
512,30,0,0,0,0,0,0,0,0,0,0
513,32,0,0,0,0,0,0,0,0,0,0
514,30,8,0,0,0,0,0,0,0,0,0
515,37,32,0,0,0,0,0,0,0,0,0
516,30,0,0,0,0,0,0,0,0,0,0
517,32,0,0,0,0,0,0,0,0,0,0
518,30,8,0,0,0,0,0,0,0,0,0
519,37,32,0,0,0,0,0,0,0,0,0
520,13,32,0,0,0,0,0,0,0,0,0
521,30,0,0,0,0,0,0,0,0,0,0
522,32,0,0,0,0,0,0,0,0,0,0
523,30,8,0,0,0,0,0,0,0,0,0
524,37,32,0,0,0,0,0,0,0,0,0
525,30,0,0,0,0,0,0,0,0,0,0
526,32,0,0,0,0,0,0,0,0,0,0
527,30,8,0,0,0,0,0,0,0,0,0
528,37,32,0,0,0,0,0,0,0,0,0
529,13,32,0,0,0,0,0,0,0,0,0
530,15,32,0,0,0,0,0,0,0,0,0
531,30,0,0,0,0,0,0,0,0,0,0
532,32,0,0,0,0,0,0,0,0,0,0
533,31,0,0,0,0,0,0,0,0,0,0
534,31,0,0,0,0,0,0,0,0,0,0
535,2,0,0,0,0,0,0,0,0,0,0
536,30,1,0,0,0,0,0,0,0,0,0
537,1,0,0,0,0,0,0,0,0,0,0
538,29,0,0,0,0,0,0,0,0,0,0
539,29,0,0,0,0,0,0,0,0,0,0
540,29,0,0,0,0,0,0,0,0,0,0
541,29,0,0,0,0,0,0,0,0,0,0
542,29,0,0,0,0,0,0,0,0,0,0
543,29,0,0,0,0,0,0,0,0,0,0
544,29,0,0,0,0,0,0,0,0,0,0
545,29,0,0,0,0,0,0,0,0,0,0
546,29,0,0,0,0,0,0,0,0,0,0
547,29,0,0,0,0,0,0,0,0,0,0
548,29,0,0,0,0,0,0,0,0,0,0
549,31,0,0,0,0,0,0,0,0,0,0
550,31,0,0,0,0,0,0,0,0,0,0
551,31,0,0,0,0,0,0,0,0,0,0
552,31,0,0,0,0,0,0,0,0,0,0
553,30,1,0,0,0,0,0,0,0,0,0
554,2,0,0,0,0,0,0,0,0,0,0
555,31,0,0,0,0,0,0,0,0,0,0
556,2,0,0,0,0,0,0,0,0,0,0
557,54,0,0,0,0,0,0,0,0,0,0
558,31,0,0,0,0,0,0,0,0,0,0
559,47,0,0,0,0,0,0,0,0,0,0
560,54,0,0,0,0,0,0,0,0,0,0
561,31,0,0,0,0,0,0,0,0,0,0
562,2,0,0,0,0,0,0,0,0,0,0
563,47,0,0,0,0,0,0,0,0,0,0
564,54,0,0,0,0,0,0,0,0,0,0
565,31,0,0,0,0,0,0,0,0,0,0
566,2,0,0,0,0,0,0,0,0,0,0
567,30,32,0,0,0,0,0,0,0,0,0
568,30,0,0,0,0,0,0,0,0,0,0
569,32,0,0,0,0,0,0,0,0,0,0
570,30,32,0,0,0,0,0,0,0,0,0
571,51,1,0,0,0,0,0,0,0,0,0
572,2,0,0,0,0,0,0,0,0,0,0
573,47,0,0,0,0,0,0,0,0,0,0
574,54,0,0,0,0,0,0,0,0,0,0
575,2,0,0,0,0,0,0,0,0,0,0
576,54,0,0,0,0,0,0,0,0,0,0
577,30,0,0,0,0,0,0,0,0,0,0
578,32,0,0,0,0,0,0,0,0,0,0
579,30,8,0,0,0,0,0,0,0,0,0
580,37,32,0,0,0,0,0,0,0,0,0
581,30,32,0,0,0,0,0,0,0,0,0
582,30,0,0,0,0,0,0,0,0,0,0
583,32,0,0,0,0,0,0,0,0,0,0
584,30,8,0,0,0,0,0,0,0,0,0
585,37,32,0,0,0,0,0,0,0,0,0
586,21,32,0,0,0,0,0,0,0,0,0
587,11,32,0,0,0,0,0,0,0,0,0
588,36,8,0,0,0,0,0,0,0,0,0
589,31,0,0,0,0,0,0,0,0,0,0
590,54,0,0,0,0,0,0,0,0,0,0
591,30,0,0,0,0,0,0,0,0,0,0
592,32,0,0,0,0,0,0,0,0,0,0
593,30,8,0,0,0,0,0,0,0,0,0
594,37,32,0,0,0,0,0,0,0,0,0
595,30,32,0,0,0,0,0,0,0,0,0
596,30,0,0,0,0,0,0,0,0,0,0
597,32,0,0,0,0,0,0,0,0,0,0
598,30,8,0,0,0,0,0,0,0,0,0
599,37,32,0,0,0,0,0,0,0,0,0
600,18,32,0,0,0,0,0,0,0,0,0
601,11,32,0,0,0,0,0,0,0,0,0
602,36,8,0,0,0,0,0,0,0,0,0
603,31,0,0,0,0,0,0,0,0,0,0
604,30,8,0,0,0,0,0,0,0,0,0
605,30,8,0,0,0,0,0,0,0,0,0
606,30,0,0,0,0,0,0,0,0,0,0
607,31,0,0,0,0,0,0,0,0,0,0
608,54,1,0,0,0,0,0,0,0,0,0
609,2,0,0,0,0,0,0,0,0,0,0
610,30,8,0,0,0,0,0,0,0,0,0
611,30,0,0,0,0,0,0,0,0,0,0
612,30,32,0,0,0,0,0,0,0,0,0
613,38,64,0,0,0,0,0,0,0,0,0
614,32,0,0,0,0,0,0,0,0,0,0
615,32,0,0,0,0,0,0,0,0,0,0
616,31,0,0,0,0,0,0,0,0,0,0
617,30,8,0,0,0,0,0,0,0,0,0
618,30,0,0,0,0,0,0,0,0,0,0
619,30,32,0,0,0,0,0,0,0,0,0
620,38,64,0,0,0,0,0,0,0,0,0
621,32,0,0,0,0,0,0,0,0,0,0
622,32,0,0,0,0,0,0,0,0,0,0
623,31,0,0,0,0,0,0,0,0,0,0
624,32,0,0,0,0,0,0,0,0,0,0
625,30,8,0,0,0,0,0,0,0,0,0
626,30,0,0,0,0,0,0,0,0,0,0
627,30,32,0,0,0,0,0,0,0,0,0
628,38,64,0,0,0,0,0,0,0,0,0
629,32,0,0,0,0,0,0,0,0,0,0
630,32,0,0,0,0,0,0,0,0,0,0
631,31,0,0,0,0,0,0,0,0,0,0
632,30,8,0,0,0,0,0,0,0,0,0
633,30,0,0,0,0,0,0,0,0,0,0
634,30,32,0,0,0,0,0,0,0,0,0
635,38,64,0,0,0,0,0,0,0,0,0
636,32,0,0,0,0,0,0,0,0,0,0
637,32,0,0,0,0,0,0,0,0,0,0
638,31,0,0,0,0,0,0,0,0,0,0
639,30,32,0,0,0,0,0,0,0,0,0
640,11,32,0,0,0,0,0,0,0,0,0
641,31,0,0,0,0,0,0,0,0,0,0
642,2,0,0,0,0,0,0,0,0,0,0
643,54,0,0,0,0,0,0,0,0,0,0
644,54,0,0,0,0,0,0,0,0,0,0
645,2,0,0,0,0,0,0,0,0,0,0
646,30,32,0,0,0,0,0,0,0,0,0
647,11,32,0,0,0,0,0,0,0,0,0
648,31,0,0,0,0,0,0,0,0,0,0
649,2,0,0,0,0,0,0,0,0,0,0
650,30,32,0,0,0,0,0,0,0,0,0
651,31,0,0,0,0,0,0,0,0,0,0
652,47,0,0,0,0,0,0,0,0,0,0
653,54,0,0,0,0,0,0,0,0,0,0
654,54,0,0,0,0,0,0,0,0,0,0
655,2,0,0,0,0,0,0,0,0,0,0
656,30,32,0,0,0,0,0,0,0,0,0
657,1,0,0,0,0,0,0,0,0,0,0
658,29,0,0,0,0,0,0,0,0,0,0
659,29,0,0,0,0,0,0,0,0,0,0
660,29,0,0,0,0,0,0,0,0,0,0
661,29,0,0,0,0,0,0,0,0,0,0
662,29,0,0,0,0,0,0,0,0,0,0
663,29,0,0,0,0,0,0,0,0,0,0
664,29,0,0,0,0,0,0,0,0,0,0
665,29,0,0,0,0,0,0,0,0,0,0
666,29,0,0,0,0,0,0,0,0,0,0
667,31,0,0,0,0,0,0,0,0,0,0
668,31,0,0,0,0,0,0,0,0,0,0
669,31,0,0,0,0,0,0,0,0,0,0
670,31,0,0,0,0,0,0,0,0,0,0
671,30,32,0,0,0,0,0,0,0,0,0
672,51,1,0,0,0,0,0,0,0,0,0
673,2,0,0,0,0,0,0,0,0,0,0
674,2,0,0,0,0,0,0,0,0,0,0
675,47,0,0,0,0,0,0,0,0,0,0
676,54,0,0,0,0,0,0,0,0,0,0
677,31,0,0,0,0,0,0,0,0,0,0
678,2,0,0,0,0,0,0,0,0,0,0
679,30,32,0,0,0,0,0,0,0,0,0
680,51,1,0,0,0,0,0,0,0,0,0
681,2,0,0,0,0,0,0,0,0,0,0
682,31,0,0,0,0,0,0,0,0,0,0
683,47,0,0,0,0,0,0,0,0,0,0
684,54,0,0,0,0,0,0,0,0,0,0
685,2,0,0,0,0,0,0,0,0,0,0
686,2,0,0,0,0,0,0,0,0,0,0
687,47,0,0,0,0,0,0,0,0,0,0
688,54,0,0,0,0,0,0,0,0,0,0
689,31,0,0,0,0,0,0,0,0,0,0
690,2,0,0,0,0,0,0,0,0,0,0
691,30,32,0,0,0,0,0,0,0,0,0
692,51,1,0,0,0,0,0,0,0,0,0
693,2,0,0,0,0,0,0,0,0,0,0
694,31,0,0,0,0,0,0,0,0,0,0
695,47,0,0,0,0,0,0,0,0,0,0
696,54,0,0,0,0,0,0,0,0,0,0
697,2,0,0,0,0,0,0,0,0,0,0
698,30,32,0,0,0,0,0,0,0,0,0
699,38,64,0,0,0,0,0,0,0,0,0
700,32,0,0,0,0,0,0,0,0,0,0
701,30,32,0,0,0,0,0,0,0,0,0
702,38,64,0,0,0,0,0,0,0,0,0
703,32,0,0,0,0,0,0,0,0,0,0
704,31,0,0,0,0,0,0,0,0,0,0
705,2,0,0,0,0,0,0,0,0,0,0
706,30,32,0,0,0,0,0,0,0,0,0
707,11,32,0,0,0,0,0,0,0,0,0
708,31,0,0,0,0,0,0,0,0,0,0
709,2,0,0,0,0,0,0,0,0,0,0
710,2,0,0,0,0,0,0,0,0,0,0
711,30,32,0,0,0,0,0,0,0,0,0
712,11,32,0,0,0,0,0,0,0,0,0
713,31,0,0,0,0,0,0,0,0,0,0
714,2,0,0,0,0,0,0,0,0,0,0
715,2,0,0,0,0,0,0,0,0,0,0
716,47,0,0,0,0,0,0,0,0,0,0
717,54,0,0,0,0,0,0,0,0,0,0
718,31,0,0,0,0,0,0,0,0,0,0
719,2,0,0,0,0,0,0,0,0,0,0
720,47,0,0,0,0,0,0,0,0,0,0
721,54,0,0,0,0,0,0,0,0,0,0
722,31,0,0,0,0,0,0,0,0,0,0
723,2,0,0,0,0,0,0,0,0,0,0
724,30,32,0,0,0,0,0,0,0,0,0
725,30,32,0,0,0,0,0,0,0,0,0
726,51,1,0,0,0,0,0,0,0,0,0
727,2,0,0,0,0,0,0,0,0,0,0
728,31,0,0,0,0,0,0,0,0,0,0
729,47,0,0,0,0,0,0,0,0,0,0
730,54,0,0,0,0,0,0,0,0,0,0
731,2,0,0,0,0,0,0,0,0,0,0
732,30,0,0,0,0,0,0,0,0,0,0
733,30,32,0,0,0,0,0,0,0,0,0
734,38,64,0,0,0,0,0,0,0,0,0
735,32,0,0,0,0,0,0,0,0,0,0
736,32,0,0,0,0,0,0,0,0,0,0
737,30,8,0,0,0,0,0,0,0,0,0
738,37,32,0,0,0,0,0,0,0,0,0
739,30,0,0,0,0,0,0,0,0,0,0
740,30,32,0,0,0,0,0,0,0,0,0
741,38,64,0,0,0,0,0,0,0,0,0
742,32,0,0,0,0,0,0,0,0,0,0
743,32,0,0,0,0,0,0,0,0,0,0
744,30,8,0,0,0,0,0,0,0,0,0
745,37,64,0,0,0,0,0,0,0,0,0
746,32,0,0,0,0,0,0,0,0,0,0
747,30,0,0,0,0,0,0,0,0,0,0
748,30,32,0,0,0,0,0,0,0,0,0
749,38,64,0,0,0,0,0,0,0,0,0
750,32,0,0,0,0,0,0,0,0,0,0
751,32,0,0,0,0,0,0,0,0,0,0
752,30,8,0,0,0,0,0,0,0,0,0
753,37,64,0,0,0,0,0,0,0,0,0
754,32,0,0,0,0,0,0,0,0,0,0
755,30,8,0,0,0,0,0,0,0,0,0
756,37,32,0,0,0,0,0,0,0,0,0
757,51,1,0,0,0,0,0,0,0,0,0
758,2,0,0,0,0,0,0,0,0,0,0
759,30,0,0,0,0,0,0,0,0,0,0
760,30,32,0,0,0,0,0,0,0,0,0
761,38,64,0,0,0,0,0,0,0,0,0
762,32,0,0,0,0,0,0,0,0,0,0
763,32,0,0,0,0,0,0,0,0,0,0
764,30,8,0,0,0,0,0,0,0,0,0
765,30,0,0,0,0,0,0,0,0,0,0
766,30,32,0,0,0,0,0,0,0,0,0
767,38,64,0,0,0,0,0,0,0,0,0
768,32,0,0,0,0,0,0,0,0,0,0
769,32,0,0,0,0,0,0,0,0,0,0
770,31,0,0,0,0,0,0,0,0,0,0
771,30,0,0,0,0,0,0,0,0,0,0
772,30,32,0,0,0,0,0,0,0,0,0
773,38,64,0,0,0,0,0,0,0,0,0
774,32,0,0,0,0,0,0,0,0,0,0
775,32,0,0,0,0,0,0,0,0,0,0
776,30,8,0,0,0,0,0,0,0,0,0
777,30,0,0,0,0,0,0,0,0,0,0
778,30,32,0,0,0,0,0,0,0,0,0
779,38,64,0,0,0,0,0,0,0,0,0
780,32,0,0,0,0,0,0,0,0,0,0
781,32,0,0,0,0,0,0,0,0,0,0
782,31,0,0,0,0,0,0,0,0,0,0
783,30,0,0,0,0,0,0,0,0,0,0
784,30,32,0,0,0,0,0,0,0,0,0
785,38,64,0,0,0,0,0,0,0,0,0
786,32,0,0,0,0,0,0,0,0,0,0
787,32,0,0,0,0,0,0,0,0,0,0
788,30,8,0,0,0,0,0,0,0,0,0
789,30,0,0,0,0,0,0,0,0,0,0
790,30,32,0,0,0,0,0,0,0,0,0
791,38,64,0,0,0,0,0,0,0,0,0
792,32,0,0,0,0,0,0,0,0,0,0
793,32,0,0,0,0,0,0,0,0,0,0
794,31,0,0,0,0,0,0,0,0,0,0
795,30,32,0,0,0,0,0,0,0,0,0
796,11,32,0,0,0,0,0,0,0,0,0
797,31,0,0,0,0,0,0,0,0,0,0
798,30,0,0,0,0,0,0,0,0,0,0
799,30,32,0,0,0,0,0,0,0,0,0
800,38,64,0,0,0,0,0,0,0,0,0
801,32,0,0,0,0,0,0,0,0,0,0
802,32,0,0,0,0,0,0,0,0,0,0
803,30,8,0,0,0,0,0,0,0,0,0
804,30,0,0,0,0,0,0,0,0,0,0
805,30,32,0,0,0,0,0,0,0,0,0
806,38,64,0,0,0,0,0,0,0,0,0
807,32,0,0,0,0,0,0,0,0,0,0
808,32,0,0,0,0,0,0,0,0,0,0
809,30,8,0,0,0,0,0,0,0,0,0
810,37,64,0,0,0,0,0,0,0,0,0
811,32,0,0,0,0,0,0,0,0,0,0
812,30,0,0,0,0,0,0,0,0,0,0
813,30,32,0,0,0,0,0,0,0,0,0
814,38,64,0,0,0,0,0,0,0,0,0
815,32,0,0,0,0,0,0,0,0,0,0
816,32,0,0,0,0,0,0,0,0,0,0
817,30,8,0,0,0,0,0,0,0,0,0
818,37,64,0,0,0,0,0,0,0,0,0
819,32,0,0,0,0,0,0,0,0,0,0
820,31,0,0,0,0,0,0,0,0,0,0
821,2,0,0,0,0,0,0,0,0,0,0
822,2,0,0,0,0,0,0,0,0,0,0
823,30,32,0,0,0,0,0,0,0,0,0
824,11,32,0,0,0,0,0,0,0,0,0
825,31,0,0,0,0,0,0,0,0,0,0
826,2,0,0,0,0,0,0,0,0,0,0
827,30,32,0,0,0,0,0,0,0,0,0
828,31,0,0,0,0,0,0,0,0,0,0
829,47,0,0,0,0,0,0,0,0,0,0
830,54,0,0,0,0,0,0,0,0,0,0
831,1,0,0,0,0,0,0,0,0,0,0
832,29,0,0,0,0,0,0,0,0,0,0
833,29,0,0,0,0,0,0,0,0,0,0
834,29,0,0,0,0,0,0,0,0,0,0
835,29,0,0,0,0,0,0,0,0,0,0
836,29,0,0,0,0,0,0,0,0,0,0
837,29,0,0,0,0,0,0,0,0,0,0
838,29,0,0,0,0,0,0,0,0,0,0
839,29,0,0,0,0,0,0,0,0,0,0
840,31,0,0,0,0,0,0,0,0,0,0
841,31,0,0,0,0,0,0,0,0,0,0
842,31,0,0,0,0,0,0,0,0,0,0
843,31,0,0,0,0,0,0,0,0,0,0
844,30,32,0,0,0,0,0,0,0,0,0
845,51,1,0,0,0,0,0,0,0,0,0
846,2,0,0,0,0,0,0,0,0,0,0
847,2,0,0,0,0,0,0,0,0,0,0
848,47,0,0,0,0,0,0,0,0,0,0
849,54,0,0,0,0,0,0,0,0,0,0
850,31,0,0,0,0,0,0,0,0,0,0
851,2,0,0,0,0,0,0,0,0,0,0
852,30,32,0,0,0,0,0,0,0,0,0
853,51,1,0,0,0,0,0,0,0,0,0
854,2,0,0,0,0,0,0,0,0,0,0
855,31,0,0,0,0,0,0,0,0,0,0
856,47,0,0,0,0,0,0,0,0,0,0
857,54,0,0,0,0,0,0,0,0,0,0
858,2,0,0,0,0,0,0,0,0,0,0
859,2,0,0,0,0,0,0,0,0,0,0
860,47,0,0,0,0,0,0,0,0,0,0
861,54,0,0,0,0,0,0,0,0,0,0
862,31,0,0,0,0,0,0,0,0,0,0
863,2,0,0,0,0,0,0,0,0,0,0
864,30,32,0,0,0,0,0,0,0,0,0
865,51,1,0,0,0,0,0,0,0,0,0
866,2,0,0,0,0,0,0,0,0,0,0
867,31,0,0,0,0,0,0,0,0,0,0
868,47,0,0,0,0,0,0,0,0,0,0
869,54,0,0,0,0,0,0,0,0,0,0
870,2,0,0,0,0,0,0,0,0,0,0
871,30,0,0,0,0,0,0,0,0,0,0
872,30,32,0,0,0,0,0,0,0,0,0
873,38,64,0,0,0,0,0,0,0,0,0
874,32,0,0,0,0,0,0,0,0,0,0
875,30,32,0,0,0,0,0,0,0,0,0
876,38,64,0,0,0,0,0,0,0,0,0
877,32,0,0,0,0,0,0,0,0,0,0
878,31,0,0,0,0,0,0,0,0,0,0
879,2,0,0,0,0,0,0,0,0,0,0
880,30,32,0,0,0,0,0,0,0,0,0
881,11,32,0,0,0,0,0,0,0,0,0
882,31,0,0,0,0,0,0,0,0,0,0
883,2,0,0,0,0,0,0,0,0,0,0
884,2,0,0,0,0,0,0,0,0,0,0
885,30,32,0,0,0,0,0,0,0,0,0
886,11,32,0,0,0,0,0,0,0,0,0
887,31,0,0,0,0,0,0,0,0,0,0
888,2,0,0,0,0,0,0,0,0,0,0
889,2,0,0,0,0,0,0,0,0,0,0
890,2,0,0,0,0,0,0,0,0,0,0
891,47,0,0,0,0,0,0,0,0,0,0
892,54,0,0,0,0,0,0,0,0,0,0
893,31,0,0,0,0,0,0,0,0,0,0
894,2,0,0,0,0,0,0,0,0,0,0
895,30,32,0,0,0,0,0,0,0,0,0
896,30,32,0,0,0,0,0,0,0,0,0
897,51,1,0,0,0,0,0,0,0,0,0
898,2,0,0,0,0,0,0,0,0,0,0
899,31,0,0,0,0,0,0,0,0,0,0
900,47,0,0,0,0,0,0,0,0,0,0
901,54,0,0,0,0,0,0,0,0,0,0
902,2,0,0,0,0,0,0,0,0,0,0
903,30,0,0,0,0,0,0,0,0,0,0
904,30,32,0,0,0,0,0,0,0,0,0
905,38,64,0,0,0,0,0,0,0,0,0
906,32,0,0,0,0,0,0,0,0,0,0
907,32,0,0,0,0,0,0,0,0,0,0
908,30,8,0,0,0,0,0,0,0,0,0
909,30,0,0,0,0,0,0,0,0,0,0
910,30,0,0,0,0,0,0,0,0,0,0
911,30,32,0,0,0,0,0,0,0,0,0
912,38,64,0,0,0,0,0,0,0,0,0
913,32,0,0,0,0,0,0,0,0,0,0
914,32,0,0,0,0,0,0,0,0,0,0
915,30,8,0,0,0,0,0,0,0,0,0
916,37,64,0,0,0,0,0,0,0,0,0
917,32,0,0,0,0,0,0,0,0,0,0
918,30,0,0,0,0,0,0,0,0,0,0
919,30,32,0,0,0,0,0,0,0,0,0
920,38,64,0,0,0,0,0,0,0,0,0
921,32,0,0,0,0,0,0,0,0,0,0
922,32,0,0,0,0,0,0,0,0,0,0
923,30,8,0,0,0,0,0,0,0,0,0
924,37,64,0,0,0,0,0,0,0,0,0
925,32,0,0,0,0,0,0,0,0,0,0
926,31,0,0,0,0,0,0,0,0,0,0
927,2,0,0,0,0,0,0,0,0,0,0
928,30,32,0,0,0,0,0,0,0,0,0
929,11,32,0,0,0,0,0,0,0,0,0
930,31,0,0,0,0,0,0,0,0,0,0
931,2,0,0,0,0,0,0,0,0,0,0
932,1,0,0,0,0,0,0,0,0,0,0
933,29,0,0,0,0,0,0,0,0,0,0
934,29,0,0,0,0,0,0,0,0,0,0
935,29,0,0,0,0,0,0,0,0,0,0
936,29,0,0,0,0,0,0,0,0,0,0
937,29,0,0,0,0,0,0,0,0,0,0
938,29,0,0,0,0,0,0,0,0,0,0
939,29,0,0,0,0,0,0,0,0,0,0
940,29,0,0,0,0,0,0,0,0,0,0
941,29,0,0,0,0,0,0,0,0,0,0
942,29,0,0,0,0,0,0,0,0,0,0
943,29,0,0,0,0,0,0,0,0,0,0
944,29,0,0,0,0,0,0,0,0,0,0
945,29,0,0,0,0,0,0,0,0,0,0
946,29,0,0,0,0,0,0,0,0,0,0
947,29,0,0,0,0,0,0,0,0,0,0
948,29,0,0,0,0,0,0,0,0,0,0
949,31,0,0,0,0,0,0,0,0,0,0
950,31,0,0,0,0,0,0,0,0,0,0
951,31,0,0,0,0,0,0,0,0,0,0
952,47,0,0,0,0,0,0,0,0,0,0
953,54,0,0,0,0,0,0,0,0,0,0
954,47,0,0,0,0,0,0,0,0,0,0
955,54,0,0,0,0,0,0,0,0,0,0
956,31,0,0,0,0,0,0,0,0,0,0
957,47,0,0,0,0,0,0,0,0,0,0
958,54,0,0,0,0,0,0,0,0,0,0
959,47,0,0,0,0,0,0,0,0,0,0
960,54,0,0,0,0,0,0,0,0,0,0
961,47,0,0,0,0,0,0,0,0,0,0
962,54,0,0,0,0,0,0,0,0,0,0
963,47,0,0,0,0,0,0,0,0,0,0
964,54,0,0,0,0,0,0,0,0,0,0
965,2,0,0,0,0,0,0,0,0,0,0
966,47,0,0,0,0,0,0,0,0,0,0
967,54,0,0,0,0,0,0,0,0,0,0
968,31,0,0,0,0,0,0,0,0,0,0
969,2,0,0,0,0,0,0,0,0,0,0
970,30,32,0,0,0,0,0,0,0,0,0
971,30,32,0,0,0,0,0,0,0,0,0
972,51,1,0,0,0,0,0,0,0,0,0
973,2,0,0,0,0,0,0,0,0,0,0
974,47,0,0,0,0,0,0,0,0,0,0
975,54,0,0,0,0,0,0,0,0,0,0
976,2,0,0,0,0,0,0,0,0,0,0
977,30,0,0,0,0,0,0,0,0,0,0
978,30,32,0,0,0,0,0,0,0,0,0
979,38,64,0,0,0,0,0,0,0,0,0
980,32,0,0,0,0,0,0,0,0,0,0
981,30,0,0,0,0,0,0,0,0,0,0
982,31,0,0,0,0,0,0,0,0,0,0
983,30,32,0,0,0,0,0,0,0,0,0
984,54,0,0,0,0,0,0,0,0,0,0
985,47,0,0,0,0,0,0,0,0,0,0
986,54,0,0,0,0,0,0,0,0,0,0
987,30,0,0,0,0,0,0,0,0,0,0
988,31,0,0,0,0,0,0,0,0,0,0
989,32,0,0,0,0,0,0,0,0,0,0
990,32,0,0,0,0,0,0,0,0,0,0
991,54,1,0,0,0,0,0,0,0,0,0
992,31,0,0,0,0,0,0,0,0,0,0
993,47,0,0,0,0,0,0,0,0,0,0
994,54,0,0,0,0,0,0,0,0,0,0
995,30,1,0,0,0,0,0,0,0,0,0
996,32,0,0,0,0,0,0,0,0,0,0
997,32,0,0,0,0,0,0,0,0,0,0
998,30,0,0,0,0,0,0,0,0,0,0
999,31,0,0,0,0,0,0,0,0,0,0
1000,32,0,0,0,0,0,0,0,0,0,0
1001,54,32,0,0,0,0,0,0,0,0,0
1002,31,0,0,0,0,0,0,0,0,0,0
1003,47,0,0,0,0,0,0,0,0,0,0
1004,54,0,0,0,0,0,0,0,0,0,0
1005,30,32,0,0,0,0,0,0,0,0,0
1006,32,0,0,0,0,0,0,0,0,0,0
1007,30,32,0,0,0,0,0,0,0,0,0
1008,32,0,0,0,0,0,0,0,0,0,0
1009,54,32,0,0,0,0,0,0,0,0,0
1010,31,0,0,0,0,0,0,0,0,0,0
1011,30,32,0,0,0,0,0,0,0,0,0
1012,30,32,0,0,0,0,0,0,0,0,0
1013,32,0,0,0,0,0,0,0,0,0,0
1014,30,0,0,0,0,0,0,0,0,0,0
1015,54,0,0,0,0,0,0,0,0,0,0
1016,47,0,0,0,0,0,0,0,0,0,0
1017,54,0,0,0,0,0,0,0,0,0,0
1018,47,0,0,0,0,0,0,0,0,0,0
1019,54,0,0,0,0,0,0,0,0,0,0
1020,47,0,0,0,0,0,0,0,0,0,0
1021,54,0,0,0,0,0,0,0,0,0,0
1022,2,0,0,0,0,0,0,0,0,0,0
1023,30,32,0,0,0,0,0,0,0,0,0
1024,11,32,0,0,0,0,0,0,0,0,0
1025,31,0,0,0,0,0,0,0,0,0,0
1026,2,0,0,0,0,0,0,0,0,0,0
1027,47,0,0,0,0,0,0,0,0,0,0
1028,54,0,0,0,0,0,0,0,0,0,0
1029,47,0,0,0,0,0,0,0,0,0,0
1030,54,0,0,0,0,0,0,0,0,0,0
1031,47,0,0,0,0,0,0,0,0,0,0
1032,54,0,0,0,0,0,0,0,0,0,0
1033,47,0,0,0,0,0,0,0,0,0,0
1034,54,0,0,0,0,0,0,0,0,0,0
1035,47,0,0,0,0,0,0,0,0,0,0
1036,54,0,0,0,0,0,0,0,0,0,0
1037,47,0,0,0,0,0,0,0,0,0,0
1038,54,0,0,0,0,0,0,0,0,0,0
1039,1,0,0,0,0,0,0,0,0,0,0
1040,29,0,0,0,0,0,0,0,0,0,0
1041,29,0,0,0,0,0,0,0,0,0,0
1042,29,0,0,0,0,0,0,0,0,0,0
1043,29,0,0,0,0,0,0,0,0,0,0
1044,29,0,0,0,0,0,0,0,0,0,0
1045,29,0,0,0,0,0,0,0,0,0,0
1046,31,0,0,0,0,0,0,0,0,0,0
1047,31,0,0,0,0,0,0,0,0,0,0
1048,31,0,0,0,0,0,0,0,0,0,0
1049,30,0,0,0,0,0,0,0,0,0,0
1050,32,0,0,0,0,0,0,0,0,0,0
1051,30,0,0,0,0,0,0,0,0,0,0
1052,54,32,0,0,0,0,0,0,0,0,0
1053,31,0,0,0,0,0,0,0,0,0,0
1054,31,0,0,0,0,0,0,0,0,0,0
1055,30,0,0,0,0,0,0,0,0,0,0
1056,32,0,0,0,0,0,0,0,0,0,0
1057,30,0,0,0,0,0,0,0,0,0,0
1058,30,32,0,0,0,0,0,0,0,0,0
1059,54,0,0,0,0,0,0,0,0,0,0
1060,30,0,0,0,0,0,0,0,0,0,0
1061,32,0,0,0,0,0,0,0,0,0,0
1062,30,32,0,0,0,0,0,0,0,0,0
1063,54,0,0,0,0,0,0,0,0,0,0
1064,32,0,0,0,0,0,0,0,0,0,0
1065,30,0,0,0,0,0,0,0,0,0,0
1066,32,0,0,0,0,0,0,0,0,0,0
1067,30,0,0,0,0,0,0,0,0,0,0
1068,54,0,0,0,0,0,0,0,0,0,0
1069,1,0,0,0,0,0,0,0,0,0,0
1043
1,37
1,36
1,35
1,2
2,3
4,5
5,6
6,10
7,8
8,9
9,10
10,18
11,12
12,13
13,17
14,15
15,16
16,17
17,18
18,34
19,20
20,21
21,25
22,23
23,24
24,25
25,33
26,27
27,28
28,32
29,30
30,31
31,32
32,33
33,34
34,35
36,39
37,38
40,71
40,67
40,63
40,60
40,57
40,54
40,50
40,46
40,43
41,75
41,66
41,49
41,44
42,74
42,70
42,53
42,45
46,47
47,48
48,49
50,51
51,52
52,53
54,55
55,56
56,59
57,58
58,59
60,61
61,62
62,65
63,64
64,65
66,69
67,68
68,69
70,73
71,72
72,73
77,150
77,120
77,90
77,82
78,164
78,134
78,104
78,83
79,194
79,180
79,119
79,84
80,192
80,183
80,149
80,86
81,190
81,186
81,179
81,88
84,85
86,87
88,89
90,91
91,95
92,93
93,94
94,95
95,103
96,97
97,98
98,102
99,100
100,101
101,102
102,103
103,118
104,105
105,109
106,107
107,108
108,109
109,117
110,111
111,112
112,116
113,114
114,115
115,116
116,117
117,118
118,119
120,121
121,125
122,123
123,124
124,125
125,133
126,127
127,128
128,132
129,130
130,131
131,132
132,133
133,148
134,135
135,139
136,137
137,138
138,139
139,147
140,141
141,142
142,146
143,144
144,145
145,146
146,147
147,148
148,149
150,151
151,155
152,153
153,154
154,155
155,163
156,157
157,158
158,162
159,160
160,161
161,162
162,163
163,178
164,165
165,169
166,167
167,168
168,169
169,177
170,171
171,172
172,176
173,174
174,175
175,176
176,177
177,178
178,179
180,181
181,182
183,184
184,185
186,187
187,189
189,196
190,191
192,193
194,195
197,234
197,232
197,229
197,220
197,217
198,216
198,210
198,204
198,201
199,228
199,222
199,206
199,202
200,231
200,224
200,219
200,212
200,203
204,205
205,208
206,207
207,208
208,209
210,211
211,214
212,213
213,214
214,215
216,217
219,220
222,223
223,226
224,225
225,226
226,227
228,229
231,232
234,235
236,273
236,271
236,268
236,259
236,256
237,255
237,249
237,243
237,240
238,267
238,261
238,245
238,241
239,270
239,263
239,258
239,251
239,242
243,244
244,247
245,246
246,247
247,248
249,250
250,253
251,252
252,253
253,254
255,256
258,259
261,262
262,265
263,264
264,265
265,266
267,268
270,271
273,274
275,431
275,413
275,408
275,403
275,398
275,393
275,388
275,379
275,361
275,356
275,351
275,346
275,341
275,336
275,327
275,309
275,304
275,299
275,294
275,289
275,284
275,277
276,383
276,331
276,279
276,278
279,280
280,281
282,283
283,286
284,285
285,286
287,288
288,291
289,290
290,291
292,293
293,296
294,295
295,296
297,298
298,301
299,300
300,301
302,303
303,306
304,305
305,306
307,308
308,311
309,310
310,311
312,313
313,314
314,315
315,320
316,317
317,318
318,319
319,320
320,325
321,322
322,323
323,324
324,325
325,326
326,329
327,328
328,329
331,332
332,333
334,335
335,338
336,337
337,338
339,340
340,343
341,342
342,343
344,345
345,348
346,347
347,348
349,350
350,353
351,352
352,353
354,355
355,358
356,357
357,358
359,360
360,363
361,362
362,363
364,365
365,366
366,367
367,372
368,369
369,370
370,371
371,372
372,377
373,374
374,375
375,376
376,377
377,378
378,381
379,380
380,381
383,384
384,385
386,387
387,390
388,389
389,390
391,392
392,395
393,394
394,395
396,397
397,400
398,399
399,400
401,402
402,405
403,404
404,405
406,407
407,410
408,409
409,410
411,412
412,415
413,414
414,415
416,417
417,418
418,419
419,424
420,421
421,422
422,423
423,424
424,429
425,426
426,427
427,428
428,429
429,430
430,433
431,432
432,433
438,536
438,534
438,450
439,525
439,521
439,516
439,512
439,509
439,503
439,499
439,496
439,486
439,476
439,466
439,443
440,531
440,444
441,447
441,446
442,454
442,453
445,446
447,448
448,449
452,453
454,455
455,456
459,460
460,465
461,462
462,465
463,464
464,465
465,468
466,467
467,468
469,470
470,475
471,472
472,475
473,474
474,475
475,478
476,477
477,478
479,480
480,485
481,482
482,485
483,484
484,485
485,488
486,487
487,488
489,490
490,495
491,492
492,495
493,494
494,495
495,498
496,497
497,498
499,500
500,501
501,502
502,507
503,504
504,505
505,506
506,507
507,508
508,511
509,510
510,511
512,513
513,514
514,515
515,520
516,517
517,518
518,519
519,520
520,530
521,522
522,523
523,524
524,529
525,526
526,527
527,528
528,529
529,530
530,533
531,532
532,533
536,537
538,656
538,651
538,555
539,553
539,549
540,596
540,591
540,582
540,577
540,550
541,568
541,551
542,633
542,626
542,618
542,611
542,552
543,654
543,632
543,558
543,557
544,652
544,650
544,641
544,639
544,634
544,627
544,619
544,612
544,561
544,559
545,648
545,646
545,595
545,581
545,573
545,567
545,565
545,563
546,644
546,610
546,604
546,589
546,576
547,643
547,617
547,605
547,603
547,590
548,608
548,607
553,554
559,560
563,564
567,571
568,569
569,570
570,571
571,572
573,574
577,578
578,579
579,580
580,587
581,586
582,583
583,584
584,585
585,586
586,587
587,588
588,589
591,592
592,593
593,594
594,601
595,600
596,597
597,598
598,599
599,600
600,601
601,602
602,603
604,608
605,608
606,607
608,609
610,616
611,614
612,613
613,614
614,615
615,616
617,623
618,621
619,620
620,621
621,622
622,623
624,625
625,631
626,629
627,628
628,629
629,630
630,631
632,638
633,636
634,635
635,636
636,637
637,638
639,640
640,641
646,647
647,648
650,651
652,653
656,657
658,671
658,667
659,812
659,804
659,798
659,783
659,771
659,759
659,747
659,739
659,732
659,668
660,725
660,669
661,789
661,777
661,765
661,670
662,713
662,711
662,698
662,683
662,679
662,677
662,675
663,828
663,728
663,694
663,682
664,708
664,706
664,701
664,695
664,691
664,689
664,687
665,829
665,827
665,797
665,795
665,790
665,778
665,766
665,718
665,716
666,825
666,823
666,813
666,805
666,799
666,784
666,772
666,760
666,748
666,740
666,733
666,729
666,724
666,722
666,720
671,672
672,673
675,676
679,680
680,681
683,684
687,688
691,692
692,693
695,696
698,699
699,700
700,703
701,702
702,703
703,704
706,707
707,708
711,712
712,713
716,717
720,721
724,726
725,726
726,727
729,730
732,735
733,734
734,735
735,736
736,737
737,738
738,757
739,742
740,741
741,742
742,743
743,744
744,745
745,746
746,754
747,750
748,749
749,750
750,751
751,752
752,753
753,754
754,755
755,756
756,757
757,758
759,762
760,761
761,762
762,763
763,764
764,770
765,768
766,767
767,768
768,769
769,770
771,774
772,773
773,774
774,775
775,776
776,782
777,780
778,779
779,780
780,781
781,782
783,786
784,785
785,786
786,787
787,788
788,794
789,792
790,791
791,792
792,793
793,794
795,796
796,797
798,801
799,800
800,801
801,802
802,803
803,820
804,807
805,806
806,807
807,808
808,809
809,810
810,811
811,819
812,815
813,814
814,815
815,816
816,817
817,818
818,819
819,820
823,824
824,825
827,831
829,830
832,844
832,840
833,896
833,841
834,918
834,910
834,903
834,842
835,909
835,871
835,843
836,887
836,885
836,872
836,856
836,852
836,850
836,848
837,899
837,867
837,855
838,882
838,880
838,875
838,868
838,864
838,862
838,860
839,930
839,928
839,919
839,911
839,904
839,900
839,895
839,893
839,891
844,845
845,846
848,849
852,853
853,854
856,857
860,861
864,865
865,866
868,869
871,874
872,873
873,874
874,877
875,876
876,877
877,878
880,881
881,882
885,886
886,887
891,892
895,897
896,897
897,898
900,901
903,906
904,905
905,906
906,907
907,908
908,926
909,917
910,913
911,912
912,913
913,914
914,915
915,916
916,917
917,925
918,921
919,920
920,921
921,922
922,923
923,924
924,925
925,926
928,929
929,930
933,977
933,949
934,1014
934,950
935,971
935,951
936,1037
936,998
936,987
936,984
936,952
937,1035
937,983
937,956
937,954
938,1033
938,996
938,989
938,957
939,1031
939,997
939,990
939,959
940,1029
940,1006
940,1000
940,961
941,1027
941,1013
941,1008
941,963
942,1025
942,1023
942,1011
942,1005
942,978
942,974
942,970
942,968
942,966
943,984
943,982
944,1020
944,995
944,992
944,985
945,991
945,988
946,1018
946,1007
946,1002
946,993
947,1001
947,999
948,1016
948,1012
948,1010
948,1003
952,953
954,955
957,958
959,960
961,962
963,964
966,967
970,972
971,972
972,973
974,975
977,980
978,979
979,980
980,981
981,982
983,984
985,986
987,988
989,991
990,991
991,992
993,994
995,1001
996,1001
997,1001
998,999
1000,1001
1001,1002
1003,1004
1005,1009
1006,1009
1007,1009
1008,1009
1009,1010
1011,1015
1012,1015
1013,1015
1014,1015
1016,1017
1018,1019
1020,1021
1023,1024
1024,1025
1027,1028
1029,1030
1031,1032
1033,1034
1035,1036
1037,1038
1040,1046
1041,1047
1042,1065
1042,1055
1042,1049
1042,1048
1043,1062
1043,1058
1043,1053
1044,1060
1044,1059
1044,1054
1045,1064
1045,1061
1049,1050
1050,1051
1051,1052
1052,1053
1055,1056
1056,1057
1057,1059
1058,1059
1060,1063
1061,1063
1062,1063
1064,1068
1065,1066
1066,1067
1067,1068
