1450
1,29,0,0,0,0,0,0,0,0,0,0
2,29,0,0,0,0,0,0,0,0,0,0
3,31,0,0,0,0,0,0,0,0,0,0
4,47,0,0,0,0,0,0,0,0,0,0
5,54,0,0,0,0,0,0,0,0,0,0
6,30,32,0,0,0,0,0,0,0,0,0
7,51,1,0,0,0,0,0,0,0,0,0
8,2,0,0,0,0,0,0,0,0,0,0
9,30,32,0,0,0,0,0,0,0,0,0
10,31,0,0,0,0,0,0,0,0,0,0
11,2,0,0,0,0,0,0,0,0,0,0
12,30,32,0,0,0,0,0,0,0,0,0
13,13,32,0,0,0,0,0,0,0,0,0
14,31,0,0,0,0,0,0,0,0,0,0
15,2,0,0,0,0,0,0,0,0,0,0
16,30,32,0,0,0,0,0,0,0,0,0
17,47,0,0,0,0,0,0,0,0,0,0
18,54,0,0,0,0,0,0,0,0,0,0
19,1,0,0,0,0,0,0,0,0,0,0
20,29,0,0,0,0,0,0,0,0,0,0
21,29,0,0,0,0,0,0,0,0,0,0
22,29,0,0,0,0,0,0,0,0,0,0
23,29,0,0,0,0,0,0,0,0,0,0
24,29,0,0,0,0,0,0,0,0,0,0
25,29,0,0,0,0,0,0,0,0,0,0
26,29,0,0,0,0,0,0,0,0,0,0
27,29,0,0,0,0,0,0,0,0,0,0
28,29,0,0,0,0,0,0,0,0,0,0
29,31,0,0,0,0,0,0,0,0,0,0
30,31,0,0,0,0,0,0,0,0,0,0
31,47,0,0,0,0,0,0,0,0,0,0
32,54,0,0,0,0,0,0,0,0,0,0
33,47,0,0,0,0,0,0,0,0,0,0
34,54,0,0,0,0,0,0,0,0,0,0
35,47,0,0,0,0,0,0,0,0,0,0
36,54,0,0,0,0,0,0,0,0,0,0
37,47,0,0,0,0,0,0,0,0,0,0
38,54,0,0,0,0,0,0,0,0,0,0
39,47,0,0,0,0,0,0,0,0,0,0
40,54,0,0,0,0,0,0,0,0,0,0
41,47,0,0,0,0,0,0,0,0,0,0
42,54,0,0,0,0,0,0,0,0,0,0
43,47,0,0,0,0,0,0,0,0,0,0
44,54,0,0,0,0,0,0,0,0,0,0
45,31,0,0,0,0,0,0,0,0,0,0
46,31,0,0,0,0,0,0,0,0,0,0
47,30,0,0,0,0,0,0,0,0,0,0
48,32,0,0,0,0,0,0,0,0,0,0
49,31,0,0,0,0,0,0,0,0,0,0
50,30,32,0,0,0,0,0,0,0,0,0
51,38,64,0,0,0,0,0,0,0,0,0
52,30,0,0,0,0,0,0,0,0,0,0
53,32,0,0,0,0,0,0,0,0,0,0
54,31,0,0,0,0,0,0,0,0,0,0
55,30,32,0,0,0,0,0,0,0,0,0
56,38,64,0,0,0,0,0,0,0,0,0
57,15,64,0,0,0,0,0,0,0,0,0
58,31,0,0,0,0,0,0,0,0,0,0
59,30,0,0,0,0,0,0,0,0,0,0
60,32,0,0,0,0,0,0,0,0,0,0
61,31,0,0,0,0,0,0,0,0,0,0
62,30,32,0,0,0,0,0,0,0,0,0
63,38,64,0,0,0,0,0,0,0,0,0
64,30,0,0,0,0,0,0,0,0,0,0
65,32,0,0,0,0,0,0,0,0,0,0
66,31,0,0,0,0,0,0,0,0,0,0
67,30,32,0,0,0,0,0,0,0,0,0
68,38,64,0,0,0,0,0,0,0,0,0
69,15,64,0,0,0,0,0,0,0,0,0
70,31,0,0,0,0,0,0,0,0,0,0
71,2,0,0,0,0,0,0,0,0,0,0
72,31,0,0,0,0,0,0,0,0,0,0
73,2,0,0,0,0,0,0,0,0,0,0
74,30,32,0,0,0,0,0,0,0,0,0
75,51,1,0,0,0,0,0,0,0,0,0
76,2,0,0,0,0,0,0,0,0,0,0
77,30,0,0,0,0,0,0,0,0,0,0
78,32,0,0,0,0,0,0,0,0,0,0
79,31,0,0,0,0,0,0,0,0,0,0
80,30,32,0,0,0,0,0,0,0,0,0
81,38,64,0,0,0,0,0,0,0,0,0
82,30,0,0,0,0,0,0,0,0,0,0
83,32,0,0,0,0,0,0,0,0,0,0
84,31,0,0,0,0,0,0,0,0,0,0
85,30,32,0,0,0,0,0,0,0,0,0
86,38,64,0,0,0,0,0,0,0,0,0
87,15,64,0,0,0,0,0,0,0,0,0
88,30,64,0,0,0,0,0,0,0,0,0
89,11,64,0,0,0,0,0,0,0,0,0
90,31,0,0,0,0,0,0,0,0,0,0
91,30,0,0,0,0,0,0,0,0,0,0
92,32,0,0,0,0,0,0,0,0,0,0
93,31,0,0,0,0,0,0,0,0,0,0
94,30,32,0,0,0,0,0,0,0,0,0
95,38,64,0,0,0,0,0,0,0,0,0
96,30,0,0,0,0,0,0,0,0,0,0
97,32,0,0,0,0,0,0,0,0,0,0
98,31,0,0,0,0,0,0,0,0,0,0
99,30,32,0,0,0,0,0,0,0,0,0
100,38,64,0,0,0,0,0,0,0,0,0
101,15,64,0,0,0,0,0,0,0,0,0
102,30,64,0,0,0,0,0,0,0,0,0
103,11,64,0,0,0,0,0,0,0,0,0
104,31,0,0,0,0,0,0,0,0,0,0
105,2,0,0,0,0,0,0,0,0,0,0
106,30,32,0,0,0,0,0,0,0,0,0
107,11,32,0,0,0,0,0,0,0,0,0
108,31,0,0,0,0,0,0,0,0,0,0
109,2,0,0,0,0,0,0,0,0,0,0
110,30,0,0,0,0,0,0,0,0,0,0
111,32,0,0,0,0,0,0,0,0,0,0
112,31,0,0,0,0,0,0,0,0,0,0
113,30,32,0,0,0,0,0,0,0,0,0
114,38,64,0,0,0,0,0,0,0,0,0
115,30,0,0,0,0,0,0,0,0,0,0
116,32,0,0,0,0,0,0,0,0,0,0
117,31,0,0,0,0,0,0,0,0,0,0
118,30,32,0,0,0,0,0,0,0,0,0
119,38,64,0,0,0,0,0,0,0,0,0
120,15,64,0,0,0,0,0,0,0,0,0
121,30,64,0,0,0,0,0,0,0,0,0
122,11,64,0,0,0,0,0,0,0,0,0
123,31,0,0,0,0,0,0,0,0,0,0
124,30,0,0,0,0,0,0,0,0,0,0
125,30,32,0,0,0,0,0,0,0,0,0
126,38,64,0,0,0,0,0,0,0,0,0
127,30,0,0,0,0,0,0,0,0,0,0
128,32,0,0,0,0,0,0,0,0,0,0
129,31,0,0,0,0,0,0,0,0,0,0
130,30,32,0,0,0,0,0,0,0,0,0
131,38,64,0,0,0,0,0,0,0,0,0
132,15,64,0,0,0,0,0,0,0,0,0
133,30,64,0,0,0,0,0,0,0,0,0
134,11,64,0,0,0,0,0,0,0,0,0
135,31,0,0,0,0,0,0,0,0,0,0
136,30,0,0,0,0,0,0,0,0,0,0
137,32,0,0,0,0,0,0,0,0,0,0
138,31,0,0,0,0,0,0,0,0,0,0
139,2,0,0,0,0,0,0,0,0,0,0
140,31,0,0,0,0,0,0,0,0,0,0
141,2,0,0,0,0,0,0,0,0,0,0
142,30,32,0,0,0,0,0,0,0,0,0
143,51,1,0,0,0,0,0,0,0,0,0
144,2,0,0,0,0,0,0,0,0,0,0
145,30,0,0,0,0,0,0,0,0,0,0
146,32,0,0,0,0,0,0,0,0,0,0
147,31,0,0,0,0,0,0,0,0,0,0
148,30,32,0,0,0,0,0,0,0,0,0
149,30,0,0,0,0,0,0,0,0,0,0
150,32,0,0,0,0,0,0,0,0,0,0
151,31,0,0,0,0,0,0,0,0,0,0
152,31,0,0,0,0,0,0,0,0,0,0
153,2,0,0,0,0,0,0,0,0,0,0
154,30,32,0,0,0,0,0,0,0,0,0
155,11,32,0,0,0,0,0,0,0,0,0
156,31,0,0,0,0,0,0,0,0,0,0
157,2,0,0,0,0,0,0,0,0,0,0
158,30,32,0,0,0,0,0,0,0,0,0
159,30,0,0,0,0,0,0,0,0,0,0
160,32,0,0,0,0,0,0,0,0,0,0
161,31,0,0,0,0,0,0,0,0,0,0
162,31,0,0,0,0,0,0,0,0,0,0
163,30,32,0,0,0,0,0,0,0,0,0
164,30,0,0,0,0,0,0,0,0,0,0
165,31,0,0,0,0,0,0,0,0,0,0
166,30,64,0,0,0,0,0,0,0,0,0
167,30,64,0,0,0,0,0,0,0,0,0
168,11,64,0,0,0,0,0,0,0,0,0
169,25,64,0,0,0,0,0,0,0,0,0
170,36,32,0,0,0,0,0,0,0,0,0
171,31,0,0,0,0,0,0,0,0,0,0
172,30,64,0,0,0,0,0,0,0,0,0
173,30,64,0,0,0,0,0,0,0,0,0
174,13,64,0,0,0,0,0,0,0,0,0
175,25,64,0,0,0,0,0,0,0,0,0
176,36,32,0,0,0,0,0,0,0,0,0
177,31,0,0,0,0,0,0,0,0,0,0
178,54,32,0,0,0,0,0,0,0,0,0
179,31,0,0,0,0,0,0,0,0,0,0
180,30,32,0,0,0,0,0,0,0,0,0
181,30,32,0,0,0,0,0,0,0,0,0
182,30,32,0,0,0,0,0,0,0,0,0
183,30,32,0,0,0,0,0,0,0,0,0
184,54,32,0,0,0,0,0,0,0,0,0
185,31,0,0,0,0,0,0,0,0,0,0
186,30,32,0,0,0,0,0,0,0,0,0
187,30,32,0,0,0,0,0,0,0,0,0
188,11,32,0,0,0,0,0,0,0,0,0
189,31,0,0,0,0,0,0,0,0,0,0
190,30,32,0,0,0,0,0,0,0,0,0
191,30,32,0,0,0,0,0,0,0,0,0
192,13,32,0,0,0,0,0,0,0,0,0
193,31,0,0,0,0,0,0,0,0,0,0
194,30,32,0,0,0,0,0,0,0,0,0
195,30,32,0,0,0,0,0,0,0,0,0
196,54,32,0,0,0,0,0,0,0,0,0
197,31,0,0,0,0,0,0,0,0,0,0
198,30,32,0,0,0,0,0,0,0,0,0
199,38,64,0,0,0,0,0,0,0,0,0
200,30,32,0,0,0,0,0,0,0,0,0
201,25,32,0,0,0,0,0,0,0,0,0
202,38,64,0,0,0,0,0,0,0,0,0
203,32,0,0,0,0,0,0,0,0,0,0
204,30,32,0,0,0,0,0,0,0,0,0
205,38,64,0,0,0,0,0,0,0,0,0
206,15,64,0,0,0,0,0,0,0,0,0
207,25,64,0,0,0,0,0,0,0,0,0
208,36,32,0,0,0,0,0,0,0,0,0
209,31,0,0,0,0,0,0,0,0,0,0
210,30,32,0,0,0,0,0,0,0,0,0
211,30,32,0,0,0,0,0,0,0,0,0
212,54,32,0,0,0,0,0,0,0,0,0
213,31,0,0,0,0,0,0,0,0,0,0
214,30,32,0,0,0,0,0,0,0,0,0
215,54,32,0,0,0,0,0,0,0,0,0
216,31,0,0,0,0,0,0,0,0,0,0
217,30,32,0,0,0,0,0,0,0,0,0
218,30,32,0,0,0,0,0,0,0,0,0
219,11,32,0,0,0,0,0,0,0,0,0
220,31,0,0,0,0,0,0,0,0,0,0
221,30,32,0,0,0,0,0,0,0,0,0
222,54,0,0,0,0,0,0,0,0,0,0
223,30,32,0,0,0,0,0,0,0,0,0
224,30,32,0,0,0,0,0,0,0,0,0
225,30,32,0,0,0,0,0,0,0,0,0
226,30,32,0,0,0,0,0,0,0,0,0
227,30,32,0,0,0,0,0,0,0,0,0
228,54,32,0,0,0,0,0,0,0,0,0
229,31,0,0,0,0,0,0,0,0,0,0
230,30,32,0,0,0,0,0,0,0,0,0
231,30,32,0,0,0,0,0,0,0,0,0
232,30,32,0,0,0,0,0,0,0,0,0
233,30,32,0,0,0,0,0,0,0,0,0
234,54,32,0,0,0,0,0,0,0,0,0
235,31,0,0,0,0,0,0,0,0,0,0
236,30,32,0,0,0,0,0,0,0,0,0
237,30,32,0,0,0,0,0,0,0,0,0
238,11,32,0,0,0,0,0,0,0,0,0
239,31,0,0,0,0,0,0,0,0,0,0
240,30,32,0,0,0,0,0,0,0,0,0
241,31,0,0,0,0,0,0,0,0,0,0
242,30,32,0,0,0,0,0,0,0,0,0
243,31,0,0,0,0,0,0,0,0,0,0
244,30,32,0,0,0,0,0,0,0,0,0
245,31,0,0,0,0,0,0,0,0,0,0
246,30,32,0,0,0,0,0,0,0,0,0
247,31,0,0,0,0,0,0,0,0,0,0
248,54,32,0,0,0,0,0,0,0,0,0
249,31,0,0,0,0,0,0,0,0,0,0
250,30,32,0,0,0,0,0,0,0,0,0
251,30,32,0,0,0,0,0,0,0,0,0
252,30,32,0,0,0,0,0,0,0,0,0
253,30,32,0,0,0,0,0,0,0,0,0
254,54,32,0,0,0,0,0,0,0,0,0
255,31,0,0,0,0,0,0,0,0,0,0
256,30,32,0,0,0,0,0,0,0,0,0
257,30,32,0,0,0,0,0,0,0,0,0
258,11,32,0,0,0,0,0,0,0,0,0
259,31,0,0,0,0,0,0,0,0,0,0
260,30,32,0,0,0,0,0,0,0,0,0
261,30,32,0,0,0,0,0,0,0,0,0
262,13,32,0,0,0,0,0,0,0,0,0
263,31,0,0,0,0,0,0,0,0,0,0
264,30,32,0,0,0,0,0,0,0,0,0
265,51,1,0,0,0,0,0,0,0,0,0
266,2,0,0,0,0,0,0,0,0,0,0
267,31,0,0,0,0,0,0,0,0,0,0
268,2,0,0,0,0,0,0,0,0,0,0
269,31,0,0,0,0,0,0,0,0,0,0
270,2,0,0,0,0,0,0,0,0,0,0
271,30,32,0,0,0,0,0,0,0,0,0
272,38,64,0,0,0,0,0,0,0,0,0
273,15,64,0,0,0,0,0,0,0,0,0
274,25,64,0,0,0,0,0,0,0,0,0
275,36,32,0,0,0,0,0,0,0,0,0
276,31,0,0,0,0,0,0,0,0,0,0
277,30,32,0,0,0,0,0,0,0,0,0
278,54,32,0,0,0,0,0,0,0,0,0
279,30,32,0,0,0,0,0,0,0,0,0
280,51,1,0,0,0,0,0,0,0,0,0
281,2,0,0,0,0,0,0,0,0,0,0
282,30,32,0,0,0,0,0,0,0,0,0
283,11,32,0,0,0,0,0,0,0,0,0
284,31,0,0,0,0,0,0,0,0,0,0
285,2,0,0,0,0,0,0,0,0,0,0
286,30,32,0,0,0,0,0,0,0,0,0
287,38,64,0,0,0,0,0,0,0,0,0
288,30,32,0,0,0,0,0,0,0,0,0
289,38,64,0,0,0,0,0,0,0,0,0
290,32,0,0,0,0,0,0,0,0,0,0
291,30,32,0,0,0,0,0,0,0,0,0
292,38,64,0,0,0,0,0,0,0,0,0
293,15,64,0,0,0,0,0,0,0,0,0
294,25,64,0,0,0,0,0,0,0,0,0
295,36,32,0,0,0,0,0,0,0,0,0
296,31,0,0,0,0,0,0,0,0,0,0
297,30,32,0,0,0,0,0,0,0,0,0
298,30,32,0,0,0,0,0,0,0,0,0
299,54,32,0,0,0,0,0,0,0,0,0
300,31,0,0,0,0,0,0,0,0,0,0
301,30,32,0,0,0,0,0,0,0,0,0
302,54,32,0,0,0,0,0,0,0,0,0
303,31,0,0,0,0,0,0,0,0,0,0
304,30,32,0,0,0,0,0,0,0,0,0
305,30,32,0,0,0,0,0,0,0,0,0
306,11,32,0,0,0,0,0,0,0,0,0
307,31,0,0,0,0,0,0,0,0,0,0
308,30,32,0,0,0,0,0,0,0,0,0
309,54,0,0,0,0,0,0,0,0,0,0
310,30,32,0,0,0,0,0,0,0,0,0
311,30,32,0,0,0,0,0,0,0,0,0
312,30,32,0,0,0,0,0,0,0,0,0
313,30,32,0,0,0,0,0,0,0,0,0
314,30,32,0,0,0,0,0,0,0,0,0
315,54,32,0,0,0,0,0,0,0,0,0
316,31,0,0,0,0,0,0,0,0,0,0
317,30,32,0,0,0,0,0,0,0,0,0
318,30,32,0,0,0,0,0,0,0,0,0
319,30,32,0,0,0,0,0,0,0,0,0
320,30,32,0,0,0,0,0,0,0,0,0
321,54,32,0,0,0,0,0,0,0,0,0
322,31,0,0,0,0,0,0,0,0,0,0
323,30,32,0,0,0,0,0,0,0,0,0
324,30,32,0,0,0,0,0,0,0,0,0
325,11,32,0,0,0,0,0,0,0,0,0
326,31,0,0,0,0,0,0,0,0,0,0
327,30,32,0,0,0,0,0,0,0,0,0
328,31,0,0,0,0,0,0,0,0,0,0
329,30,32,0,0,0,0,0,0,0,0,0
330,31,0,0,0,0,0,0,0,0,0,0
331,30,32,0,0,0,0,0,0,0,0,0
332,31,0,0,0,0,0,0,0,0,0,0
333,30,32,0,0,0,0,0,0,0,0,0
334,31,0,0,0,0,0,0,0,0,0,0
335,30,32,0,0,0,0,0,0,0,0,0
336,30,32,0,0,0,0,0,0,0,0,0
337,23,32,0,0,0,0,0,0,0,0,0
338,27,32,0,0,0,0,0,0,0,0,0
339,47,0,0,0,0,0,0,0,0,0,0
340,54,0,0,0,0,0,0,0,0,0,0
341,47,0,0,0,0,0,0,0,0,0,0
342,54,0,0,0,0,0,0,0,0,0,0
343,47,0,0,0,0,0,0,0,0,0,0
344,54,0,0,0,0,0,0,0,0,0,0
345,47,0,0,0,0,0,0,0,0,0,0
346,54,0,0,0,0,0,0,0,0,0,0
347,47,0,0,0,0,0,0,0,0,0,0
348,54,0,0,0,0,0,0,0,0,0,0
349,47,0,0,0,0,0,0,0,0,0,0
350,54,0,0,0,0,0,0,0,0,0,0
351,47,0,0,0,0,0,0,0,0,0,0
352,54,0,0,0,0,0,0,0,0,0,0
353,1,0,0,0,0,0,0,0,0,0,0
354,29,0,0,0,0,0,0,0,0,0,0
355,29,0,0,0,0,0,0,0,0,0,0
356,29,0,0,0,0,0,0,0,0,0,0
357,29,0,0,0,0,0,0,0,0,0,0
358,31,0,0,0,0,0,0,0,0,0,0
359,31,0,0,0,0,0,0,0,0,0,0
360,47,0,0,0,0,0,0,0,0,0,0
361,54,0,0,0,0,0,0,0,0,0,0
362,47,0,0,0,0,0,0,0,0,0,0
363,54,0,0,0,0,0,0,0,0,0,0
364,30,0,0,0,0,0,0,0,0,0,0
365,32,0,0,0,0,0,0,0,0,0,0
366,31,0,0,0,0,0,0,0,0,0,0
367,30,32,0,0,0,0,0,0,0,0,0
368,38,64,0,0,0,0,0,0,0,0,0
369,30,0,0,0,0,0,0,0,0,0,0
370,32,0,0,0,0,0,0,0,0,0,0
371,31,0,0,0,0,0,0,0,0,0,0
372,30,32,0,0,0,0,0,0,0,0,0
373,38,64,0,0,0,0,0,0,0,0,0
374,15,64,0,0,0,0,0,0,0,0,0
375,31,0,0,0,0,0,0,0,0,0,0
376,2,0,0,0,0,0,0,0,0,0,0
377,31,0,0,0,0,0,0,0,0,0,0
378,2,0,0,0,0,0,0,0,0,0,0
379,30,32,0,0,0,0,0,0,0,0,0
380,51,1,0,0,0,0,0,0,0,0,0
381,2,0,0,0,0,0,0,0,0,0,0
382,30,0,0,0,0,0,0,0,0,0,0
383,32,0,0,0,0,0,0,0,0,0,0
384,31,0,0,0,0,0,0,0,0,0,0
385,30,32,0,0,0,0,0,0,0,0,0
386,38,64,0,0,0,0,0,0,0,0,0
387,30,0,0,0,0,0,0,0,0,0,0
388,32,0,0,0,0,0,0,0,0,0,0
389,31,0,0,0,0,0,0,0,0,0,0
390,30,32,0,0,0,0,0,0,0,0,0
391,38,64,0,0,0,0,0,0,0,0,0
392,15,64,0,0,0,0,0,0,0,0,0
393,30,64,0,0,0,0,0,0,0,0,0
394,11,64,0,0,0,0,0,0,0,0,0
395,31,0,0,0,0,0,0,0,0,0,0
396,2,0,0,0,0,0,0,0,0,0,0
397,30,32,0,0,0,0,0,0,0,0,0
398,11,32,0,0,0,0,0,0,0,0,0
399,31,0,0,0,0,0,0,0,0,0,0
400,2,0,0,0,0,0,0,0,0,0,0
401,30,64,0,0,0,0,0,0,0,0,0
402,25,64,0,0,0,0,0,0,0,0,0
403,36,32,0,0,0,0,0,0,0,0,0
404,47,0,0,0,0,0,0,0,0,0,0
405,54,0,0,0,0,0,0,0,0,0,0
406,47,0,0,0,0,0,0,0,0,0,0
407,54,0,0,0,0,0,0,0,0,0,0
408,1,0,0,0,0,0,0,0,0,0,0
409,29,0,0,0,0,0,0,0,0,0,0
410,29,0,0,0,0,0,0,0,0,0,0
411,29,0,0,0,0,0,0,0,0,0,0
412,29,0,0,0,0,0,0,0,0,0,0
413,29,0,0,0,0,0,0,0,0,0,0
414,29,0,0,0,0,0,0,0,0,0,0
415,31,0,0,0,0,0,0,0,0,0,0
416,31,0,0,0,0,0,0,0,0,0,0
417,31,0,0,0,0,0,0,0,0,0,0
418,31,0,0,0,0,0,0,0,0,0,0
419,47,0,0,0,0,0,0,0,0,0,0
420,54,0,0,0,0,0,0,0,0,0,0
421,47,0,0,0,0,0,0,0,0,0,0
422,54,0,0,0,0,0,0,0,0,0,0
423,30,32,0,0,0,0,0,0,0,0,0
424,15,32,0,0,0,0,0,0,0,0,0
425,38,64,0,0,0,0,0,0,0,0,0
426,31,0,0,0,0,0,0,0,0,0,0
427,30,32,0,0,0,0,0,0,0,0,0
428,38,64,0,0,0,0,0,0,0,0,0
429,30,64,0,0,0,0,0,0,0,0,0
430,15,64,0,0,0,0,0,0,0,0,0
431,31,0,0,0,0,0,0,0,0,0,0
432,30,32,0,0,0,0,0,0,0,0,0
433,15,32,0,0,0,0,0,0,0,0,0
434,38,64,0,0,0,0,0,0,0,0,0
435,31,0,0,0,0,0,0,0,0,0,0
436,30,32,0,0,0,0,0,0,0,0,0
437,38,64,0,0,0,0,0,0,0,0,0
438,30,64,0,0,0,0,0,0,0,0,0
439,15,64,0,0,0,0,0,0,0,0,0
440,30,64,0,0,0,0,0,0,0,0,0
441,11,64,0,0,0,0,0,0,0,0,0
442,31,0,0,0,0,0,0,0,0,0,0
443,30,64,0,0,0,0,0,0,0,0,0
444,25,64,0,0,0,0,0,0,0,0,0
445,36,32,0,0,0,0,0,0,0,0,0
446,47,0,0,0,0,0,0,0,0,0,0
447,54,0,0,0,0,0,0,0,0,0,0
448,47,0,0,0,0,0,0,0,0,0,0
449,54,0,0,0,0,0,0,0,0,0,0
450,1,0,0,0,0,0,0,0,0,0,0
451,29,0,0,0,0,0,0,0,0,0,0
452,29,0,0,0,0,0,0,0,0,0,0
453,29,0,0,0,0,0,0,0,0,0,0
454,29,0,0,0,0,0,0,0,0,0,0
455,29,0,0,0,0,0,0,0,0,0,0
456,29,0,0,0,0,0,0,0,0,0,0
457,31,0,0,0,0,0,0,0,0,0,0
458,31,0,0,0,0,0,0,0,0,0,0
459,47,0,0,0,0,0,0,0,0,0,0
460,54,0,0,0,0,0,0,0,0,0,0
461,47,0,0,0,0,0,0,0,0,0,0
462,54,0,0,0,0,0,0,0,0,0,0
463,47,0,0,0,0,0,0,0,0,0,0
464,54,0,0,0,0,0,0,0,0,0,0
465,47,0,0,0,0,0,0,0,0,0,0
466,54,0,0,0,0,0,0,0,0,0,0
467,30,32,0,0,0,0,0,0,0,0,0
468,54,32,0,0,0,0,0,0,0,0,0
469,38,64,0,0,0,0,0,0,0,0,0
470,31,0,0,0,0,0,0,0,0,0,0
471,2,0,0,0,0,0,0,0,0,0,0
472,31,0,0,0,0,0,0,0,0,0,0
473,2,0,0,0,0,0,0,0,0,0,0
474,30,32,0,0,0,0,0,0,0,0,0
475,51,1,0,0,0,0,0,0,0,0,0
476,2,0,0,0,0,0,0,0,0,0,0
477,30,32,0,0,0,0,0,0,0,0,0
478,38,64,0,0,0,0,0,0,0,0,0
479,32,0,0,0,0,0,0,0,0,0,0
480,30,32,0,0,0,0,0,0,0,0,0
481,38,64,0,0,0,0,0,0,0,0,0
482,30,32,0,0,0,0,0,0,0,0,0
483,38,64,0,0,0,0,0,0,0,0,0
484,15,64,0,0,0,0,0,0,0,0,0
485,25,64,0,0,0,0,0,0,0,0,0
486,31,0,0,0,0,0,0,0,0,0,0
487,30,64,0,0,0,0,0,0,0,0,0
488,30,64,0,0,0,0,0,0,0,0,0
489,51,1,0,0,0,0,0,0,0,0,0
490,2,0,0,0,0,0,0,0,0,0,0
491,2,0,0,0,0,0,0,0,0,0,0
492,2,0,0,0,0,0,0,0,0,0,0
493,30,32,0,0,0,0,0,0,0,0,0
494,11,32,0,0,0,0,0,0,0,0,0
495,31,0,0,0,0,0,0,0,0,0,0
496,2,0,0,0,0,0,0,0,0,0,0
497,30,32,0,0,0,0,0,0,0,0,0
498,51,1,0,0,0,0,0,0,0,0,0
499,2,0,0,0,0,0,0,0,0,0,0
500,30,32,0,0,0,0,0,0,0,0,0
501,38,64,0,0,0,0,0,0,0,0,0
502,32,0,0,0,0,0,0,0,0,0,0
503,30,32,0,0,0,0,0,0,0,0,0
504,31,0,0,0,0,0,0,0,0,0,0
505,2,0,0,0,0,0,0,0,0,0,0
506,30,32,0,0,0,0,0,0,0,0,0
507,38,64,0,0,0,0,0,0,0,0,0
508,32,0,0,0,0,0,0,0,0,0,0
509,30,32,0,0,0,0,0,0,0,0,0
510,31,0,0,0,0,0,0,0,0,0,0
511,2,0,0,0,0,0,0,0,0,0,0
512,30,32,0,0,0,0,0,0,0,0,0
513,47,0,0,0,0,0,0,0,0,0,0
514,54,0,0,0,0,0,0,0,0,0,0
515,47,0,0,0,0,0,0,0,0,0,0
516,54,0,0,0,0,0,0,0,0,0,0
517,47,0,0,0,0,0,0,0,0,0,0
518,54,0,0,0,0,0,0,0,0,0,0
519,47,0,0,0,0,0,0,0,0,0,0
520,54,0,0,0,0,0,0,0,0,0,0
521,1,0,0,0,0,0,0,0,0,0,0
522,29,0,0,0,0,0,0,0,0,0,0
523,29,0,0,0,0,0,0,0,0,0,0
524,29,0,0,0,0,0,0,0,0,0,0
525,31,0,0,0,0,0,0,0,0,0,0
526,31,0,0,0,0,0,0,0,0,0,0
527,47,0,0,0,0,0,0,0,0,0,0
528,54,0,0,0,0,0,0,0,0,0,0
529,30,32,0,0,0,0,0,0,0,0,0
530,38,64,0,0,0,0,0,0,0,0,0
531,15,64,0,0,0,0,0,0,0,0,0
532,25,64,0,0,0,0,0,0,0,0,0
533,31,0,0,0,0,0,0,0,0,0,0
534,30,64,0,0,0,0,0,0,0,0,0
535,36,32,0,0,0,0,0,0,0,0,0
536,30,32,0,0,0,0,0,0,0,0,0
537,25,32,0,0,0,0,0,0,0,0,0
538,38,64,0,0,0,0,0,0,0,0,0
539,32,0,0,0,0,0,0,0,0,0,0
540,30,32,0,0,0,0,0,0,0,0,0
541,11,32,0,0,0,0,0,0,0,0,0
542,31,0,0,0,0,0,0,0,0,0,0
543,30,32,0,0,0,0,0,0,0,0,0
544,51,1,0,0,0,0,0,0,0,0,0
545,2,0,0,0,0,0,0,0,0,0,0
546,31,0,0,0,0,0,0,0,0,0,0
547,2,0,0,0,0,0,0,0,0,0,0
548,30,32,0,0,0,0,0,0,0,0,0
549,51,1,0,0,0,0,0,0,0,0,0
550,2,0,0,0,0,0,0,0,0,0,0
551,31,0,0,0,0,0,0,0,0,0,0
552,2,0,0,0,0,0,0,0,0,0,0
553,30,32,0,0,0,0,0,0,0,0,0
554,47,0,0,0,0,0,0,0,0,0,0
555,54,0,0,0,0,0,0,0,0,0,0
556,1,0,0,0,0,0,0,0,0,0,0
557,29,0,0,0,0,0,0,0,0,0,0
558,29,0,0,0,0,0,0,0,0,0,0
559,29,0,0,0,0,0,0,0,0,0,0
560,29,0,0,0,0,0,0,0,0,0,0
561,29,0,0,0,0,0,0,0,0,0,0
562,31,0,0,0,0,0,0,0,0,0,0
563,31,0,0,0,0,0,0,0,0,0,0
564,47,0,0,0,0,0,0,0,0,0,0
565,54,0,0,0,0,0,0,0,0,0,0
566,47,0,0,0,0,0,0,0,0,0,0
567,54,0,0,0,0,0,0,0,0,0,0
568,47,0,0,0,0,0,0,0,0,0,0
569,54,0,0,0,0,0,0,0,0,0,0
570,30,32,0,0,0,0,0,0,0,0,0
571,25,32,0,0,0,0,0,0,0,0,0
572,26,32,0,0,0,0,0,0,0,0,0
573,31,0,0,0,0,0,0,0,0,0,0
574,30,32,0,0,0,0,0,0,0,0,0
575,25,32,0,0,0,0,0,0,0,0,0
576,31,0,0,0,0,0,0,0,0,0,0
577,30,32,0,0,0,0,0,0,0,0,0
578,38,64,0,0,0,0,0,0,0,0,0
579,32,0,0,0,0,0,0,0,0,0,0
580,30,32,0,0,0,0,0,0,0,0,0
581,30,32,0,0,0,0,0,0,0,0,0
582,11,32,0,0,0,0,0,0,0,0,0
583,30,32,0,0,0,0,0,0,0,0,0
584,13,32,0,0,0,0,0,0,0,0,0
585,25,32,0,0,0,0,0,0,0,0,0
586,31,0,0,0,0,0,0,0,0,0,0
587,30,32,0,0,0,0,0,0,0,0,0
588,23,32,0,0,0,0,0,0,0,0,0
589,47,0,0,0,0,0,0,0,0,0,0
590,54,0,0,0,0,0,0,0,0,0,0
591,47,0,0,0,0,0,0,0,0,0,0
592,54,0,0,0,0,0,0,0,0,0,0
593,47,0,0,0,0,0,0,0,0,0,0
594,54,0,0,0,0,0,0,0,0,0,0
595,1,0,0,0,0,0,0,0,0,0,0
596,29,0,0,0,0,0,0,0,0,0,0
597,29,0,0,0,0,0,0,0,0,0,0
598,29,0,0,0,0,0,0,0,0,0,0
599,29,0,0,0,0,0,0,0,0,0,0
600,29,0,0,0,0,0,0,0,0,0,0
601,29,0,0,0,0,0,0,0,0,0,0
602,31,0,0,0,0,0,0,0,0,0,0
603,31,0,0,0,0,0,0,0,0,0,0
604,31,0,0,0,0,0,0,0,0,0,0
605,47,0,0,0,0,0,0,0,0,0,0
606,54,0,0,0,0,0,0,0,0,0,0
607,47,0,0,0,0,0,0,0,0,0,0
608,54,0,0,0,0,0,0,0,0,0,0
609,47,0,0,0,0,0,0,0,0,0,0
610,54,0,0,0,0,0,0,0,0,0,0
611,30,32,0,0,0,0,0,0,0,0,0
612,51,1,0,0,0,0,0,0,0,0,0
613,2,0,0,0,0,0,0,0,0,0,0
614,2,0,0,0,0,0,0,0,0,0,0
615,31,0,0,0,0,0,0,0,0,0,0
616,2,0,0,0,0,0,0,0,0,0,0
617,30,32,0,0,0,0,0,0,0,0,0
618,51,1,0,0,0,0,0,0,0,0,0
619,2,0,0,0,0,0,0,0,0,0,0
620,30,0,0,0,0,0,0,0,0,0,0
621,30,32,0,0,0,0,0,0,0,0,0
622,38,64,0,0,0,0,0,0,0,0,0
623,32,0,0,0,0,0,0,0,0,0,0
624,30,32,0,0,0,0,0,0,0,0,0
625,38,64,0,0,0,0,0,0,0,0,0
626,15,64,0,0,0,0,0,0,0,0,0
627,25,64,0,0,0,0,0,0,0,0,0
628,36,32,0,0,0,0,0,0,0,0,0
629,30,0,0,0,0,0,0,0,0,0,0
630,30,32,0,0,0,0,0,0,0,0,0
631,38,64,0,0,0,0,0,0,0,0,0
632,32,0,0,0,0,0,0,0,0,0,0
633,31,0,0,0,0,0,0,0,0,0,0
634,2,0,0,0,0,0,0,0,0,0,0
635,30,32,0,0,0,0,0,0,0,0,0
636,11,32,0,0,0,0,0,0,0,0,0
637,31,0,0,0,0,0,0,0,0,0,0
638,2,0,0,0,0,0,0,0,0,0,0
639,2,0,0,0,0,0,0,0,0,0,0
640,2,0,0,0,0,0,0,0,0,0,0
641,31,0,0,0,0,0,0,0,0,0,0
642,2,0,0,0,0,0,0,0,0,0,0
643,30,32,0,0,0,0,0,0,0,0,0
644,51,1,0,0,0,0,0,0,0,0,0
645,2,0,0,0,0,0,0,0,0,0,0
646,30,32,0,0,0,0,0,0,0,0,0
647,38,64,0,0,0,0,0,0,0,0,0
648,30,0,0,0,0,0,0,0,0,0,0
649,30,32,0,0,0,0,0,0,0,0,0
650,38,64,0,0,0,0,0,0,0,0,0
651,32,0,0,0,0,0,0,0,0,0,0
652,30,32,0,0,0,0,0,0,0,0,0
653,38,64,0,0,0,0,0,0,0,0,0
654,15,64,0,0,0,0,0,0,0,0,0
655,51,1,0,0,0,0,0,0,0,0,0
656,2,0,0,0,0,0,0,0,0,0,0
657,31,0,0,0,0,0,0,0,0,0,0
658,2,0,0,0,0,0,0,0,0,0,0
659,31,0,0,0,0,0,0,0,0,0,0
660,2,0,0,0,0,0,0,0,0,0,0
661,30,0,0,0,0,0,0,0,0,0,0
662,30,32,0,0,0,0,0,0,0,0,0
663,38,64,0,0,0,0,0,0,0,0,0
664,32,0,0,0,0,0,0,0,0,0,0
665,30,32,0,0,0,0,0,0,0,0,0
666,38,64,0,0,0,0,0,0,0,0,0
667,15,64,0,0,0,0,0,0,0,0,0
668,25,64,0,0,0,0,0,0,0,0,0
669,36,32,0,0,0,0,0,0,0,0,0
670,31,0,0,0,0,0,0,0,0,0,0
671,30,32,0,0,0,0,0,0,0,0,0
672,30,32,0,0,0,0,0,0,0,0,0
673,11,32,0,0,0,0,0,0,0,0,0
674,30,0,0,0,0,0,0,0,0,0,0
675,30,32,0,0,0,0,0,0,0,0,0
676,38,64,0,0,0,0,0,0,0,0,0
677,32,0,0,0,0,0,0,0,0,0,0
678,31,0,0,0,0,0,0,0,0,0,0
679,2,0,0,0,0,0,0,0,0,0,0
680,30,32,0,0,0,0,0,0,0,0,0
681,11,32,0,0,0,0,0,0,0,0,0
682,31,0,0,0,0,0,0,0,0,0,0
683,2,0,0,0,0,0,0,0,0,0,0
684,2,0,0,0,0,0,0,0,0,0,0
685,30,0,0,0,0,0,0,0,0,0,0
686,32,0,0,0,0,0,0,0,0,0,0
687,30,32,0,0,0,0,0,0,0,0,0
688,30,0,0,0,0,0,0,0,0,0,0
689,32,0,0,0,0,0,0,0,0,0,0
690,31,0,0,0,0,0,0,0,0,0,0
691,30,0,0,0,0,0,0,0,0,0,0
692,32,0,0,0,0,0,0,0,0,0,0
693,30,32,0,0,0,0,0,0,0,0,0
694,30,0,0,0,0,0,0,0,0,0,0
695,32,0,0,0,0,0,0,0,0,0,0
696,31,0,0,0,0,0,0,0,0,0,0
697,30,0,0,0,0,0,0,0,0,0,0
698,32,0,0,0,0,0,0,0,0,0,0
699,30,32,0,0,0,0,0,0,0,0,0
700,30,0,0,0,0,0,0,0,0,0,0
701,32,0,0,0,0,0,0,0,0,0,0
702,31,0,0,0,0,0,0,0,0,0,0
703,30,0,0,0,0,0,0,0,0,0,0
704,32,0,0,0,0,0,0,0,0,0,0
705,30,32,0,0,0,0,0,0,0,0,0
706,30,0,0,0,0,0,0,0,0,0,0
707,32,0,0,0,0,0,0,0,0,0,0
708,31,0,0,0,0,0,0,0,0,0,0
709,30,0,0,0,0,0,0,0,0,0,0
710,32,0,0,0,0,0,0,0,0,0,0
711,30,32,0,0,0,0,0,0,0,0,0
712,30,0,0,0,0,0,0,0,0,0,0
713,32,0,0,0,0,0,0,0,0,0,0
714,31,0,0,0,0,0,0,0,0,0,0
715,30,32,0,0,0,0,0,0,0,0,0
716,30,0,0,0,0,0,0,0,0,0,0
717,32,0,0,0,0,0,0,0,0,0,0
718,31,0,0,0,0,0,0,0,0,0,0
719,47,0,0,0,0,0,0,0,0,0,0
720,54,0,0,0,0,0,0,0,0,0,0
721,47,0,0,0,0,0,0,0,0,0,0
722,54,0,0,0,0,0,0,0,0,0,0
723,47,0,0,0,0,0,0,0,0,0,0
724,54,0,0,0,0,0,0,0,0,0,0
725,1,0,0,0,0,0,0,0,0,0,0
726,29,0,0,0,0,0,0,0,0,0,0
727,29,0,0,0,0,0,0,0,0,0,0
728,29,0,0,0,0,0,0,0,0,0,0
729,29,0,0,0,0,0,0,0,0,0,0
730,29,0,0,0,0,0,0,0,0,0,0
731,29,0,0,0,0,0,0,0,0,0,0
732,29,0,0,0,0,0,0,0,0,0,0
733,29,0,0,0,0,0,0,0,0,0,0
734,31,0,0,0,0,0,0,0,0,0,0
735,31,0,0,0,0,0,0,0,0,0,0
736,31,0,0,0,0,0,0,0,0,0,0
737,31,0,0,0,0,0,0,0,0,0,0
738,31,0,0,0,0,0,0,0,0,0,0
739,47,0,0,0,0,0,0,0,0,0,0
740,54,0,0,0,0,0,0,0,0,0,0
741,47,0,0,0,0,0,0,0,0,0,0
742,54,0,0,0,0,0,0,0,0,0,0
743,47,0,0,0,0,0,0,0,0,0,0
744,54,0,0,0,0,0,0,0,0,0,0
745,30,32,0,0,0,0,0,0,0,0,0
746,38,64,0,0,0,0,0,0,0,0,0
747,15,64,0,0,0,0,0,0,0,0,0
748,31,0,0,0,0,0,0,0,0,0,0
749,30,32,0,0,0,0,0,0,0,0,0
750,38,64,0,0,0,0,0,0,0,0,0
751,30,32,0,0,0,0,0,0,0,0,0
752,38,64,0,0,0,0,0,0,0,0,0
753,15,64,0,0,0,0,0,0,0,0,0
754,51,1,0,0,0,0,0,0,0,0,0
755,2,0,0,0,0,0,0,0,0,0,0
756,30,64,0,0,0,0,0,0,0,0,0
757,13,64,0,0,0,0,0,0,0,0,0
758,31,0,0,0,0,0,0,0,0,0,0
759,2,0,0,0,0,0,0,0,0,0,0
760,30,64,0,0,0,0,0,0,0,0,0
761,25,64,0,0,0,0,0,0,0,0,0
762,31,0,0,0,0,0,0,0,0,0,0
763,30,32,0,0,0,0,0,0,0,0,0
764,38,64,0,0,0,0,0,0,0,0,0
765,30,32,0,0,0,0,0,0,0,0,0
766,38,64,0,0,0,0,0,0,0,0,0
767,15,64,0,0,0,0,0,0,0,0,0
768,51,1,0,0,0,0,0,0,0,0,0
769,2,0,0,0,0,0,0,0,0,0,0
770,30,64,0,0,0,0,0,0,0,0,0
771,11,64,0,0,0,0,0,0,0,0,0
772,31,0,0,0,0,0,0,0,0,0,0
773,2,0,0,0,0,0,0,0,0,0,0
774,30,64,0,0,0,0,0,0,0,0,0
775,13,64,0,0,0,0,0,0,0,0,0
776,31,0,0,0,0,0,0,0,0,0,0
777,2,0,0,0,0,0,0,0,0,0,0
778,30,64,0,0,0,0,0,0,0,0,0
779,30,32,0,0,0,0,0,0,0,0,0
780,38,64,0,0,0,0,0,0,0,0,0
781,15,64,0,0,0,0,0,0,0,0,0
782,25,64,0,0,0,0,0,0,0,0,0
783,11,64,0,0,0,0,0,0,0,0,0
784,36,32,0,0,0,0,0,0,0,0,0
785,31,0,0,0,0,0,0,0,0,0,0
786,30,32,0,0,0,0,0,0,0,0,0
787,51,1,0,0,0,0,0,0,0,0,0
788,2,0,0,0,0,0,0,0,0,0,0
789,31,0,0,0,0,0,0,0,0,0,0
790,2,0,0,0,0,0,0,0,0,0,0
791,30,32,0,0,0,0,0,0,0,0,0
792,51,1,0,0,0,0,0,0,0,0,0
793,2,0,0,0,0,0,0,0,0,0,0
794,31,0,0,0,0,0,0,0,0,0,0
795,2,0,0,0,0,0,0,0,0,0,0
796,30,32,0,0,0,0,0,0,0,0,0
797,47,0,0,0,0,0,0,0,0,0,0
798,54,0,0,0,0,0,0,0,0,0,0
799,47,0,0,0,0,0,0,0,0,0,0
800,54,0,0,0,0,0,0,0,0,0,0
801,47,0,0,0,0,0,0,0,0,0,0
802,54,0,0,0,0,0,0,0,0,0,0
803,1,0,0,0,0,0,0,0,0,0,0
804,29,0,0,0,0,0,0,0,0,0,0
805,29,0,0,0,0,0,0,0,0,0,0
806,29,0,0,0,0,0,0,0,0,0,0
807,29,0,0,0,0,0,0,0,0,0,0
808,29,0,0,0,0,0,0,0,0,0,0
809,29,0,0,0,0,0,0,0,0,0,0
810,29,0,0,0,0,0,0,0,0,0,0
811,31,0,0,0,0,0,0,0,0,0,0
812,31,0,0,0,0,0,0,0,0,0,0
813,31,0,0,0,0,0,0,0,0,0,0
814,31,0,0,0,0,0,0,0,0,0,0
815,47,0,0,0,0,0,0,0,0,0,0
816,54,0,0,0,0,0,0,0,0,0,0
817,47,0,0,0,0,0,0,0,0,0,0
818,54,0,0,0,0,0,0,0,0,0,0
819,47,0,0,0,0,0,0,0,0,0,0
820,54,0,0,0,0,0,0,0,0,0,0
821,30,32,0,0,0,0,0,0,0,0,0
822,38,64,0,0,0,0,0,0,0,0,0
823,15,64,0,0,0,0,0,0,0,0,0
824,25,64,0,0,0,0,0,0,0,0,0
825,31,0,0,0,0,0,0,0,0,0,0
826,30,32,0,0,0,0,0,0,0,0,0
827,38,64,0,0,0,0,0,0,0,0,0
828,30,32,0,0,0,0,0,0,0,0,0
829,38,64,0,0,0,0,0,0,0,0,0
830,15,64,0,0,0,0,0,0,0,0,0
831,51,1,0,0,0,0,0,0,0,0,0
832,2,0,0,0,0,0,0,0,0,0,0
833,30,64,0,0,0,0,0,0,0,0,0
834,36,32,0,0,0,0,0,0,0,0,0
835,11,32,0,0,0,0,0,0,0,0,0
836,31,0,0,0,0,0,0,0,0,0,0
837,2,0,0,0,0,0,0,0,0,0,0
838,30,64,0,0,0,0,0,0,0,0,0
839,36,32,0,0,0,0,0,0,0,0,0
840,13,32,0,0,0,0,0,0,0,0,0
841,31,0,0,0,0,0,0,0,0,0,0
842,2,0,0,0,0,0,0,0,0,0,0
843,30,32,0,0,0,0,0,0,0,0,0
844,13,32,0,0,0,0,0,0,0,0,0
845,31,0,0,0,0,0,0,0,0,0,0
846,30,32,0,0,0,0,0,0,0,0,0
847,30,32,0,0,0,0,0,0,0,0,0
848,51,1,0,0,0,0,0,0,0,0,0
849,2,0,0,0,0,0,0,0,0,0,0
850,30,32,0,0,0,0,0,0,0,0,0
851,31,0,0,0,0,0,0,0,0,0,0
852,2,0,0,0,0,0,0,0,0,0,0
853,30,32,0,0,0,0,0,0,0,0,0
854,30,32,0,0,0,0,0,0,0,0,0
855,13,32,0,0,0,0,0,0,0,0,0
856,51,1,0,0,0,0,0,0,0,0,0
857,2,0,0,0,0,0,0,0,0,0,0
858,30,32,0,0,0,0,0,0,0,0,0
859,13,32,0,0,0,0,0,0,0,0,0
860,31,0,0,0,0,0,0,0,0,0,0
861,2,0,0,0,0,0,0,0,0,0,0
862,30,32,0,0,0,0,0,0,0,0,0
863,47,0,0,0,0,0,0,0,0,0,0
864,54,0,0,0,0,0,0,0,0,0,0
865,47,0,0,0,0,0,0,0,0,0,0
866,54,0,0,0,0,0,0,0,0,0,0
867,47,0,0,0,0,0,0,0,0,0,0
868,54,0,0,0,0,0,0,0,0,0,0
869,1,0,0,0,0,0,0,0,0,0,0
870,29,0,0,0,0,0,0,0,0,0,0
871,29,0,0,0,0,0,0,0,0,0,0
872,29,0,0,0,0,0,0,0,0,0,0
873,31,0,0,0,0,0,0,0,0,0,0
874,31,0,0,0,0,0,0,0,0,0,0
875,47,0,0,0,0,0,0,0,0,0,0
876,54,0,0,0,0,0,0,0,0,0,0
877,30,32,0,0,0,0,0,0,0,0,0
878,38,64,0,0,0,0,0,0,0,0,0
879,15,64,0,0,0,0,0,0,0,0,0
880,25,64,0,0,0,0,0,0,0,0,0
881,36,32,0,0,0,0,0,0,0,0,0
882,31,0,0,0,0,0,0,0,0,0,0
883,30,32,0,0,0,0,0,0,0,0,0
884,30,32,0,0,0,0,0,0,0,0,0
885,38,64,0,0,0,0,0,0,0,0,0
886,32,0,0,0,0,0,0,0,0,0,0
887,30,32,0,0,0,0,0,0,0,0,0
888,11,32,0,0,0,0,0,0,0,0,0
889,31,0,0,0,0,0,0,0,0,0,0
890,30,32,0,0,0,0,0,0,0,0,0
891,51,1,0,0,0,0,0,0,0,0,0
892,2,0,0,0,0,0,0,0,0,0,0
893,31,0,0,0,0,0,0,0,0,0,0
894,2,0,0,0,0,0,0,0,0,0,0
895,30,32,0,0,0,0,0,0,0,0,0
896,51,1,0,0,0,0,0,0,0,0,0
897,2,0,0,0,0,0,0,0,0,0,0
898,31,0,0,0,0,0,0,0,0,0,0
899,2,0,0,0,0,0,0,0,0,0,0
900,30,32,0,0,0,0,0,0,0,0,0
901,47,0,0,0,0,0,0,0,0,0,0
902,54,0,0,0,0,0,0,0,0,0,0
903,1,0,0,0,0,0,0,0,0,0,0
904,29,0,0,0,0,0,0,0,0,0,0
905,29,0,0,0,0,0,0,0,0,0,0
906,29,0,0,0,0,0,0,0,0,0,0
907,29,0,0,0,0,0,0,0,0,0,0
908,29,0,0,0,0,0,0,0,0,0,0
909,29,0,0,0,0,0,0,0,0,0,0
910,29,0,0,0,0,0,0,0,0,0,0
911,29,0,0,0,0,0,0,0,0,0,0
912,29,0,0,0,0,0,0,0,0,0,0
913,31,0,0,0,0,0,0,0,0,0,0
914,47,0,0,0,0,0,0,0,0,0,0
915,54,0,0,0,0,0,0,0,0,0,0
916,47,0,0,0,0,0,0,0,0,0,0
917,54,0,0,0,0,0,0,0,0,0,0
918,47,0,0,0,0,0,0,0,0,0,0
919,54,0,0,0,0,0,0,0,0,0,0
920,47,0,0,0,0,0,0,0,0,0,0
921,54,0,0,0,0,0,0,0,0,0,0
922,47,0,0,0,0,0,0,0,0,0,0
923,54,0,0,0,0,0,0,0,0,0,0
924,47,0,0,0,0,0,0,0,0,0,0
925,54,0,0,0,0,0,0,0,0,0,0
926,47,0,0,0,0,0,0,0,0,0,0
927,54,0,0,0,0,0,0,0,0,0,0
928,47,0,0,0,0,0,0,0,0,0,0
929,54,0,0,0,0,0,0,0,0,0,0
930,30,32,0,0,0,0,0,0,0,0,0
931,26,32,0,0,0,0,0,0,0,0,0
932,31,0,0,0,0,0,0,0,0,0,0
933,30,32,0,0,0,0,0,0,0,0,0
934,25,32,0,0,0,0,0,0,0,0,0
935,31,0,0,0,0,0,0,0,0,0,0
936,54,32,0,0,0,0,0,0,0,0,0
937,31,0,0,0,0,0,0,0,0,0,0
938,30,32,0,0,0,0,0,0,0,0,0
939,30,32,0,0,0,0,0,0,0,0,0
940,30,32,0,0,0,0,0,0,0,0,0
941,30,32,0,0,0,0,0,0,0,0,0
942,54,32,0,0,0,0,0,0,0,0,0
943,31,0,0,0,0,0,0,0,0,0,0
944,30,32,0,0,0,0,0,0,0,0,0
945,30,32,0,0,0,0,0,0,0,0,0
946,11,32,0,0,0,0,0,0,0,0,0
947,31,0,0,0,0,0,0,0,0,0,0
948,30,32,0,0,0,0,0,0,0,0,0
949,38,64,0,0,0,0,0,0,0,0,0
950,30,32,0,0,0,0,0,0,0,0,0
951,25,32,0,0,0,0,0,0,0,0,0
952,38,64,0,0,0,0,0,0,0,0,0
953,32,0,0,0,0,0,0,0,0,0,0
954,30,32,0,0,0,0,0,0,0,0,0
955,38,64,0,0,0,0,0,0,0,0,0
956,15,64,0,0,0,0,0,0,0,0,0
957,25,64,0,0,0,0,0,0,0,0,0
958,36,32,0,0,0,0,0,0,0,0,0
959,31,0,0,0,0,0,0,0,0,0,0
960,30,32,0,0,0,0,0,0,0,0,0
961,38,64,0,0,0,0,0,0,0,0,0
962,30,32,0,0,0,0,0,0,0,0,0
963,38,64,0,0,0,0,0,0,0,0,0
964,32,0,0,0,0,0,0,0,0,0,0
965,30,32,0,0,0,0,0,0,0,0,0
966,38,64,0,0,0,0,0,0,0,0,0
967,15,64,0,0,0,0,0,0,0,0,0
968,25,64,0,0,0,0,0,0,0,0,0
969,36,32,0,0,0,0,0,0,0,0,0
970,31,0,0,0,0,0,0,0,0,0,0
971,30,32,0,0,0,0,0,0,0,0,0
972,30,32,0,0,0,0,0,0,0,0,0
973,11,32,0,0,0,0,0,0,0,0,0
974,31,0,0,0,0,0,0,0,0,0,0
975,30,32,0,0,0,0,0,0,0,0,0
976,30,32,0,0,0,0,0,0,0,0,0
977,54,32,0,0,0,0,0,0,0,0,0
978,31,0,0,0,0,0,0,0,0,0,0
979,30,32,0,0,0,0,0,0,0,0,0
980,54,32,0,0,0,0,0,0,0,0,0
981,31,0,0,0,0,0,0,0,0,0,0
982,30,32,0,0,0,0,0,0,0,0,0
983,30,32,0,0,0,0,0,0,0,0,0
984,11,32,0,0,0,0,0,0,0,0,0
985,31,0,0,0,0,0,0,0,0,0,0
986,30,32,0,0,0,0,0,0,0,0,0
987,54,0,0,0,0,0,0,0,0,0,0
988,30,32,0,0,0,0,0,0,0,0,0
989,30,32,0,0,0,0,0,0,0,0,0
990,30,32,0,0,0,0,0,0,0,0,0
991,30,32,0,0,0,0,0,0,0,0,0
992,30,32,0,0,0,0,0,0,0,0,0
993,54,32,0,0,0,0,0,0,0,0,0
994,31,0,0,0,0,0,0,0,0,0,0
995,30,32,0,0,0,0,0,0,0,0,0
996,30,32,0,0,0,0,0,0,0,0,0
997,30,32,0,0,0,0,0,0,0,0,0
998,30,32,0,0,0,0,0,0,0,0,0
999,54,32,0,0,0,0,0,0,0,0,0
1000,31,0,0,0,0,0,0,0,0,0,0
1001,30,32,0,0,0,0,0,0,0,0,0
1002,30,32,0,0,0,0,0,0,0,0,0
1003,11,32,0,0,0,0,0,0,0,0,0
1004,31,0,0,0,0,0,0,0,0,0,0
1005,30,32,0,0,0,0,0,0,0,0,0
1006,31,0,0,0,0,0,0,0,0,0,0
1007,30,32,0,0,0,0,0,0,0,0,0
1008,31,0,0,0,0,0,0,0,0,0,0
1009,30,32,0,0,0,0,0,0,0,0,0
1010,31,0,0,0,0,0,0,0,0,0,0
1011,30,32,0,0,0,0,0,0,0,0,0
1012,31,0,0,0,0,0,0,0,0,0,0
1013,54,32,0,0,0,0,0,0,0,0,0
1014,31,0,0,0,0,0,0,0,0,0,0
1015,30,32,0,0,0,0,0,0,0,0,0
1016,30,32,0,0,0,0,0,0,0,0,0
1017,30,32,0,0,0,0,0,0,0,0,0
1018,30,32,0,0,0,0,0,0,0,0,0
1019,54,32,0,0,0,0,0,0,0,0,0
1020,31,0,0,0,0,0,0,0,0,0,0
1021,30,32,0,0,0,0,0,0,0,0,0
1022,30,32,0,0,0,0,0,0,0,0,0
1023,11,32,0,0,0,0,0,0,0,0,0
1024,31,0,0,0,0,0,0,0,0,0,0
1025,30,32,0,0,0,0,0,0,0,0,0
1026,38,64,0,0,0,0,0,0,0,0,0
1027,30,32,0,0,0,0,0,0,0,0,0
1028,38,64,0,0,0,0,0,0,0,0,0
1029,32,0,0,0,0,0,0,0,0,0,0
1030,30,32,0,0,0,0,0,0,0,0,0
1031,38,64,0,0,0,0,0,0,0,0,0
1032,15,64,0,0,0,0,0,0,0,0,0
1033,25,64,0,0,0,0,0,0,0,0,0
1034,36,32,0,0,0,0,0,0,0,0,0
1035,31,0,0,0,0,0,0,0,0,0,0
1036,30,32,0,0,0,0,0,0,0,0,0
1037,30,32,0,0,0,0,0,0,0,0,0
1038,54,32,0,0,0,0,0,0,0,0,0
1039,31,0,0,0,0,0,0,0,0,0,0
1040,30,32,0,0,0,0,0,0,0,0,0
1041,54,32,0,0,0,0,0,0,0,0,0
1042,31,0,0,0,0,0,0,0,0,0,0
1043,30,32,0,0,0,0,0,0,0,0,0
1044,30,32,0,0,0,0,0,0,0,0,0
1045,11,32,0,0,0,0,0,0,0,0,0
1046,31,0,0,0,0,0,0,0,0,0,0
1047,30,32,0,0,0,0,0,0,0,0,0
1048,54,0,0,0,0,0,0,0,0,0,0
1049,30,32,0,0,0,0,0,0,0,0,0
1050,30,32,0,0,0,0,0,0,0,0,0
1051,30,32,0,0,0,0,0,0,0,0,0
1052,30,32,0,0,0,0,0,0,0,0,0
1053,30,32,0,0,0,0,0,0,0,0,0
1054,54,32,0,0,0,0,0,0,0,0,0
1055,31,0,0,0,0,0,0,0,0,0,0
1056,30,32,0,0,0,0,0,0,0,0,0
1057,30,32,0,0,0,0,0,0,0,0,0
1058,30,32,0,0,0,0,0,0,0,0,0
1059,30,32,0,0,0,0,0,0,0,0,0
1060,54,32,0,0,0,0,0,0,0,0,0
1061,31,0,0,0,0,0,0,0,0,0,0
1062,30,32,0,0,0,0,0,0,0,0,0
1063,30,32,0,0,0,0,0,0,0,0,0
1064,11,32,0,0,0,0,0,0,0,0,0
1065,31,0,0,0,0,0,0,0,0,0,0
1066,30,32,0,0,0,0,0,0,0,0,0
1067,31,0,0,0,0,0,0,0,0,0,0
1068,30,32,0,0,0,0,0,0,0,0,0
1069,31,0,0,0,0,0,0,0,0,0,0
1070,30,32,0,0,0,0,0,0,0,0,0
1071,31,0,0,0,0,0,0,0,0,0,0
1072,30,32,0,0,0,0,0,0,0,0,0
1073,31,0,0,0,0,0,0,0,0,0,0
1074,30,32,0,0,0,0,0,0,0,0,0
1075,30,32,0,0,0,0,0,0,0,0,0
1076,13,32,0,0,0,0,0,0,0,0,0
1077,31,0,0,0,0,0,0,0,0,0,0
1078,30,32,0,0,0,0,0,0,0,0,0
1079,30,32,0,0,0,0,0,0,0,0,0
1080,11,32,0,0,0,0,0,0,0,0,0
1081,31,0,0,0,0,0,0,0,0,0,0
1082,31,0,0,0,0,0,0,0,0,0,0
1083,31,0,0,0,0,0,0,0,0,0,0
1084,31,0,0,0,0,0,0,0,0,0,0
1085,30,32,0,0,0,0,0,0,0,0,0
1086,38,64,0,0,0,0,0,0,0,0,0
1087,30,0,0,0,0,0,0,0,0,0,0
1088,32,0,0,0,0,0,0,0,0,0,0
1089,31,0,0,0,0,0,0,0,0,0,0
1090,30,32,0,0,0,0,0,0,0,0,0
1091,38,64,0,0,0,0,0,0,0,0,0
1092,15,64,0,0,0,0,0,0,0,0,0
1093,31,0,0,0,0,0,0,0,0,0,0
1094,30,32,0,0,0,0,0,0,0,0,0
1095,38,64,0,0,0,0,0,0,0,0,0
1096,30,0,0,0,0,0,0,0,0,0,0
1097,32,0,0,0,0,0,0,0,0,0,0
1098,31,0,0,0,0,0,0,0,0,0,0
1099,30,32,0,0,0,0,0,0,0,0,0
1100,38,64,0,0,0,0,0,0,0,0,0
1101,15,64,0,0,0,0,0,0,0,0,0
1102,31,0,0,0,0,0,0,0,0,0,0
1103,2,0,0,0,0,0,0,0,0,0,0
1104,31,0,0,0,0,0,0,0,0,0,0
1105,2,0,0,0,0,0,0,0,0,0,0
1106,30,32,0,0,0,0,0,0,0,0,0
1107,51,1,0,0,0,0,0,0,0,0,0
1108,2,0,0,0,0,0,0,0,0,0,0
1109,30,0,0,0,0,0,0,0,0,0,0
1110,32,0,0,0,0,0,0,0,0,0,0
1111,31,0,0,0,0,0,0,0,0,0,0
1112,30,32,0,0,0,0,0,0,0,0,0
1113,38,64,0,0,0,0,0,0,0,0,0
1114,30,0,0,0,0,0,0,0,0,0,0
1115,32,0,0,0,0,0,0,0,0,0,0
1116,31,0,0,0,0,0,0,0,0,0,0
1117,30,32,0,0,0,0,0,0,0,0,0
1118,38,64,0,0,0,0,0,0,0,0,0
1119,15,64,0,0,0,0,0,0,0,0,0
1120,30,64,0,0,0,0,0,0,0,0,0
1121,11,64,0,0,0,0,0,0,0,0,0
1122,31,0,0,0,0,0,0,0,0,0,0
1123,30,0,0,0,0,0,0,0,0,0,0
1124,32,0,0,0,0,0,0,0,0,0,0
1125,31,0,0,0,0,0,0,0,0,0,0
1126,30,32,0,0,0,0,0,0,0,0,0
1127,38,64,0,0,0,0,0,0,0,0,0
1128,30,0,0,0,0,0,0,0,0,0,0
1129,32,0,0,0,0,0,0,0,0,0,0
1130,31,0,0,0,0,0,0,0,0,0,0
1131,30,32,0,0,0,0,0,0,0,0,0
1132,38,64,0,0,0,0,0,0,0,0,0
1133,15,64,0,0,0,0,0,0,0,0,0
1134,30,64,0,0,0,0,0,0,0,0,0
1135,11,64,0,0,0,0,0,0,0,0,0
1136,31,0,0,0,0,0,0,0,0,0,0
1137,2,0,0,0,0,0,0,0,0,0,0
1138,30,32,0,0,0,0,0,0,0,0,0
1139,11,32,0,0,0,0,0,0,0,0,0
1140,31,0,0,0,0,0,0,0,0,0,0
1141,2,0,0,0,0,0,0,0,0,0,0
1142,30,0,0,0,0,0,0,0,0,0,0
1143,30,32,0,0,0,0,0,0,0,0,0
1144,38,64,0,0,0,0,0,0,0,0,0
1145,30,0,0,0,0,0,0,0,0,0,0
1146,32,0,0,0,0,0,0,0,0,0,0
1147,31,0,0,0,0,0,0,0,0,0,0
1148,30,32,0,0,0,0,0,0,0,0,0
1149,38,64,0,0,0,0,0,0,0,0,0
1150,15,64,0,0,0,0,0,0,0,0,0
1151,30,64,0,0,0,0,0,0,0,0,0
1152,11,64,0,0,0,0,0,0,0,0,0
1153,31,0,0,0,0,0,0,0,0,0,0
1154,30,0,0,0,0,0,0,0,0,0,0
1155,30,32,0,0,0,0,0,0,0,0,0
1156,38,64,0,0,0,0,0,0,0,0,0
1157,30,0,0,0,0,0,0,0,0,0,0
1158,32,0,0,0,0,0,0,0,0,0,0
1159,31,0,0,0,0,0,0,0,0,0,0
1160,30,32,0,0,0,0,0,0,0,0,0
1161,38,64,0,0,0,0,0,0,0,0,0
1162,15,64,0,0,0,0,0,0,0,0,0
1163,30,64,0,0,0,0,0,0,0,0,0
1164,11,64,0,0,0,0,0,0,0,0,0
1165,31,0,0,0,0,0,0,0,0,0,0
1166,30,64,0,0,0,0,0,0,0,0,0
1167,25,64,0,0,0,0,0,0,0,0,0
1168,36,32,0,0,0,0,0,0,0,0,0
1169,31,0,0,0,0,0,0,0,0,0,0
1170,30,64,0,0,0,0,0,0,0,0,0
1171,25,64,0,0,0,0,0,0,0,0,0
1172,36,32,0,0,0,0,0,0,0,0,0
1173,31,0,0,0,0,0,0,0,0,0,0
1174,30,0,0,0,0,0,0,0,0,0,0
1175,32,0,0,0,0,0,0,0,0,0,0
1176,31,0,0,0,0,0,0,0,0,0,0
1177,30,0,0,0,0,0,0,0,0,0,0
1178,32,0,0,0,0,0,0,0,0,0,0
1179,31,0,0,0,0,0,0,0,0,0,0
1180,2,0,0,0,0,0,0,0,0,0,0
1181,31,0,0,0,0,0,0,0,0,0,0
1182,2,0,0,0,0,0,0,0,0,0,0
1183,30,32,0,0,0,0,0,0,0,0,0
1184,51,1,0,0,0,0,0,0,0,0,0
1185,2,0,0,0,0,0,0,0,0,0,0
1186,30,0,0,0,0,0,0,0,0,0,0
1187,32,0,0,0,0,0,0,0,0,0,0
1188,31,0,0,0,0,0,0,0,0,0,0
1189,30,32,0,0,0,0,0,0,0,0,0
1190,30,0,0,0,0,0,0,0,0,0,0
1191,32,0,0,0,0,0,0,0,0,0,0
1192,31,0,0,0,0,0,0,0,0,0,0
1193,31,0,0,0,0,0,0,0,0,0,0
1194,30,0,0,0,0,0,0,0,0,0,0
1195,32,0,0,0,0,0,0,0,0,0,0
1196,31,0,0,0,0,0,0,0,0,0,0
1197,30,32,0,0,0,0,0,0,0,0,0
1198,30,0,0,0,0,0,0,0,0,0,0
1199,32,0,0,0,0,0,0,0,0,0,0
1200,31,0,0,0,0,0,0,0,0,0,0
1201,31,0,0,0,0,0,0,0,0,0,0
1202,2,0,0,0,0,0,0,0,0,0,0
1203,30,32,0,0,0,0,0,0,0,0,0
1204,11,32,0,0,0,0,0,0,0,0,0
1205,31,0,0,0,0,0,0,0,0,0,0
1206,2,0,0,0,0,0,0,0,0,0,0
1207,30,32,0,0,0,0,0,0,0,0,0
1208,30,0,0,0,0,0,0,0,0,0,0
1209,31,0,0,0,0,0,0,0,0,0,0
1210,30,32,0,0,0,0,0,0,0,0,0
1211,30,0,0,0,0,0,0,0,0,0,0
1212,31,0,0,0,0,0,0,0,0,0,0
1213,47,0,0,0,0,0,0,0,0,0,0
1214,54,0,0,0,0,0,0,0,0,0,0
1215,47,0,0,0,0,0,0,0,0,0,0
1216,54,0,0,0,0,0,0,0,0,0,0
1217,47,0,0,0,0,0,0,0,0,0,0
1218,54,0,0,0,0,0,0,0,0,0,0
1219,47,0,0,0,0,0,0,0,0,0,0
1220,54,0,0,0,0,0,0,0,0,0,0
1221,47,0,0,0,0,0,0,0,0,0,0
1222,54,0,0,0,0,0,0,0,0,0,0
1223,47,0,0,0,0,0,0,0,0,0,0
1224,54,0,0,0,0,0,0,0,0,0,0
1225,47,0,0,0,0,0,0,0,0,0,0
1226,54,0,0,0,0,0,0,0,0,0,0
1227,47,0,0,0,0,0,0,0,0,0,0
1228,54,0,0,0,0,0,0,0,0,0,0
1229,1,0,0,0,0,0,0,0,0,0,0
1230,29,0,0,0,0,0,0,0,0,0,0
1231,47,0,0,0,0,0,0,0,0,0,0
1232,54,0,0,0,0,0,0,0,0,0,0
1233,31,0,0,0,0,0,0,0,0,0,0
1234,31,0,0,0,0,0,0,0,0,0,0
1235,31,0,0,0,0,0,0,0,0,0,0
1236,31,0,0,0,0,0,0,0,0,0,0
1237,31,0,0,0,0,0,0,0,0,0,0
1238,31,0,0,0,0,0,0,0,0,0,0
1239,31,0,0,0,0,0,0,0,0,0,0
1240,31,0,0,0,0,0,0,0,0,0,0
1241,31,0,0,0,0,0,0,0,0,0,0
1242,31,0,0,0,0,0,0,0,0,0,0
1243,31,0,0,0,0,0,0,0,0,0,0
1244,31,0,0,0,0,0,0,0,0,0,0
1245,31,0,0,0,0,0,0,0,0,0,0
1246,31,0,0,0,0,0,0,0,0,0,0
1247,31,0,0,0,0,0,0,0,0,0,0
1248,31,0,0,0,0,0,0,0,0,0,0
1249,31,0,0,0,0,0,0,0,0,0,0
1250,31,0,0,0,0,0,0,0,0,0,0
1251,31,0,0,0,0,0,0,0,0,0,0
1252,31,0,0,0,0,0,0,0,0,0,0
1253,31,0,0,0,0,0,0,0,0,0,0
1254,31,0,0,0,0,0,0,0,0,0,0
1255,31,0,0,0,0,0,0,0,0,0,0
1256,31,0,0,0,0,0,0,0,0,0,0
1257,31,0,0,0,0,0,0,0,0,0,0
1258,31,0,0,0,0,0,0,0,0,0,0
1259,31,0,0,0,0,0,0,0,0,0,0
1260,31,0,0,0,0,0,0,0,0,0,0
1261,31,0,0,0,0,0,0,0,0,0,0
1262,31,0,0,0,0,0,0,0,0,0,0
1263,31,0,0,0,0,0,0,0,0,0,0
1264,31,0,0,0,0,0,0,0,0,0,0
1265,2,0,0,0,0,0,0,0,0,0,0
1266,31,0,0,0,0,0,0,0,0,0,0
1267,2,0,0,0,0,0,0,0,0,0,0
1268,30,32,0,0,0,0,0,0,0,0,0
1269,51,1,0,0,0,0,0,0,0,0,0
1270,2,0,0,0,0,0,0,0,0,0,0
1271,30,32,0,0,0,0,0,0,0,0,0
1272,38,64,0,0,0,0,0,0,0,0,0
1273,32,0,0,0,0,0,0,0,0,0,0
1274,31,0,0,0,0,0,0,0,0,0,0
1275,30,32,0,0,0,0,0,0,0,0,0
1276,38,64,0,0,0,0,0,0,0,0,0
1277,32,0,0,0,0,0,0,0,0,0,0
1278,31,0,0,0,0,0,0,0,0,0,0
1279,30,32,0,0,0,0,0,0,0,0,0
1280,38,64,0,0,0,0,0,0,0,0,0
1281,32,0,0,0,0,0,0,0,0,0,0
1282,31,0,0,0,0,0,0,0,0,0,0
1283,30,32,0,0,0,0,0,0,0,0,0
1284,38,64,0,0,0,0,0,0,0,0,0
1285,32,0,0,0,0,0,0,0,0,0,0
1286,31,0,0,0,0,0,0,0,0,0,0
1287,2,0,0,0,0,0,0,0,0,0,0
1288,30,32,0,0,0,0,0,0,0,0,0
1289,11,32,0,0,0,0,0,0,0,0,0
1290,31,0,0,0,0,0,0,0,0,0,0
1291,2,0,0,0,0,0,0,0,0,0,0
1292,2,0,0,0,0,0,0,0,0,0,0
1293,31,0,0,0,0,0,0,0,0,0,0
1294,2,0,0,0,0,0,0,0,0,0,0
1295,30,32,0,0,0,0,0,0,0,0,0
1296,51,1,0,0,0,0,0,0,0,0,0
1297,2,0,0,0,0,0,0,0,0,0,0
1298,30,32,0,0,0,0,0,0,0,0,0
1299,38,64,0,0,0,0,0,0,0,0,0
1300,32,0,0,0,0,0,0,0,0,0,0
1301,31,0,0,0,0,0,0,0,0,0,0
1302,30,32,0,0,0,0,0,0,0,0,0
1303,38,64,0,0,0,0,0,0,0,0,0
1304,32,0,0,0,0,0,0,0,0,0,0
1305,31,0,0,0,0,0,0,0,0,0,0
1306,30,32,0,0,0,0,0,0,0,0,0
1307,38,64,0,0,0,0,0,0,0,0,0
1308,32,0,0,0,0,0,0,0,0,0,0
1309,31,0,0,0,0,0,0,0,0,0,0
1310,30,32,0,0,0,0,0,0,0,0,0
1311,38,64,0,0,0,0,0,0,0,0,0
1312,32,0,0,0,0,0,0,0,0,0,0
1313,31,0,0,0,0,0,0,0,0,0,0
1314,2,0,0,0,0,0,0,0,0,0,0
1315,30,32,0,0,0,0,0,0,0,0,0
1316,11,32,0,0,0,0,0,0,0,0,0
1317,31,0,0,0,0,0,0,0,0,0,0
1318,2,0,0,0,0,0,0,0,0,0,0
1319,2,0,0,0,0,0,0,0,0,0,0
1320,31,0,0,0,0,0,0,0,0,0,0
1321,2,0,0,0,0,0,0,0,0,0,0
1322,30,32,0,0,0,0,0,0,0,0,0
1323,51,1,0,0,0,0,0,0,0,0,0
1324,2,0,0,0,0,0,0,0,0,0,0
1325,30,32,0,0,0,0,0,0,0,0,0
1326,38,64,0,0,0,0,0,0,0,0,0
1327,32,0,0,0,0,0,0,0,0,0,0
1328,31,0,0,0,0,0,0,0,0,0,0
1329,2,0,0,0,0,0,0,0,0,0,0
1330,30,32,0,0,0,0,0,0,0,0,0
1331,11,32,0,0,0,0,0,0,0,0,0
1332,31,0,0,0,0,0,0,0,0,0,0
1333,2,0,0,0,0,0,0,0,0,0,0
1334,2,0,0,0,0,0,0,0,0,0,0
1335,31,0,0,0,0,0,0,0,0,0,0
1336,2,0,0,0,0,0,0,0,0,0,0
1337,30,32,0,0,0,0,0,0,0,0,0
1338,51,1,0,0,0,0,0,0,0,0,0
1339,2,0,0,0,0,0,0,0,0,0,0
1340,30,32,0,0,0,0,0,0,0,0,0
1341,38,64,0,0,0,0,0,0,0,0,0
1342,32,0,0,0,0,0,0,0,0,0,0
1343,31,0,0,0,0,0,0,0,0,0,0
1344,30,32,0,0,0,0,0,0,0,0,0
1345,38,64,0,0,0,0,0,0,0,0,0
1346,32,0,0,0,0,0,0,0,0,0,0
1347,31,0,0,0,0,0,0,0,0,0,0
1348,2,0,0,0,0,0,0,0,0,0,0
1349,30,32,0,0,0,0,0,0,0,0,0
1350,11,32,0,0,0,0,0,0,0,0,0
1351,31,0,0,0,0,0,0,0,0,0,0
1352,2,0,0,0,0,0,0,0,0,0,0
1353,47,0,0,0,0,0,0,0,0,0,0
1354,54,0,0,0,0,0,0,0,0,0,0
1355,1,0,0,0,0,0,0,0,0,0,0
1356,29,0,0,0,0,0,0,0,0,0,0
1357,29,0,0,0,0,0,0,0,0,0,0
1358,29,0,0,0,0,0,0,0,0,0,0
1359,29,0,0,0,0,0,0,0,0,0,0
1360,29,0,0,0,0,0,0,0,0,0,0
1361,31,0,0,0,0,0,0,0,0,0,0
1362,31,0,0,0,0,0,0,0,0,0,0
1363,31,0,0,0,0,0,0,0,0,0,0
1364,47,0,0,0,0,0,0,0,0,0,0
1365,54,0,0,0,0,0,0,0,0,0,0
1366,47,0,0,0,0,0,0,0,0,0,0
1367,54,0,0,0,0,0,0,0,0,0,0
1368,54,0,0,0,0,0,0,0,0,0,0
1369,31,0,0,0,0,0,0,0,0,0,0
1370,2,0,0,0,0,0,0,0,0,0,0
1371,31,0,0,0,0,0,0,0,0,0,0
1372,2,0,0,0,0,0,0,0,0,0,0
1373,30,32,0,0,0,0,0,0,0,0,0
1374,51,1,0,0,0,0,0,0,0,0,0
1375,2,0,0,0,0,0,0,0,0,0,0
1376,30,0,0,0,0,0,0,0,0,0,0
1377,30,32,0,0,0,0,0,0,0,0,0
1378,38,64,0,0,0,0,0,0,0,0,0
1379,32,0,0,0,0,0,0,0,0,0,0
1380,30,32,0,0,0,0,0,0,0,0,0
1381,30,0,0,0,0,0,0,0,0,0,0
1382,30,32,0,0,0,0,0,0,0,0,0
1383,11,32,0,0,0,0,0,0,0,0,0
1384,38,64,0,0,0,0,0,0,0,0,0
1385,32,0,0,0,0,0,0,0,0,0,0
1386,30,32,0,0,0,0,0,0,0,0,0
1387,54,32,0,0,0,0,0,0,0,0,0
1388,30,0,0,0,0,0,0,0,0,0,0
1389,30,32,0,0,0,0,0,0,0,0,0
1390,18,32,0,0,0,0,0,0,0,0,0
1391,38,64,0,0,0,0,0,0,0,0,0
1392,32,0,0,0,0,0,0,0,0,0,0
1393,31,0,0,0,0,0,0,0,0,0,0
1394,2,0,0,0,0,0,0,0,0,0,0
1395,30,32,0,0,0,0,0,0,0,0,0
1396,11,32,0,0,0,0,0,0,0,0,0
1397,31,0,0,0,0,0,0,0,0,0,0
1398,2,0,0,0,0,0,0,0,0,0,0
1399,2,0,0,0,0,0,0,0,0,0,0
1400,31,0,0,0,0,0,0,0,0,0,0
1401,2,0,0,0,0,0,0,0,0,0,0
1402,30,32,0,0,0,0,0,0,0,0,0
1403,51,1,0,0,0,0,0,0,0,0,0
1404,2,0,0,0,0,0,0,0,0,0,0
1405,30,0,0,0,0,0,0,0,0,0,0
1406,30,32,0,0,0,0,0,0,0,0,0
1407,18,32,0,0,0,0,0,0,0,0,0
1408,38,64,0,0,0,0,0,0,0,0,0
1409,32,0,0,0,0,0,0,0,0,0,0
1410,30,32,0,0,0,0,0,0,0,0,0
1411,54,0,0,0,0,0,0,0,0,0,0
1412,30,32,0,0,0,0,0,0,0,0,0
1413,30,0,0,0,0,0,0,0,0,0,0
1414,30,32,0,0,0,0,0,0,0,0,0
1415,38,64,0,0,0,0,0,0,0,0,0
1416,32,0,0,0,0,0,0,0,0,0,0
1417,31,0,0,0,0,0,0,0,0,0,0
1418,30,32,0,0,0,0,0,0,0,0,0
1419,30,0,0,0,0,0,0,0,0,0,0
1420,30,32,0,0,0,0,0,0,0,0,0
1421,11,32,0,0,0,0,0,0,0,0,0
1422,38,64,0,0,0,0,0,0,0,0,0
1423,32,0,0,0,0,0,0,0,0,0,0
1424,31,0,0,0,0,0,0,0,0,0,0
1425,2,0,0,0,0,0,0,0,0,0,0
1426,30,32,0,0,0,0,0,0,0,0,0
1427,11,32,0,0,0,0,0,0,0,0,0
1428,31,0,0,0,0,0,0,0,0,0,0
1429,2,0,0,0,0,0,0,0,0,0,0
1430,47,0,0,0,0,0,0,0,0,0,0
1431,54,0,0,0,0,0,0,0,0,0,0
1432,47,0,0,0,0,0,0,0,0,0,0
1433,54,0,0,0,0,0,0,0,0,0,0
1434,1,0,0,0,0,0,0,0,0,0,0
1435,29,0,0,0,0,0,0,0,0,0,0
1436,29,0,0,0,0,0,0,0,0,0,0
1437,29,0,0,0,0,0,0,0,0,0,0
1438,31,0,0,0,0,0,0,0,0,0,0
1439,31,0,0,0,0,0,0,0,0,0,0
1440,31,0,0,0,0,0,0,0,0,0,0
1441,30,0,0,0,0,0,0,0,0,0,0
1442,32,0,0,0,0,0,0,0,0,0,0
1443,30,0,0,0,0,0,0,0,0,0,0
1444,54,0,0,0,0,0,0,0,0,0,0
1445,54,0,0,0,0,0,0,0,0,0,0
1446,30,0,0,0,0,0,0,0,0,0,0
1447,32,0,0,0,0,0,0,0,0,0,0
1448,30,0,0,0,0,0,0,0,0,0,0
1449,54,0,0,0,0,0,0,0,0,0,0
1450,1,0,0,0,0,0,0,0,0,0,0
1338
1,12
1,9
1,6
1,3
2,17
2,16
2,14
2,10
2,4
4,5
6,7
7,8
9,10
12,13
13,14
16,19
17,18
20,158
20,29
21,163
21,30
22,351
22,156
22,154
22,142
22,140
22,108
22,106
22,74
22,72
22,31
23,349
23,129
23,127
23,117
23,115
23,98
23,96
23,84
23,82
23,66
23,64
23,54
23,52
23,45
23,33
24,347
24,164
24,161
24,159
24,151
24,149
24,136
24,124
24,112
24,110
24,93
24,91
24,79
24,77
24,61
24,59
24,49
24,47
24,46
24,35
25,345
25,147
25,145
25,138
25,37
26,343
26,172
26,166
26,123
26,121
26,90
26,88
26,58
26,39
27,341
27,173
27,167
27,135
27,133
27,104
27,102
27,70
27,41
28,339
28,279
28,276
28,43
31,32
33,34
35,36
37,38
39,40
41,42
43,44
47,50
47,48
48,49
50,51
51,57
52,55
52,53
53,54
55,56
56,57
57,58
59,62
59,60
60,61
62,63
63,69
64,67
64,65
65,66
67,68
68,69
69,70
74,75
75,76
77,80
77,78
78,79
80,81
81,87
82,85
82,83
83,84
85,86
86,87
87,89
88,89
89,90
91,94
91,92
92,93
94,95
95,101
96,99
96,97
97,98
99,100
100,101
101,103
102,103
103,104
106,107
107,108
110,113
110,111
111,112
113,114
114,120
115,118
115,116
116,117
118,119
119,120
120,122
121,122
122,123
124,125
125,126
126,132
127,130
127,128
128,129
130,131
131,132
132,134
133,134
134,135
136,137
137,138
142,143
143,144
145,148
145,146
146,147
148,152
149,152
149,150
150,151
154,155
155,156
158,162
159,162
159,160
160,161
163,165
164,165
166,168
167,168
168,169
169,170
170,171
172,174
173,174
174,175
175,176
176,177
178,179
180,184
181,184
182,184
183,184
184,185
186,188
187,188
188,189
190,192
191,192
192,193
194,196
195,196
196,197
198,199
199,206
200,201
201,202
202,203
203,204
204,205
205,206
206,207
207,208
208,209
210,212
211,212
212,213
214,215
215,216
217,219
218,219
219,220
221,222
223,228
224,228
225,228
226,228
227,228
228,229
230,234
231,234
232,234
233,234
234,235
236,238
237,238
238,239
240,241
242,243
244,245
246,247
248,249
250,254
251,254
252,254
253,254
254,255
256,258
257,258
258,259
260,262
261,262
262,263
264,265
265,266
271,272
272,273
273,274
274,275
275,276
277,278
278,280
279,280
280,281
282,283
283,284
286,287
287,293
288,289
289,290
290,291
291,292
292,293
293,294
294,295
295,296
297,299
298,299
299,300
301,302
302,303
304,306
305,306
306,307
308,309
310,315
311,315
312,315
313,315
314,315
315,316
317,321
318,321
319,321
320,321
321,322
323,325
324,325
325,326
327,328
329,330
331,332
333,334
335,338
336,337
337,338
338,353
339,340
341,342
343,344
345,346
347,348
349,350
351,352
354,384
354,382
354,366
354,364
354,358
355,389
355,387
355,371
355,369
355,359
356,406
356,399
356,397
356,379
356,377
356,360
357,404
357,401
357,395
357,393
357,375
357,362
360,361
362,363
364,367
364,365
365,366
367,368
368,374
369,372
369,370
370,371
372,373
373,374
374,375
379,380
380,381
382,385
382,383
383,384
385,386
386,392
387,390
387,388
388,389
390,391
391,392
392,394
393,394
394,395
397,398
398,399
401,402
402,403
403,408
404,405
406,407
409,423
409,415
410,427
410,416
411,432
411,417
412,436
412,418
413,448
413,443
413,442
413,440
413,431
413,429
413,426
413,419
414,446
414,438
414,435
414,421
419,420
421,422
423,424
424,425
425,426
427,428
428,430
429,430
430,431
432,433
433,434
434,435
436,437
437,439
438,439
439,441
440,441
441,442
443,444
444,445
445,450
446,447
448,449
451,497
451,467
451,457
452,482
452,458
453,519
453,512
453,510
453,504
453,459
454,517
454,506
454,500
454,495
454,493
454,477
454,474
454,472
454,461
455,515
455,487
455,470
455,463
456,513
456,488
456,486
456,465
459,460
461,462
463,464
465,466
467,468
468,469
469,470
474,475
475,476
477,478
478,479
479,480
480,481
481,484
482,483
483,484
484,485
485,486
487,489
488,489
489,490
493,494
494,495
497,498
498,499
500,501
501,502
502,503
503,504
506,507
507,508
508,509
509,510
512,521
513,514
515,516
517,518
519,520
522,536
522,525
523,553
523,551
523,548
523,546
523,543
523,542
523,529
523,526
524,554
524,534
524,533
524,527
527,528
529,530
530,531
531,532
532,533
534,535
535,541
536,537
537,538
538,539
539,540
540,541
541,542
543,544
544,545
548,549
549,550
553,556
554,555
557,574
557,570
557,562
558,581
558,563
559,593
559,577
559,573
559,564
560,591
560,583
560,576
560,566
561,589
561,587
561,586
561,568
564,565
566,567
568,569
570,571
571,572
572,573
574,575
575,576
577,578
578,579
579,580
580,585
581,582
582,584
583,584
584,585
585,586
587,588
588,595
589,590
591,592
593,594
596,715
596,646
596,611
596,602
597,716
597,712
597,709
597,706
597,703
597,700
597,697
597,694
597,691
597,688
597,685
597,648
597,603
598,674
598,661
598,629
598,620
598,604
599,723
599,682
599,680
599,675
599,662
599,649
599,643
599,641
599,637
599,635
599,630
599,621
599,617
599,615
599,605
600,721
600,671
600,659
600,657
600,607
601,719
601,672
601,670
601,609
605,606
607,608
609,610
611,612
612,613
617,618
618,619
620,623
621,622
622,623
623,624
624,625
625,626
626,627
627,628
628,633
629,632
630,631
631,632
632,633
635,636
636,637
643,644
644,645
646,647
647,654
648,651
649,650
650,651
651,652
652,653
653,654
654,655
655,656
661,664
662,663
663,664
664,665
665,666
666,667
667,668
668,669
669,670
671,673
672,673
673,678
674,677
675,676
676,677
677,678
680,681
681,682
685,686
686,687
687,690
688,689
689,690
691,692
692,693
693,696
694,695
695,696
697,698
698,699
699,702
700,701
701,702
703,704
704,705
705,708
706,707
707,708
709,710
710,711
711,714
712,713
713,714
715,718
716,717
717,718
719,720
721,722
723,724
726,745
726,734
727,779
727,735
728,763
728,749
728,736
729,751
729,737
730,765
730,738
731,801
731,774
731,770
731,762
731,760
731,758
731,756
731,748
731,739
732,799
732,778
732,776
732,772
732,741
733,797
733,796
733,794
733,791
733,789
733,786
733,785
733,743
739,740
741,742
743,744
745,746
746,747
747,748
749,750
750,753
751,752
752,753
753,754
754,755
756,757
757,758
760,761
761,762
763,764
764,767
765,766
766,767
767,768
768,769
770,771
771,772
774,775
775,776
778,783
779,780
780,781
781,782
782,783
783,784
784,785
786,787
787,788
791,792
792,793
796,803
797,798
799,800
801,802
804,821
804,811
805,843
805,812
806,826
806,813
807,828
807,814
808,867
808,838
808,833
808,825
808,815
809,865
809,858
809,854
809,850
809,847
809,845
809,817
810,863
810,862
810,860
810,853
810,851
810,846
810,841
810,836
810,819
815,816
817,818
819,820
821,822
822,823
823,824
824,825
826,827
827,830
828,829
829,830
830,831
831,832
833,834
834,835
835,836
838,839
839,840
840,841
843,844
844,845
846,848
847,848
848,849
850,851
853,856
854,855
855,856
856,857
858,859
859,860
862,869
863,864
865,866
867,868
870,884
870,873
871,900
871,898
871,895
871,893
871,890
871,889
871,877
871,874
872,901
872,883
872,882
872,875
875,876
877,878
878,879
879,880
880,881
881,882
883,888
884,885
885,886
886,887
887,888
888,889
890,891
891,892
895,896
896,897
900,903
901,902
904,933
904,930
904,913
905,1227
905,1205
905,1203
905,1183
905,1181
905,1140
905,1138
905,1106
905,1104
905,914
906,1225
906,1166
906,1153
906,1151
906,1122
906,1120
906,1093
906,916
907,1223
907,1170
907,1165
907,1163
907,1136
907,1134
907,1102
907,918
908,1221
908,1159
908,1157
908,1147
908,1145
908,1130
908,1128
908,1116
908,1114
908,1098
908,1096
908,1089
908,1087
908,1082
908,920
909,1219
909,1208
909,1192
909,1190
909,1174
909,1142
909,1111
909,1109
909,1083
909,922
910,1217
910,1188
910,1186
910,1176
910,924
911,1215
911,1211
911,1200
911,1198
911,1177
911,1154
911,1125
911,1123
911,1084
911,926
912,1213
912,1196
912,1194
912,1179
912,928
914,915
916,917
918,919
920,921
922,923
924,925
926,927
928,929
930,931
931,932
933,934
934,935
936,937
938,942
939,942
940,942
941,942
942,943
944,946
945,946
946,947
948,949
949,956
950,951
951,952
952,953
953,954
954,955
955,956
956,957
957,958
958,959
960,961
961,967
962,963
963,964
964,965
965,966
966,967
967,968
968,969
969,970
971,973
972,973
973,974
975,977
976,977
977,978
979,980
980,981
982,984
983,984
984,985
986,987
988,993
989,993
990,993
991,993
992,993
993,994
995,999
996,999
997,999
998,999
999,1000
1001,1003
1002,1003
1003,1004
1005,1006
1007,1008
1009,1010
1011,1012
1013,1014
1015,1019
1016,1019
1017,1019
1018,1019
1019,1020
1021,1023
1022,1023
1023,1024
1025,1026
1026,1032
1027,1028
1028,1029
1029,1030
1030,1031
1031,1032
1032,1033
1033,1034
1034,1035
1036,1038
1037,1038
1038,1039
1040,1041
1041,1042
1043,1045
1044,1045
1045,1046
1047,1048
1049,1054
1050,1054
1051,1054
1052,1054
1053,1054
1054,1055
1056,1060
1057,1060
1058,1060
1059,1060
1060,1061
1062,1064
1063,1064
1064,1065
1066,1067
1068,1069
1070,1071
1072,1073
1074,1076
1075,1076
1076,1077
1078,1080
1079,1080
1080,1081
1085,1086
1086,1092
1087,1090
1087,1088
1088,1089
1090,1091
1091,1092
1092,1093
1094,1095
1095,1101
1096,1099
1096,1097
1097,1098
1099,1100
1100,1101
1101,1102
1106,1107
1107,1108
1109,1112
1109,1110
1110,1111
1112,1113
1113,1119
1114,1117
1114,1115
1115,1116
1117,1118
1118,1119
1119,1121
1120,1121
1121,1122
1123,1126
1123,1124
1124,1125
1126,1127
1127,1133
1128,1131
1128,1129
1129,1130
1131,1132
1132,1133
1133,1135
1134,1135
1135,1136
1138,1139
1139,1140
1142,1143
1143,1144
1144,1150
1145,1148
1145,1146
1146,1147
1148,1149
1149,1150
1150,1152
1151,1152
1152,1153
1154,1155
1155,1156
1156,1162
1157,1160
1157,1158
1158,1159
1160,1161
1161,1162
1162,1164
1163,1164
1164,1165
1166,1167
1167,1168
1168,1169
1170,1171
1171,1172
1172,1173
1174,1175
1175,1176
1177,1178
1178,1179
1183,1184
1184,1185
1186,1189
1186,1187
1187,1188
1189,1193
1190,1193
1190,1191
1191,1192
1194,1197
1194,1195
1195,1196
1197,1201
1198,1201
1198,1199
1199,1200
1203,1204
1204,1205
1207,1209
1208,1209
1210,1212
1211,1212
1213,1214
1215,1216
1217,1218
1219,1220
1221,1222
1223,1224
1225,1226
1227,1228
1230,1353
1230,1351
1230,1349
1230,1344
1230,1340
1230,1337
1230,1335
1230,1332
1230,1330
1230,1325
1230,1322
1230,1320
1230,1317
1230,1315
1230,1310
1230,1306
1230,1302
1230,1298
1230,1295
1230,1293
1230,1290
1230,1288
1230,1283
1230,1279
1230,1275
1230,1271
1230,1268
1230,1266
1230,1231
1231,1232
1268,1269
1269,1270
1271,1272
1272,1273
1273,1274
1275,1276
1276,1277
1277,1278
1279,1280
1280,1281
1281,1282
1283,1284
1284,1285
1285,1286
1288,1289
1289,1290
1295,1296
1296,1297
1298,1299
1299,1300
1300,1301
1302,1303
1303,1304
1304,1305
1306,1307
1307,1308
1308,1309
1310,1311
1311,1312
1312,1313
1315,1316
1316,1317
1322,1323
1323,1324
1325,1326
1326,1327
1327,1328
1330,1331
1331,1332
1337,1338
1338,1339
1340,1341
1341,1342
1342,1343
1344,1345
1345,1346
1346,1347
1349,1350
1350,1351
1353,1354
1356,1381
1356,1376
1356,1361
1357,1405
1357,1388
1357,1362
1358,1419
1358,1413
1358,1363
1359,1432
1359,1428
1359,1426
1359,1420
1359,1414
1359,1406
1359,1402
1359,1400
1359,1397
1359,1395
1359,1389
1359,1382
1359,1377
1359,1373
1359,1371
1359,1364
1360,1430
1360,1369
1360,1366
1364,1365
1366,1367
1373,1374
1374,1375
1376,1379
1377,1378
1378,1379
1379,1380
1380,1387
1381,1385
1382,1383
1383,1384
1384,1385
1385,1386
1386,1387
1387,1393
1388,1392
1389,1390
1390,1391
1391,1392
1392,1393
1395,1396
1396,1397
1402,1403
1403,1404
1405,1409
1406,1407
1407,1408
1408,1409
1409,1410
1410,1411
1412,1417
1413,1416
1414,1415
1415,1416
1416,1417
1418,1424
1419,1423
1420,1421
1421,1422
1422,1423
1423,1424
1426,1427
1427,1428
1430,1431
1432,1433
1435,1438
1436,1439
1437,1446
1437,1441
1437,1440
1441,1442
1442,1443
1443,1444
1446,1447
1447,1448
1448,1449
