1854
1,29,0,0,0,0,0,0,0,0,0,0
2,29,0,0,0,0,0,0,0,0,0,0
3,29,0,0,0,0,0,0,0,0,0,0
4,29,0,0,0,0,0,0,0,0,0,0
5,29,0,0,0,0,0,0,0,0,0,0
6,29,0,0,0,0,0,0,0,0,0,0
7,29,0,0,0,0,0,0,0,0,0,0
8,29,0,0,0,0,0,0,0,0,0,0
9,29,0,0,0,0,0,0,0,0,0,0
10,29,0,0,0,0,0,0,0,0,0,0
11,29,0,0,0,0,0,0,0,0,0,0
12,29,0,0,0,0,0,0,0,0,0,0
13,29,0,0,0,0,0,0,0,0,0,0
14,29,0,0,0,0,0,0,0,0,0,0
15,29,0,0,0,0,0,0,0,0,0,0
16,29,0,0,0,0,0,0,0,0,0,0
17,29,0,0,0,0,0,0,0,0,0,0
18,29,0,0,0,0,0,0,0,0,0,0
19,29,0,0,0,0,0,0,0,0,0,0
20,29,0,0,0,0,0,0,0,0,0,0
21,29,0,0,0,0,0,0,0,0,0,0
22,29,0,0,0,0,0,0,0,0,0,0
23,29,0,0,0,0,0,0,0,0,0,0
24,29,0,0,0,0,0,0,0,0,0,0
25,29,0,0,0,0,0,0,0,0,0,0
26,29,0,0,0,0,0,0,0,0,0,0
27,29,0,0,0,0,0,0,0,0,0,0
28,29,0,0,0,0,0,0,0,0,0,0
29,29,0,0,0,0,0,0,0,0,0,0
30,29,0,0,0,0,0,0,0,0,0,0
31,29,0,0,0,0,0,0,0,0,0,0
32,29,0,0,0,0,0,0,0,0,0,0
33,29,0,0,0,0,0,0,0,0,0,0
34,29,0,0,0,0,0,0,0,0,0,0
35,29,0,0,0,0,0,0,0,0,0,0
36,29,0,0,0,0,0,0,0,0,0,0
37,29,0,0,0,0,0,0,0,0,0,0
38,29,0,0,0,0,0,0,0,0,0,0
39,29,0,0,0,0,0,0,0,0,0,0
40,29,0,0,0,0,0,0,0,0,0,0
41,29,0,0,0,0,0,0,0,0,0,0
42,29,0,0,0,0,0,0,0,0,0,0
43,29,0,0,0,0,0,0,0,0,0,0
44,29,0,0,0,0,0,0,0,0,0,0
45,29,0,0,0,0,0,0,0,0,0,0
46,29,0,0,0,0,0,0,0,0,0,0
47,29,0,0,0,0,0,0,0,0,0,0
48,29,0,0,0,0,0,0,0,0,0,0
49,29,0,0,0,0,0,0,0,0,0,0
50,29,0,0,0,0,0,0,0,0,0,0
51,29,0,0,0,0,0,0,0,0,0,0
52,29,0,0,0,0,0,0,0,0,0,0
53,29,0,0,0,0,0,0,0,0,0,0
54,29,0,0,0,0,0,0,0,0,0,0
55,29,0,0,0,0,0,0,0,0,0,0
56,29,0,0,0,0,0,0,0,0,0,0
57,29,0,0,0,0,0,0,0,0,0,0
58,29,0,0,0,0,0,0,0,0,0,0
59,29,0,0,0,0,0,0,0,0,0,0
60,29,0,0,0,0,0,0,0,0,0,0
61,29,0,0,0,0,0,0,0,0,0,0
62,29,0,0,0,0,0,0,0,0,0,0
63,29,0,0,0,0,0,0,0,0,0,0
64,29,0,0,0,0,0,0,0,0,0,0
65,29,0,0,0,0,0,0,0,0,0,0
66,29,0,0,0,0,0,0,0,0,0,0
67,29,0,0,0,0,0,0,0,0,0,0
68,29,0,0,0,0,0,0,0,0,0,0
69,29,0,0,0,0,0,0,0,0,0,0
70,29,0,0,0,0,0,0,0,0,0,0
71,29,0,0,0,0,0,0,0,0,0,0
72,29,0,0,0,0,0,0,0,0,0,0
73,29,0,0,0,0,0,0,0,0,0,0
74,29,0,0,0,0,0,0,0,0,0,0
75,29,0,0,0,0,0,0,0,0,0,0
76,29,0,0,0,0,0,0,0,0,0,0
77,29,0,0,0,0,0,0,0,0,0,0
78,29,0,0,0,0,0,0,0,0,0,0
79,29,0,0,0,0,0,0,0,0,0,0
80,29,0,0,0,0,0,0,0,0,0,0
81,29,0,0,0,0,0,0,0,0,0,0
82,29,0,0,0,0,0,0,0,0,0,0
83,29,0,0,0,0,0,0,0,0,0,0
84,29,0,0,0,0,0,0,0,0,0,0
85,29,0,0,0,0,0,0,0,0,0,0
86,29,0,0,0,0,0,0,0,0,0,0
87,29,0,0,0,0,0,0,0,0,0,0
88,29,0,0,0,0,0,0,0,0,0,0
89,29,0,0,0,0,0,0,0,0,0,0
90,29,0,0,0,0,0,0,0,0,0,0
91,29,0,0,0,0,0,0,0,0,0,0
92,31,0,0,0,0,0,0,0,0,0,0
93,31,0,0,0,0,0,0,0,0,0,0
94,31,0,0,0,0,0,0,0,0,0,0
95,31,0,0,0,0,0,0,0,0,0,0
96,31,0,0,0,0,0,0,0,0,0,0
97,31,0,0,0,0,0,0,0,0,0,0
98,31,0,0,0,0,0,0,0,0,0,0
99,31,0,0,0,0,0,0,0,0,0,0
100,31,0,0,0,0,0,0,0,0,0,0
101,31,0,0,0,0,0,0,0,0,0,0
102,31,0,0,0,0,0,0,0,0,0,0
103,31,0,0,0,0,0,0,0,0,0,0
104,31,0,0,0,0,0,0,0,0,0,0
105,31,0,0,0,0,0,0,0,0,0,0
106,31,0,0,0,0,0,0,0,0,0,0
107,31,0,0,0,0,0,0,0,0,0,0
108,31,0,0,0,0,0,0,0,0,0,0
109,31,0,0,0,0,0,0,0,0,0,0
110,2,0,0,0,0,0,0,0,0,0,0
111,47,0,0,0,0,0,0,0,0,0,0
112,54,0,0,0,0,0,0,0,0,0,0
113,31,0,0,0,0,0,0,0,0,0,0
114,2,0,0,0,0,0,0,0,0,0,0
115,30,32,0,0,0,0,0,0,0,0,0
116,51,1,0,0,0,0,0,0,0,0,0
117,2,0,0,0,0,0,0,0,0,0,0
118,31,0,0,0,0,0,0,0,0,0,0
119,47,0,0,0,0,0,0,0,0,0,0
120,54,0,0,0,0,0,0,0,0,0,0
121,2,0,0,0,0,0,0,0,0,0,0
122,2,0,0,0,0,0,0,0,0,0,0
123,47,0,0,0,0,0,0,0,0,0,0
124,54,0,0,0,0,0,0,0,0,0,0
125,31,0,0,0,0,0,0,0,0,0,0
126,2,0,0,0,0,0,0,0,0,0,0
127,30,32,0,0,0,0,0,0,0,0,0
128,51,1,0,0,0,0,0,0,0,0,0
129,2,0,0,0,0,0,0,0,0,0,0
130,31,0,0,0,0,0,0,0,0,0,0
131,47,0,0,0,0,0,0,0,0,0,0
132,54,0,0,0,0,0,0,0,0,0,0
133,2,0,0,0,0,0,0,0,0,0,0
134,47,0,0,0,0,0,0,0,0,0,0
135,54,0,0,0,0,0,0,0,0,0,0
136,30,32,0,0,0,0,0,0,0,0,0
137,13,32,0,0,0,0,0,0,0,0,0
138,23,32,0,0,0,0,0,0,0,0,0
139,31,0,0,0,0,0,0,0,0,0,0
140,2,0,0,0,0,0,0,0,0,0,0
141,47,0,0,0,0,0,0,0,0,0,0
142,54,0,0,0,0,0,0,0,0,0,0
143,31,0,0,0,0,0,0,0,0,0,0
144,2,0,0,0,0,0,0,0,0,0,0
145,30,32,0,0,0,0,0,0,0,0,0
146,30,32,0,0,0,0,0,0,0,0,0
147,51,1,0,0,0,0,0,0,0,0,0
148,2,0,0,0,0,0,0,0,0,0,0
149,31,0,0,0,0,0,0,0,0,0,0
150,47,0,0,0,0,0,0,0,0,0,0
151,54,0,0,0,0,0,0,0,0,0,0
152,2,0,0,0,0,0,0,0,0,0,0
153,47,0,0,0,0,0,0,0,0,0,0
154,54,0,0,0,0,0,0,0,0,0,0
155,30,0,0,0,0,0,0,0,0,0,0
156,30,32,0,0,0,0,0,0,0,0,0
157,30,32,0,0,0,0,0,0,0,0,0
158,13,32,0,0,0,0,0,0,0,0,0
159,23,32,0,0,0,0,0,0,0,0,0
160,38,64,0,0,0,0,0,0,0,0,0
161,32,0,0,0,0,0,0,0,0,0,0
162,30,32,0,0,0,0,0,0,0,0,0
163,31,0,0,0,0,0,0,0,0,0,0
164,47,0,0,0,0,0,0,0,0,0,0
165,54,0,0,0,0,0,0,0,0,0,0
166,30,0,0,0,0,0,0,0,0,0,0
167,30,32,0,0,0,0,0,0,0,0,0
168,30,32,0,0,0,0,0,0,0,0,0
169,13,32,0,0,0,0,0,0,0,0,0
170,23,32,0,0,0,0,0,0,0,0,0
171,38,64,0,0,0,0,0,0,0,0,0
172,32,0,0,0,0,0,0,0,0,0,0
173,30,32,0,0,0,0,0,0,0,0,0
174,31,0,0,0,0,0,0,0,0,0,0
175,47,0,0,0,0,0,0,0,0,0,0
176,54,0,0,0,0,0,0,0,0,0,0
177,30,32,0,0,0,0,0,0,0,0,0
178,30,32,0,0,0,0,0,0,0,0,0
179,11,32,0,0,0,0,0,0,0,0,0
180,31,0,0,0,0,0,0,0,0,0,0
181,47,0,0,0,0,0,0,0,0,0,0
182,54,0,0,0,0,0,0,0,0,0,0
183,30,0,0,0,0,0,0,0,0,0,0
184,30,32,0,0,0,0,0,0,0,0,0
185,15,32,0,0,0,0,0,0,0,0,0
186,30,32,0,0,0,0,0,0,0,0,0
187,11,32,0,0,0,0,0,0,0,0,0
188,38,64,0,0,0,0,0,0,0,0,0
189,32,0,0,0,0,0,0,0,0,0,0
190,30,32,0,0,0,0,0,0,0,0,0
191,30,32,0,0,0,0,0,0,0,0,0
192,16,32,0,0,0,0,0,0,0,0,0
193,30,0,0,0,0,0,0,0,0,0,0
194,30,32,0,0,0,0,0,0,0,0,0
195,15,32,0,0,0,0,0,0,0,0,0
196,30,32,0,0,0,0,0,0,0,0,0
197,11,32,0,0,0,0,0,0,0,0,0
198,38,64,0,0,0,0,0,0,0,0,0
199,32,0,0,0,0,0,0,0,0,0,0
200,30,32,0,0,0,0,0,0,0,0,0
201,30,32,0,0,0,0,0,0,0,0,0
202,16,32,0,0,0,0,0,0,0,0,0
203,14,32,0,0,0,0,0,0,0,0,0
204,31,0,0,0,0,0,0,0,0,0,0
205,47,0,0,0,0,0,0,0,0,0,0
206,54,0,0,0,0,0,0,0,0,0,0
207,30,0,0,0,0,0,0,0,0,0,0
208,30,32,0,0,0,0,0,0,0,0,0
209,15,32,0,0,0,0,0,0,0,0,0
210,30,32,0,0,0,0,0,0,0,0,0
211,11,32,0,0,0,0,0,0,0,0,0
212,38,64,0,0,0,0,0,0,0,0,0
213,32,0,0,0,0,0,0,0,0,0,0
214,30,32,0,0,0,0,0,0,0,0,0
215,30,32,0,0,0,0,0,0,0,0,0
216,16,32,0,0,0,0,0,0,0,0,0
217,30,0,0,0,0,0,0,0,0,0,0
218,30,32,0,0,0,0,0,0,0,0,0
219,15,32,0,0,0,0,0,0,0,0,0
220,30,32,0,0,0,0,0,0,0,0,0
221,11,32,0,0,0,0,0,0,0,0,0
222,38,64,0,0,0,0,0,0,0,0,0
223,32,0,0,0,0,0,0,0,0,0,0
224,30,32,0,0,0,0,0,0,0,0,0
225,30,32,0,0,0,0,0,0,0,0,0
226,16,32,0,0,0,0,0,0,0,0,0
227,12,32,0,0,0,0,0,0,0,0,0
228,31,0,0,0,0,0,0,0,0,0,0
229,30,0,0,0,0,0,0,0,0,0,0
230,30,32,0,0,0,0,0,0,0,0,0
231,15,32,0,0,0,0,0,0,0,0,0
232,30,32,0,0,0,0,0,0,0,0,0
233,11,32,0,0,0,0,0,0,0,0,0
234,38,64,0,0,0,0,0,0,0,0,0
235,32,0,0,0,0,0,0,0,0,0,0
236,30,32,0,0,0,0,0,0,0,0,0
237,30,32,0,0,0,0,0,0,0,0,0
238,14,32,0,0,0,0,0,0,0,0,0
239,30,0,0,0,0,0,0,0,0,0,0
240,30,32,0,0,0,0,0,0,0,0,0
241,15,32,0,0,0,0,0,0,0,0,0
242,30,32,0,0,0,0,0,0,0,0,0
243,11,32,0,0,0,0,0,0,0,0,0
244,38,64,0,0,0,0,0,0,0,0,0
245,32,0,0,0,0,0,0,0,0,0,0
246,31,0,0,0,0,0,0,0,0,0,0
247,30,0,0,0,0,0,0,0,0,0,0
248,30,32,0,0,0,0,0,0,0,0,0
249,15,32,0,0,0,0,0,0,0,0,0
250,30,32,0,0,0,0,0,0,0,0,0
251,11,32,0,0,0,0,0,0,0,0,0
252,38,64,0,0,0,0,0,0,0,0,0
253,32,0,0,0,0,0,0,0,0,0,0
254,30,32,0,0,0,0,0,0,0,0,0
255,30,32,0,0,0,0,0,0,0,0,0
256,14,32,0,0,0,0,0,0,0,0,0
257,30,0,0,0,0,0,0,0,0,0,0
258,30,32,0,0,0,0,0,0,0,0,0
259,15,32,0,0,0,0,0,0,0,0,0
260,30,32,0,0,0,0,0,0,0,0,0
261,11,32,0,0,0,0,0,0,0,0,0
262,38,64,0,0,0,0,0,0,0,0,0
263,32,0,0,0,0,0,0,0,0,0,0
264,31,0,0,0,0,0,0,0,0,0,0
265,30,0,0,0,0,0,0,0,0,0,0
266,30,32,0,0,0,0,0,0,0,0,0
267,15,32,0,0,0,0,0,0,0,0,0
268,30,32,0,0,0,0,0,0,0,0,0
269,11,32,0,0,0,0,0,0,0,0,0
270,38,64,0,0,0,0,0,0,0,0,0
271,32,0,0,0,0,0,0,0,0,0,0
272,30,32,0,0,0,0,0,0,0,0,0
273,30,32,0,0,0,0,0,0,0,0,0
274,12,32,0,0,0,0,0,0,0,0,0
275,30,0,0,0,0,0,0,0,0,0,0
276,30,32,0,0,0,0,0,0,0,0,0
277,15,32,0,0,0,0,0,0,0,0,0
278,30,32,0,0,0,0,0,0,0,0,0
279,11,32,0,0,0,0,0,0,0,0,0
280,38,64,0,0,0,0,0,0,0,0,0
281,32,0,0,0,0,0,0,0,0,0,0
282,31,0,0,0,0,0,0,0,0,0,0
283,30,0,0,0,0,0,0,0,0,0,0
284,30,32,0,0,0,0,0,0,0,0,0
285,15,32,0,0,0,0,0,0,0,0,0
286,30,32,0,0,0,0,0,0,0,0,0
287,11,32,0,0,0,0,0,0,0,0,0
288,38,64,0,0,0,0,0,0,0,0,0
289,32,0,0,0,0,0,0,0,0,0,0
290,30,32,0,0,0,0,0,0,0,0,0
291,30,32,0,0,0,0,0,0,0,0,0
292,12,32,0,0,0,0,0,0,0,0,0
293,30,0,0,0,0,0,0,0,0,0,0
294,30,32,0,0,0,0,0,0,0,0,0
295,15,32,0,0,0,0,0,0,0,0,0
296,30,32,0,0,0,0,0,0,0,0,0
297,11,32,0,0,0,0,0,0,0,0,0
298,38,64,0,0,0,0,0,0,0,0,0
299,32,0,0,0,0,0,0,0,0,0,0
300,31,0,0,0,0,0,0,0,0,0,0
301,47,0,0,0,0,0,0,0,0,0,0
302,54,0,0,0,0,0,0,0,0,0,0
303,47,0,0,0,0,0,0,0,0,0,0
304,54,0,0,0,0,0,0,0,0,0,0
305,47,0,0,0,0,0,0,0,0,0,0
306,54,0,0,0,0,0,0,0,0,0,0
307,47,0,0,0,0,0,0,0,0,0,0
308,54,0,0,0,0,0,0,0,0,0,0
309,47,0,0,0,0,0,0,0,0,0,0
310,54,0,0,0,0,0,0,0,0,0,0
311,2,0,0,0,0,0,0,0,0,0,0
312,30,32,0,0,0,0,0,0,0,0,0
313,11,32,0,0,0,0,0,0,0,0,0
314,31,0,0,0,0,0,0,0,0,0,0
315,2,0,0,0,0,0,0,0,0,0,0
316,47,0,0,0,0,0,0,0,0,0,0
317,54,0,0,0,0,0,0,0,0,0,0
318,2,0,0,0,0,0,0,0,0,0,0
319,30,32,0,0,0,0,0,0,0,0,0
320,11,32,0,0,0,0,0,0,0,0,0
321,31,0,0,0,0,0,0,0,0,0,0
322,2,0,0,0,0,0,0,0,0,0,0
323,2,0,0,0,0,0,0,0,0,0,0
324,30,32,0,0,0,0,0,0,0,0,0
325,11,32,0,0,0,0,0,0,0,0,0
326,31,0,0,0,0,0,0,0,0,0,0
327,2,0,0,0,0,0,0,0,0,0,0
328,2,0,0,0,0,0,0,0,0,0,0
329,47,0,0,0,0,0,0,0,0,0,0
330,54,0,0,0,0,0,0,0,0,0,0
331,31,0,0,0,0,0,0,0,0,0,0
332,2,0,0,0,0,0,0,0,0,0,0
333,30,32,0,0,0,0,0,0,0,0,0
334,51,1,0,0,0,0,0,0,0,0,0
335,2,0,0,0,0,0,0,0,0,0,0
336,31,0,0,0,0,0,0,0,0,0,0
337,47,0,0,0,0,0,0,0,0,0,0
338,54,0,0,0,0,0,0,0,0,0,0
339,2,0,0,0,0,0,0,0,0,0,0
340,2,0,0,0,0,0,0,0,0,0,0
341,47,0,0,0,0,0,0,0,0,0,0
342,54,0,0,0,0,0,0,0,0,0,0
343,31,0,0,0,0,0,0,0,0,0,0
344,2,0,0,0,0,0,0,0,0,0,0
345,30,32,0,0,0,0,0,0,0,0,0
346,51,1,0,0,0,0,0,0,0,0,0
347,2,0,0,0,0,0,0,0,0,0,0
348,31,0,0,0,0,0,0,0,0,0,0
349,47,0,0,0,0,0,0,0,0,0,0
350,54,0,0,0,0,0,0,0,0,0,0
351,2,0,0,0,0,0,0,0,0,0,0
352,47,0,0,0,0,0,0,0,0,0,0
353,54,0,0,0,0,0,0,0,0,0,0
354,30,32,0,0,0,0,0,0,0,0,0
355,13,32,0,0,0,0,0,0,0,0,0
356,23,32,0,0,0,0,0,0,0,0,0
357,31,0,0,0,0,0,0,0,0,0,0
358,2,0,0,0,0,0,0,0,0,0,0
359,47,0,0,0,0,0,0,0,0,0,0
360,54,0,0,0,0,0,0,0,0,0,0
361,31,0,0,0,0,0,0,0,0,0,0
362,2,0,0,0,0,0,0,0,0,0,0
363,30,32,0,0,0,0,0,0,0,0,0
364,30,32,0,0,0,0,0,0,0,0,0
365,51,1,0,0,0,0,0,0,0,0,0
366,2,0,0,0,0,0,0,0,0,0,0
367,31,0,0,0,0,0,0,0,0,0,0
368,47,0,0,0,0,0,0,0,0,0,0
369,54,0,0,0,0,0,0,0,0,0,0
370,2,0,0,0,0,0,0,0,0,0,0
371,47,0,0,0,0,0,0,0,0,0,0
372,54,0,0,0,0,0,0,0,0,0,0
373,30,0,0,0,0,0,0,0,0,0,0
374,30,32,0,0,0,0,0,0,0,0,0
375,30,32,0,0,0,0,0,0,0,0,0
376,13,32,0,0,0,0,0,0,0,0,0
377,23,32,0,0,0,0,0,0,0,0,0
378,38,64,0,0,0,0,0,0,0,0,0
379,32,0,0,0,0,0,0,0,0,0,0
380,30,32,0,0,0,0,0,0,0,0,0
381,31,0,0,0,0,0,0,0,0,0,0
382,47,0,0,0,0,0,0,0,0,0,0
383,54,0,0,0,0,0,0,0,0,0,0
384,30,0,0,0,0,0,0,0,0,0,0
385,30,32,0,0,0,0,0,0,0,0,0
386,30,32,0,0,0,0,0,0,0,0,0
387,13,32,0,0,0,0,0,0,0,0,0
388,23,32,0,0,0,0,0,0,0,0,0
389,38,64,0,0,0,0,0,0,0,0,0
390,32,0,0,0,0,0,0,0,0,0,0
391,30,32,0,0,0,0,0,0,0,0,0
392,31,0,0,0,0,0,0,0,0,0,0
393,47,0,0,0,0,0,0,0,0,0,0
394,54,0,0,0,0,0,0,0,0,0,0
395,30,32,0,0,0,0,0,0,0,0,0
396,30,32,0,0,0,0,0,0,0,0,0
397,11,32,0,0,0,0,0,0,0,0,0
398,31,0,0,0,0,0,0,0,0,0,0
399,47,0,0,0,0,0,0,0,0,0,0
400,54,0,0,0,0,0,0,0,0,0,0
401,30,0,0,0,0,0,0,0,0,0,0
402,30,32,0,0,0,0,0,0,0,0,0
403,15,32,0,0,0,0,0,0,0,0,0
404,30,32,0,0,0,0,0,0,0,0,0
405,11,32,0,0,0,0,0,0,0,0,0
406,38,64,0,0,0,0,0,0,0,0,0
407,32,0,0,0,0,0,0,0,0,0,0
408,30,32,0,0,0,0,0,0,0,0,0
409,30,32,0,0,0,0,0,0,0,0,0
410,16,32,0,0,0,0,0,0,0,0,0
411,30,0,0,0,0,0,0,0,0,0,0
412,30,32,0,0,0,0,0,0,0,0,0
413,15,32,0,0,0,0,0,0,0,0,0
414,30,32,0,0,0,0,0,0,0,0,0
415,11,32,0,0,0,0,0,0,0,0,0
416,38,64,0,0,0,0,0,0,0,0,0
417,32,0,0,0,0,0,0,0,0,0,0
418,30,32,0,0,0,0,0,0,0,0,0
419,30,32,0,0,0,0,0,0,0,0,0
420,16,32,0,0,0,0,0,0,0,0,0
421,14,32,0,0,0,0,0,0,0,0,0
422,31,0,0,0,0,0,0,0,0,0,0
423,47,0,0,0,0,0,0,0,0,0,0
424,54,0,0,0,0,0,0,0,0,0,0
425,30,0,0,0,0,0,0,0,0,0,0
426,30,32,0,0,0,0,0,0,0,0,0
427,15,32,0,0,0,0,0,0,0,0,0
428,30,32,0,0,0,0,0,0,0,0,0
429,11,32,0,0,0,0,0,0,0,0,0
430,38,64,0,0,0,0,0,0,0,0,0
431,32,0,0,0,0,0,0,0,0,0,0
432,30,32,0,0,0,0,0,0,0,0,0
433,30,32,0,0,0,0,0,0,0,0,0
434,16,32,0,0,0,0,0,0,0,0,0
435,30,0,0,0,0,0,0,0,0,0,0
436,30,32,0,0,0,0,0,0,0,0,0
437,15,32,0,0,0,0,0,0,0,0,0
438,30,32,0,0,0,0,0,0,0,0,0
439,11,32,0,0,0,0,0,0,0,0,0
440,38,64,0,0,0,0,0,0,0,0,0
441,32,0,0,0,0,0,0,0,0,0,0
442,30,32,0,0,0,0,0,0,0,0,0
443,30,32,0,0,0,0,0,0,0,0,0
444,16,32,0,0,0,0,0,0,0,0,0
445,12,32,0,0,0,0,0,0,0,0,0
446,31,0,0,0,0,0,0,0,0,0,0
447,30,0,0,0,0,0,0,0,0,0,0
448,30,32,0,0,0,0,0,0,0,0,0
449,15,32,0,0,0,0,0,0,0,0,0
450,30,32,0,0,0,0,0,0,0,0,0
451,11,32,0,0,0,0,0,0,0,0,0
452,38,64,0,0,0,0,0,0,0,0,0
453,32,0,0,0,0,0,0,0,0,0,0
454,30,32,0,0,0,0,0,0,0,0,0
455,30,32,0,0,0,0,0,0,0,0,0
456,14,32,0,0,0,0,0,0,0,0,0
457,30,0,0,0,0,0,0,0,0,0,0
458,30,32,0,0,0,0,0,0,0,0,0
459,15,32,0,0,0,0,0,0,0,0,0
460,30,32,0,0,0,0,0,0,0,0,0
461,11,32,0,0,0,0,0,0,0,0,0
462,38,64,0,0,0,0,0,0,0,0,0
463,32,0,0,0,0,0,0,0,0,0,0
464,31,0,0,0,0,0,0,0,0,0,0
465,30,0,0,0,0,0,0,0,0,0,0
466,30,32,0,0,0,0,0,0,0,0,0
467,15,32,0,0,0,0,0,0,0,0,0
468,30,32,0,0,0,0,0,0,0,0,0
469,11,32,0,0,0,0,0,0,0,0,0
470,38,64,0,0,0,0,0,0,0,0,0
471,32,0,0,0,0,0,0,0,0,0,0
472,30,32,0,0,0,0,0,0,0,0,0
473,30,32,0,0,0,0,0,0,0,0,0
474,14,32,0,0,0,0,0,0,0,0,0
475,30,0,0,0,0,0,0,0,0,0,0
476,30,32,0,0,0,0,0,0,0,0,0
477,15,32,0,0,0,0,0,0,0,0,0
478,30,32,0,0,0,0,0,0,0,0,0
479,11,32,0,0,0,0,0,0,0,0,0
480,38,64,0,0,0,0,0,0,0,0,0
481,32,0,0,0,0,0,0,0,0,0,0
482,31,0,0,0,0,0,0,0,0,0,0
483,30,0,0,0,0,0,0,0,0,0,0
484,30,32,0,0,0,0,0,0,0,0,0
485,15,32,0,0,0,0,0,0,0,0,0
486,30,32,0,0,0,0,0,0,0,0,0
487,11,32,0,0,0,0,0,0,0,0,0
488,38,64,0,0,0,0,0,0,0,0,0
489,32,0,0,0,0,0,0,0,0,0,0
490,30,32,0,0,0,0,0,0,0,0,0
491,30,32,0,0,0,0,0,0,0,0,0
492,12,32,0,0,0,0,0,0,0,0,0
493,30,0,0,0,0,0,0,0,0,0,0
494,30,32,0,0,0,0,0,0,0,0,0
495,15,32,0,0,0,0,0,0,0,0,0
496,30,32,0,0,0,0,0,0,0,0,0
497,11,32,0,0,0,0,0,0,0,0,0
498,38,64,0,0,0,0,0,0,0,0,0
499,32,0,0,0,0,0,0,0,0,0,0
500,31,0,0,0,0,0,0,0,0,0,0
501,30,0,0,0,0,0,0,0,0,0,0
502,30,32,0,0,0,0,0,0,0,0,0
503,15,32,0,0,0,0,0,0,0,0,0
504,30,32,0,0,0,0,0,0,0,0,0
505,11,32,0,0,0,0,0,0,0,0,0
506,38,64,0,0,0,0,0,0,0,0,0
507,32,0,0,0,0,0,0,0,0,0,0
508,30,32,0,0,0,0,0,0,0,0,0
509,30,32,0,0,0,0,0,0,0,0,0
510,12,32,0,0,0,0,0,0,0,0,0
511,30,0,0,0,0,0,0,0,0,0,0
512,30,32,0,0,0,0,0,0,0,0,0
513,15,32,0,0,0,0,0,0,0,0,0
514,30,32,0,0,0,0,0,0,0,0,0
515,11,32,0,0,0,0,0,0,0,0,0
516,38,64,0,0,0,0,0,0,0,0,0
517,32,0,0,0,0,0,0,0,0,0,0
518,31,0,0,0,0,0,0,0,0,0,0
519,47,0,0,0,0,0,0,0,0,0,0
520,54,0,0,0,0,0,0,0,0,0,0
521,47,0,0,0,0,0,0,0,0,0,0
522,54,0,0,0,0,0,0,0,0,0,0
523,47,0,0,0,0,0,0,0,0,0,0
524,54,0,0,0,0,0,0,0,0,0,0
525,47,0,0,0,0,0,0,0,0,0,0
526,54,0,0,0,0,0,0,0,0,0,0
527,47,0,0,0,0,0,0,0,0,0,0
528,54,0,0,0,0,0,0,0,0,0,0
529,2,0,0,0,0,0,0,0,0,0,0
530,30,32,0,0,0,0,0,0,0,0,0
531,11,32,0,0,0,0,0,0,0,0,0
532,31,0,0,0,0,0,0,0,0,0,0
533,2,0,0,0,0,0,0,0,0,0,0
534,47,0,0,0,0,0,0,0,0,0,0
535,54,0,0,0,0,0,0,0,0,0,0
536,2,0,0,0,0,0,0,0,0,0,0
537,30,32,0,0,0,0,0,0,0,0,0
538,11,32,0,0,0,0,0,0,0,0,0
539,31,0,0,0,0,0,0,0,0,0,0
540,2,0,0,0,0,0,0,0,0,0,0
541,2,0,0,0,0,0,0,0,0,0,0
542,30,32,0,0,0,0,0,0,0,0,0
543,11,32,0,0,0,0,0,0,0,0,0
544,31,0,0,0,0,0,0,0,0,0,0
545,2,0,0,0,0,0,0,0,0,0,0
546,2,0,0,0,0,0,0,0,0,0,0
547,47,0,0,0,0,0,0,0,0,0,0
548,54,0,0,0,0,0,0,0,0,0,0
549,31,0,0,0,0,0,0,0,0,0,0
550,2,0,0,0,0,0,0,0,0,0,0
551,30,32,0,0,0,0,0,0,0,0,0
552,51,1,0,0,0,0,0,0,0,0,0
553,2,0,0,0,0,0,0,0,0,0,0
554,31,0,0,0,0,0,0,0,0,0,0
555,47,0,0,0,0,0,0,0,0,0,0
556,54,0,0,0,0,0,0,0,0,0,0
557,2,0,0,0,0,0,0,0,0,0,0
558,2,0,0,0,0,0,0,0,0,0,0
559,47,0,0,0,0,0,0,0,0,0,0
560,54,0,0,0,0,0,0,0,0,0,0
561,31,0,0,0,0,0,0,0,0,0,0
562,2,0,0,0,0,0,0,0,0,0,0
563,30,32,0,0,0,0,0,0,0,0,0
564,51,1,0,0,0,0,0,0,0,0,0
565,2,0,0,0,0,0,0,0,0,0,0
566,31,0,0,0,0,0,0,0,0,0,0
567,47,0,0,0,0,0,0,0,0,0,0
568,54,0,0,0,0,0,0,0,0,0,0
569,2,0,0,0,0,0,0,0,0,0,0
570,47,0,0,0,0,0,0,0,0,0,0
571,54,0,0,0,0,0,0,0,0,0,0
572,30,32,0,0,0,0,0,0,0,0,0
573,13,32,0,0,0,0,0,0,0,0,0
574,23,32,0,0,0,0,0,0,0,0,0
575,31,0,0,0,0,0,0,0,0,0,0
576,2,0,0,0,0,0,0,0,0,0,0
577,47,0,0,0,0,0,0,0,0,0,0
578,54,0,0,0,0,0,0,0,0,0,0
579,31,0,0,0,0,0,0,0,0,0,0
580,2,0,0,0,0,0,0,0,0,0,0
581,30,32,0,0,0,0,0,0,0,0,0
582,30,32,0,0,0,0,0,0,0,0,0
583,51,1,0,0,0,0,0,0,0,0,0
584,2,0,0,0,0,0,0,0,0,0,0
585,31,0,0,0,0,0,0,0,0,0,0
586,47,0,0,0,0,0,0,0,0,0,0
587,54,0,0,0,0,0,0,0,0,0,0
588,2,0,0,0,0,0,0,0,0,0,0
589,47,0,0,0,0,0,0,0,0,0,0
590,54,0,0,0,0,0,0,0,0,0,0
591,30,0,0,0,0,0,0,0,0,0,0
592,30,32,0,0,0,0,0,0,0,0,0
593,30,32,0,0,0,0,0,0,0,0,0
594,13,32,0,0,0,0,0,0,0,0,0
595,23,32,0,0,0,0,0,0,0,0,0
596,38,64,0,0,0,0,0,0,0,0,0
597,32,0,0,0,0,0,0,0,0,0,0
598,30,32,0,0,0,0,0,0,0,0,0
599,31,0,0,0,0,0,0,0,0,0,0
600,47,0,0,0,0,0,0,0,0,0,0
601,54,0,0,0,0,0,0,0,0,0,0
602,30,0,0,0,0,0,0,0,0,0,0
603,30,32,0,0,0,0,0,0,0,0,0
604,30,32,0,0,0,0,0,0,0,0,0
605,13,32,0,0,0,0,0,0,0,0,0
606,23,32,0,0,0,0,0,0,0,0,0
607,38,64,0,0,0,0,0,0,0,0,0
608,32,0,0,0,0,0,0,0,0,0,0
609,30,32,0,0,0,0,0,0,0,0,0
610,31,0,0,0,0,0,0,0,0,0,0
611,47,0,0,0,0,0,0,0,0,0,0
612,54,0,0,0,0,0,0,0,0,0,0
613,30,32,0,0,0,0,0,0,0,0,0
614,30,32,0,0,0,0,0,0,0,0,0
615,11,32,0,0,0,0,0,0,0,0,0
616,31,0,0,0,0,0,0,0,0,0,0
617,47,0,0,0,0,0,0,0,0,0,0
618,54,0,0,0,0,0,0,0,0,0,0
619,30,0,0,0,0,0,0,0,0,0,0
620,30,32,0,0,0,0,0,0,0,0,0
621,15,32,0,0,0,0,0,0,0,0,0
622,30,32,0,0,0,0,0,0,0,0,0
623,11,32,0,0,0,0,0,0,0,0,0
624,38,64,0,0,0,0,0,0,0,0,0
625,32,0,0,0,0,0,0,0,0,0,0
626,30,32,0,0,0,0,0,0,0,0,0
627,30,32,0,0,0,0,0,0,0,0,0
628,16,32,0,0,0,0,0,0,0,0,0
629,30,0,0,0,0,0,0,0,0,0,0
630,30,32,0,0,0,0,0,0,0,0,0
631,15,32,0,0,0,0,0,0,0,0,0
632,30,32,0,0,0,0,0,0,0,0,0
633,11,32,0,0,0,0,0,0,0,0,0
634,38,64,0,0,0,0,0,0,0,0,0
635,32,0,0,0,0,0,0,0,0,0,0
636,30,32,0,0,0,0,0,0,0,0,0
637,30,32,0,0,0,0,0,0,0,0,0
638,16,32,0,0,0,0,0,0,0,0,0
639,14,32,0,0,0,0,0,0,0,0,0
640,31,0,0,0,0,0,0,0,0,0,0
641,47,0,0,0,0,0,0,0,0,0,0
642,54,0,0,0,0,0,0,0,0,0,0
643,30,0,0,0,0,0,0,0,0,0,0
644,30,32,0,0,0,0,0,0,0,0,0
645,15,32,0,0,0,0,0,0,0,0,0
646,30,32,0,0,0,0,0,0,0,0,0
647,11,32,0,0,0,0,0,0,0,0,0
648,38,64,0,0,0,0,0,0,0,0,0
649,32,0,0,0,0,0,0,0,0,0,0
650,30,32,0,0,0,0,0,0,0,0,0
651,30,32,0,0,0,0,0,0,0,0,0
652,16,32,0,0,0,0,0,0,0,0,0
653,30,0,0,0,0,0,0,0,0,0,0
654,30,32,0,0,0,0,0,0,0,0,0
655,15,32,0,0,0,0,0,0,0,0,0
656,30,32,0,0,0,0,0,0,0,0,0
657,11,32,0,0,0,0,0,0,0,0,0
658,38,64,0,0,0,0,0,0,0,0,0
659,32,0,0,0,0,0,0,0,0,0,0
660,30,32,0,0,0,0,0,0,0,0,0
661,30,32,0,0,0,0,0,0,0,0,0
662,16,32,0,0,0,0,0,0,0,0,0
663,12,32,0,0,0,0,0,0,0,0,0
664,31,0,0,0,0,0,0,0,0,0,0
665,30,0,0,0,0,0,0,0,0,0,0
666,30,32,0,0,0,0,0,0,0,0,0
667,15,32,0,0,0,0,0,0,0,0,0
668,30,32,0,0,0,0,0,0,0,0,0
669,11,32,0,0,0,0,0,0,0,0,0
670,38,64,0,0,0,0,0,0,0,0,0
671,32,0,0,0,0,0,0,0,0,0,0
672,30,32,0,0,0,0,0,0,0,0,0
673,30,32,0,0,0,0,0,0,0,0,0
674,14,32,0,0,0,0,0,0,0,0,0
675,30,0,0,0,0,0,0,0,0,0,0
676,30,32,0,0,0,0,0,0,0,0,0
677,15,32,0,0,0,0,0,0,0,0,0
678,30,32,0,0,0,0,0,0,0,0,0
679,11,32,0,0,0,0,0,0,0,0,0
680,38,64,0,0,0,0,0,0,0,0,0
681,32,0,0,0,0,0,0,0,0,0,0
682,31,0,0,0,0,0,0,0,0,0,0
683,30,0,0,0,0,0,0,0,0,0,0
684,30,32,0,0,0,0,0,0,0,0,0
685,15,32,0,0,0,0,0,0,0,0,0
686,30,32,0,0,0,0,0,0,0,0,0
687,11,32,0,0,0,0,0,0,0,0,0
688,38,64,0,0,0,0,0,0,0,0,0
689,32,0,0,0,0,0,0,0,0,0,0
690,30,32,0,0,0,0,0,0,0,0,0
691,30,32,0,0,0,0,0,0,0,0,0
692,14,32,0,0,0,0,0,0,0,0,0
693,30,0,0,0,0,0,0,0,0,0,0
694,30,32,0,0,0,0,0,0,0,0,0
695,15,32,0,0,0,0,0,0,0,0,0
696,30,32,0,0,0,0,0,0,0,0,0
697,11,32,0,0,0,0,0,0,0,0,0
698,38,64,0,0,0,0,0,0,0,0,0
699,32,0,0,0,0,0,0,0,0,0,0
700,31,0,0,0,0,0,0,0,0,0,0
701,30,0,0,0,0,0,0,0,0,0,0
702,30,32,0,0,0,0,0,0,0,0,0
703,15,32,0,0,0,0,0,0,0,0,0
704,30,32,0,0,0,0,0,0,0,0,0
705,11,32,0,0,0,0,0,0,0,0,0
706,38,64,0,0,0,0,0,0,0,0,0
707,32,0,0,0,0,0,0,0,0,0,0
708,30,32,0,0,0,0,0,0,0,0,0
709,30,32,0,0,0,0,0,0,0,0,0
710,12,32,0,0,0,0,0,0,0,0,0
711,30,0,0,0,0,0,0,0,0,0,0
712,30,32,0,0,0,0,0,0,0,0,0
713,15,32,0,0,0,0,0,0,0,0,0
714,30,32,0,0,0,0,0,0,0,0,0
715,11,32,0,0,0,0,0,0,0,0,0
716,38,64,0,0,0,0,0,0,0,0,0
717,32,0,0,0,0,0,0,0,0,0,0
718,31,0,0,0,0,0,0,0,0,0,0
719,30,0,0,0,0,0,0,0,0,0,0
720,30,32,0,0,0,0,0,0,0,0,0
721,15,32,0,0,0,0,0,0,0,0,0
722,30,32,0,0,0,0,0,0,0,0,0
723,11,32,0,0,0,0,0,0,0,0,0
724,38,64,0,0,0,0,0,0,0,0,0
725,32,0,0,0,0,0,0,0,0,0,0
726,30,32,0,0,0,0,0,0,0,0,0
727,30,32,0,0,0,0,0,0,0,0,0
728,12,32,0,0,0,0,0,0,0,0,0
729,30,0,0,0,0,0,0,0,0,0,0
730,30,32,0,0,0,0,0,0,0,0,0
731,15,32,0,0,0,0,0,0,0,0,0
732,30,32,0,0,0,0,0,0,0,0,0
733,11,32,0,0,0,0,0,0,0,0,0
734,38,64,0,0,0,0,0,0,0,0,0
735,32,0,0,0,0,0,0,0,0,0,0
736,31,0,0,0,0,0,0,0,0,0,0
737,47,0,0,0,0,0,0,0,0,0,0
738,54,0,0,0,0,0,0,0,0,0,0
739,47,0,0,0,0,0,0,0,0,0,0
740,54,0,0,0,0,0,0,0,0,0,0
741,47,0,0,0,0,0,0,0,0,0,0
742,54,0,0,0,0,0,0,0,0,0,0
743,47,0,0,0,0,0,0,0,0,0,0
744,54,0,0,0,0,0,0,0,0,0,0
745,47,0,0,0,0,0,0,0,0,0,0
746,54,0,0,0,0,0,0,0,0,0,0
747,2,0,0,0,0,0,0,0,0,0,0
748,30,32,0,0,0,0,0,0,0,0,0
749,11,32,0,0,0,0,0,0,0,0,0
750,31,0,0,0,0,0,0,0,0,0,0
751,2,0,0,0,0,0,0,0,0,0,0
752,47,0,0,0,0,0,0,0,0,0,0
753,54,0,0,0,0,0,0,0,0,0,0
754,2,0,0,0,0,0,0,0,0,0,0
755,30,32,0,0,0,0,0,0,0,0,0
756,11,32,0,0,0,0,0,0,0,0,0
757,31,0,0,0,0,0,0,0,0,0,0
758,2,0,0,0,0,0,0,0,0,0,0
759,2,0,0,0,0,0,0,0,0,0,0
760,30,32,0,0,0,0,0,0,0,0,0
761,11,32,0,0,0,0,0,0,0,0,0
762,31,0,0,0,0,0,0,0,0,0,0
763,2,0,0,0,0,0,0,0,0,0,0
764,2,0,0,0,0,0,0,0,0,0,0
765,47,0,0,0,0,0,0,0,0,0,0
766,54,0,0,0,0,0,0,0,0,0,0
767,31,0,0,0,0,0,0,0,0,0,0
768,2,0,0,0,0,0,0,0,0,0,0
769,30,32,0,0,0,0,0,0,0,0,0
770,51,1,0,0,0,0,0,0,0,0,0
771,2,0,0,0,0,0,0,0,0,0,0
772,31,0,0,0,0,0,0,0,0,0,0
773,47,0,0,0,0,0,0,0,0,0,0
774,54,0,0,0,0,0,0,0,0,0,0
775,2,0,0,0,0,0,0,0,0,0,0
776,2,0,0,0,0,0,0,0,0,0,0
777,47,0,0,0,0,0,0,0,0,0,0
778,54,0,0,0,0,0,0,0,0,0,0
779,31,0,0,0,0,0,0,0,0,0,0
780,2,0,0,0,0,0,0,0,0,0,0
781,30,32,0,0,0,0,0,0,0,0,0
782,51,1,0,0,0,0,0,0,0,0,0
783,2,0,0,0,0,0,0,0,0,0,0
784,31,0,0,0,0,0,0,0,0,0,0
785,47,0,0,0,0,0,0,0,0,0,0
786,54,0,0,0,0,0,0,0,0,0,0
787,2,0,0,0,0,0,0,0,0,0,0
788,47,0,0,0,0,0,0,0,0,0,0
789,54,0,0,0,0,0,0,0,0,0,0
790,30,32,0,0,0,0,0,0,0,0,0
791,13,32,0,0,0,0,0,0,0,0,0
792,23,32,0,0,0,0,0,0,0,0,0
793,31,0,0,0,0,0,0,0,0,0,0
794,2,0,0,0,0,0,0,0,0,0,0
795,47,0,0,0,0,0,0,0,0,0,0
796,54,0,0,0,0,0,0,0,0,0,0
797,31,0,0,0,0,0,0,0,0,0,0
798,2,0,0,0,0,0,0,0,0,0,0
799,30,32,0,0,0,0,0,0,0,0,0
800,30,32,0,0,0,0,0,0,0,0,0
801,51,1,0,0,0,0,0,0,0,0,0
802,2,0,0,0,0,0,0,0,0,0,0
803,31,0,0,0,0,0,0,0,0,0,0
804,47,0,0,0,0,0,0,0,0,0,0
805,54,0,0,0,0,0,0,0,0,0,0
806,2,0,0,0,0,0,0,0,0,0,0
807,47,0,0,0,0,0,0,0,0,0,0
808,54,0,0,0,0,0,0,0,0,0,0
809,30,0,0,0,0,0,0,0,0,0,0
810,30,32,0,0,0,0,0,0,0,0,0
811,30,32,0,0,0,0,0,0,0,0,0
812,13,32,0,0,0,0,0,0,0,0,0
813,23,32,0,0,0,0,0,0,0,0,0
814,38,64,0,0,0,0,0,0,0,0,0
815,32,0,0,0,0,0,0,0,0,0,0
816,30,32,0,0,0,0,0,0,0,0,0
817,31,0,0,0,0,0,0,0,0,0,0
818,47,0,0,0,0,0,0,0,0,0,0
819,54,0,0,0,0,0,0,0,0,0,0
820,30,0,0,0,0,0,0,0,0,0,0
821,30,32,0,0,0,0,0,0,0,0,0
822,30,32,0,0,0,0,0,0,0,0,0
823,13,32,0,0,0,0,0,0,0,0,0
824,23,32,0,0,0,0,0,0,0,0,0
825,38,64,0,0,0,0,0,0,0,0,0
826,32,0,0,0,0,0,0,0,0,0,0
827,30,32,0,0,0,0,0,0,0,0,0
828,31,0,0,0,0,0,0,0,0,0,0
829,47,0,0,0,0,0,0,0,0,0,0
830,54,0,0,0,0,0,0,0,0,0,0
831,30,32,0,0,0,0,0,0,0,0,0
832,30,32,0,0,0,0,0,0,0,0,0
833,11,32,0,0,0,0,0,0,0,0,0
834,31,0,0,0,0,0,0,0,0,0,0
835,47,0,0,0,0,0,0,0,0,0,0
836,54,0,0,0,0,0,0,0,0,0,0
837,30,0,0,0,0,0,0,0,0,0,0
838,30,32,0,0,0,0,0,0,0,0,0
839,15,32,0,0,0,0,0,0,0,0,0
840,30,32,0,0,0,0,0,0,0,0,0
841,11,32,0,0,0,0,0,0,0,0,0
842,38,64,0,0,0,0,0,0,0,0,0
843,32,0,0,0,0,0,0,0,0,0,0
844,30,32,0,0,0,0,0,0,0,0,0
845,30,32,0,0,0,0,0,0,0,0,0
846,16,32,0,0,0,0,0,0,0,0,0
847,30,0,0,0,0,0,0,0,0,0,0
848,30,32,0,0,0,0,0,0,0,0,0
849,15,32,0,0,0,0,0,0,0,0,0
850,30,32,0,0,0,0,0,0,0,0,0
851,11,32,0,0,0,0,0,0,0,0,0
852,38,64,0,0,0,0,0,0,0,0,0
853,32,0,0,0,0,0,0,0,0,0,0
854,30,32,0,0,0,0,0,0,0,0,0
855,30,32,0,0,0,0,0,0,0,0,0
856,16,32,0,0,0,0,0,0,0,0,0
857,14,32,0,0,0,0,0,0,0,0,0
858,31,0,0,0,0,0,0,0,0,0,0
859,47,0,0,0,0,0,0,0,0,0,0
860,54,0,0,0,0,0,0,0,0,0,0
861,30,0,0,0,0,0,0,0,0,0,0
862,30,32,0,0,0,0,0,0,0,0,0
863,15,32,0,0,0,0,0,0,0,0,0
864,30,32,0,0,0,0,0,0,0,0,0
865,11,32,0,0,0,0,0,0,0,0,0
866,38,64,0,0,0,0,0,0,0,0,0
867,32,0,0,0,0,0,0,0,0,0,0
868,30,32,0,0,0,0,0,0,0,0,0
869,30,32,0,0,0,0,0,0,0,0,0
870,16,32,0,0,0,0,0,0,0,0,0
871,30,0,0,0,0,0,0,0,0,0,0
872,30,32,0,0,0,0,0,0,0,0,0
873,15,32,0,0,0,0,0,0,0,0,0
874,30,32,0,0,0,0,0,0,0,0,0
875,11,32,0,0,0,0,0,0,0,0,0
876,38,64,0,0,0,0,0,0,0,0,0
877,32,0,0,0,0,0,0,0,0,0,0
878,30,32,0,0,0,0,0,0,0,0,0
879,30,32,0,0,0,0,0,0,0,0,0
880,16,32,0,0,0,0,0,0,0,0,0
881,12,32,0,0,0,0,0,0,0,0,0
882,31,0,0,0,0,0,0,0,0,0,0
883,30,0,0,0,0,0,0,0,0,0,0
884,30,32,0,0,0,0,0,0,0,0,0
885,15,32,0,0,0,0,0,0,0,0,0
886,30,32,0,0,0,0,0,0,0,0,0
887,11,32,0,0,0,0,0,0,0,0,0
888,38,64,0,0,0,0,0,0,0,0,0
889,32,0,0,0,0,0,0,0,0,0,0
890,30,32,0,0,0,0,0,0,0,0,0
891,30,32,0,0,0,0,0,0,0,0,0
892,14,32,0,0,0,0,0,0,0,0,0
893,30,0,0,0,0,0,0,0,0,0,0
894,30,32,0,0,0,0,0,0,0,0,0
895,15,32,0,0,0,0,0,0,0,0,0
896,30,32,0,0,0,0,0,0,0,0,0
897,11,32,0,0,0,0,0,0,0,0,0
898,38,64,0,0,0,0,0,0,0,0,0
899,32,0,0,0,0,0,0,0,0,0,0
900,31,0,0,0,0,0,0,0,0,0,0
901,30,0,0,0,0,0,0,0,0,0,0
902,30,32,0,0,0,0,0,0,0,0,0
903,15,32,0,0,0,0,0,0,0,0,0
904,30,32,0,0,0,0,0,0,0,0,0
905,11,32,0,0,0,0,0,0,0,0,0
906,38,64,0,0,0,0,0,0,0,0,0
907,32,0,0,0,0,0,0,0,0,0,0
908,30,32,0,0,0,0,0,0,0,0,0
909,30,32,0,0,0,0,0,0,0,0,0
910,14,32,0,0,0,0,0,0,0,0,0
911,30,0,0,0,0,0,0,0,0,0,0
912,30,32,0,0,0,0,0,0,0,0,0
913,15,32,0,0,0,0,0,0,0,0,0
914,30,32,0,0,0,0,0,0,0,0,0
915,11,32,0,0,0,0,0,0,0,0,0
916,38,64,0,0,0,0,0,0,0,0,0
917,32,0,0,0,0,0,0,0,0,0,0
918,31,0,0,0,0,0,0,0,0,0,0
919,30,0,0,0,0,0,0,0,0,0,0
920,30,32,0,0,0,0,0,0,0,0,0
921,15,32,0,0,0,0,0,0,0,0,0
922,30,32,0,0,0,0,0,0,0,0,0
923,11,32,0,0,0,0,0,0,0,0,0
924,38,64,0,0,0,0,0,0,0,0,0
925,32,0,0,0,0,0,0,0,0,0,0
926,30,32,0,0,0,0,0,0,0,0,0
927,30,32,0,0,0,0,0,0,0,0,0
928,12,32,0,0,0,0,0,0,0,0,0
929,30,0,0,0,0,0,0,0,0,0,0
930,30,32,0,0,0,0,0,0,0,0,0
931,15,32,0,0,0,0,0,0,0,0,0
932,30,32,0,0,0,0,0,0,0,0,0
933,11,32,0,0,0,0,0,0,0,0,0
934,38,64,0,0,0,0,0,0,0,0,0
935,32,0,0,0,0,0,0,0,0,0,0
936,31,0,0,0,0,0,0,0,0,0,0
937,30,0,0,0,0,0,0,0,0,0,0
938,30,32,0,0,0,0,0,0,0,0,0
939,15,32,0,0,0,0,0,0,0,0,0
940,30,32,0,0,0,0,0,0,0,0,0
941,11,32,0,0,0,0,0,0,0,0,0
942,38,64,0,0,0,0,0,0,0,0,0
943,32,0,0,0,0,0,0,0,0,0,0
944,30,32,0,0,0,0,0,0,0,0,0
945,30,32,0,0,0,0,0,0,0,0,0
946,12,32,0,0,0,0,0,0,0,0,0
947,30,0,0,0,0,0,0,0,0,0,0
948,30,32,0,0,0,0,0,0,0,0,0
949,15,32,0,0,0,0,0,0,0,0,0
950,30,32,0,0,0,0,0,0,0,0,0
951,11,32,0,0,0,0,0,0,0,0,0
952,38,64,0,0,0,0,0,0,0,0,0
953,32,0,0,0,0,0,0,0,0,0,0
954,31,0,0,0,0,0,0,0,0,0,0
955,47,0,0,0,0,0,0,0,0,0,0
956,54,0,0,0,0,0,0,0,0,0,0
957,47,0,0,0,0,0,0,0,0,0,0
958,54,0,0,0,0,0,0,0,0,0,0
959,47,0,0,0,0,0,0,0,0,0,0
960,54,0,0,0,0,0,0,0,0,0,0
961,47,0,0,0,0,0,0,0,0,0,0
962,54,0,0,0,0,0,0,0,0,0,0
963,47,0,0,0,0,0,0,0,0,0,0
964,54,0,0,0,0,0,0,0,0,0,0
965,2,0,0,0,0,0,0,0,0,0,0
966,30,32,0,0,0,0,0,0,0,0,0
967,11,32,0,0,0,0,0,0,0,0,0
968,31,0,0,0,0,0,0,0,0,0,0
969,2,0,0,0,0,0,0,0,0,0,0
970,47,0,0,0,0,0,0,0,0,0,0
971,54,0,0,0,0,0,0,0,0,0,0
972,2,0,0,0,0,0,0,0,0,0,0
973,30,32,0,0,0,0,0,0,0,0,0
974,11,32,0,0,0,0,0,0,0,0,0
975,31,0,0,0,0,0,0,0,0,0,0
976,2,0,0,0,0,0,0,0,0,0,0
977,2,0,0,0,0,0,0,0,0,0,0
978,30,32,0,0,0,0,0,0,0,0,0
979,11,32,0,0,0,0,0,0,0,0,0
980,31,0,0,0,0,0,0,0,0,0,0
981,2,0,0,0,0,0,0,0,0,0,0
982,2,0,0,0,0,0,0,0,0,0,0
983,47,0,0,0,0,0,0,0,0,0,0
984,54,0,0,0,0,0,0,0,0,0,0
985,31,0,0,0,0,0,0,0,0,0,0
986,2,0,0,0,0,0,0,0,0,0,0
987,30,32,0,0,0,0,0,0,0,0,0
988,51,1,0,0,0,0,0,0,0,0,0
989,2,0,0,0,0,0,0,0,0,0,0
990,31,0,0,0,0,0,0,0,0,0,0
991,47,0,0,0,0,0,0,0,0,0,0
992,54,0,0,0,0,0,0,0,0,0,0
993,2,0,0,0,0,0,0,0,0,0,0
994,2,0,0,0,0,0,0,0,0,0,0
995,47,0,0,0,0,0,0,0,0,0,0
996,54,0,0,0,0,0,0,0,0,0,0
997,31,0,0,0,0,0,0,0,0,0,0
998,2,0,0,0,0,0,0,0,0,0,0
999,30,32,0,0,0,0,0,0,0,0,0
1000,51,1,0,0,0,0,0,0,0,0,0
1001,2,0,0,0,0,0,0,0,0,0,0
1002,31,0,0,0,0,0,0,0,0,0,0
1003,47,0,0,0,0,0,0,0,0,0,0
1004,54,0,0,0,0,0,0,0,0,0,0
1005,2,0,0,0,0,0,0,0,0,0,0
1006,47,0,0,0,0,0,0,0,0,0,0
1007,54,0,0,0,0,0,0,0,0,0,0
1008,30,32,0,0,0,0,0,0,0,0,0
1009,13,32,0,0,0,0,0,0,0,0,0
1010,23,32,0,0,0,0,0,0,0,0,0
1011,31,0,0,0,0,0,0,0,0,0,0
1012,2,0,0,0,0,0,0,0,0,0,0
1013,47,0,0,0,0,0,0,0,0,0,0
1014,54,0,0,0,0,0,0,0,0,0,0
1015,31,0,0,0,0,0,0,0,0,0,0
1016,2,0,0,0,0,0,0,0,0,0,0
1017,30,32,0,0,0,0,0,0,0,0,0
1018,30,32,0,0,0,0,0,0,0,0,0
1019,51,1,0,0,0,0,0,0,0,0,0
1020,2,0,0,0,0,0,0,0,0,0,0
1021,31,0,0,0,0,0,0,0,0,0,0
1022,47,0,0,0,0,0,0,0,0,0,0
1023,54,0,0,0,0,0,0,0,0,0,0
1024,2,0,0,0,0,0,0,0,0,0,0
1025,47,0,0,0,0,0,0,0,0,0,0
1026,54,0,0,0,0,0,0,0,0,0,0
1027,30,0,0,0,0,0,0,0,0,0,0
1028,30,32,0,0,0,0,0,0,0,0,0
1029,30,32,0,0,0,0,0,0,0,0,0
1030,13,32,0,0,0,0,0,0,0,0,0
1031,23,32,0,0,0,0,0,0,0,0,0
1032,38,64,0,0,0,0,0,0,0,0,0
1033,32,0,0,0,0,0,0,0,0,0,0
1034,30,32,0,0,0,0,0,0,0,0,0
1035,31,0,0,0,0,0,0,0,0,0,0
1036,47,0,0,0,0,0,0,0,0,0,0
1037,54,0,0,0,0,0,0,0,0,0,0
1038,30,0,0,0,0,0,0,0,0,0,0
1039,30,32,0,0,0,0,0,0,0,0,0
1040,30,32,0,0,0,0,0,0,0,0,0
1041,13,32,0,0,0,0,0,0,0,0,0
1042,23,32,0,0,0,0,0,0,0,0,0
1043,38,64,0,0,0,0,0,0,0,0,0
1044,32,0,0,0,0,0,0,0,0,0,0
1045,30,32,0,0,0,0,0,0,0,0,0
1046,31,0,0,0,0,0,0,0,0,0,0
1047,47,0,0,0,0,0,0,0,0,0,0
1048,54,0,0,0,0,0,0,0,0,0,0
1049,30,32,0,0,0,0,0,0,0,0,0
1050,30,32,0,0,0,0,0,0,0,0,0
1051,11,32,0,0,0,0,0,0,0,0,0
1052,31,0,0,0,0,0,0,0,0,0,0
1053,47,0,0,0,0,0,0,0,0,0,0
1054,54,0,0,0,0,0,0,0,0,0,0
1055,30,0,0,0,0,0,0,0,0,0,0
1056,30,32,0,0,0,0,0,0,0,0,0
1057,15,32,0,0,0,0,0,0,0,0,0
1058,30,32,0,0,0,0,0,0,0,0,0
1059,11,32,0,0,0,0,0,0,0,0,0
1060,38,64,0,0,0,0,0,0,0,0,0
1061,32,0,0,0,0,0,0,0,0,0,0
1062,30,32,0,0,0,0,0,0,0,0,0
1063,30,32,0,0,0,0,0,0,0,0,0
1064,16,32,0,0,0,0,0,0,0,0,0
1065,30,0,0,0,0,0,0,0,0,0,0
1066,30,32,0,0,0,0,0,0,0,0,0
1067,15,32,0,0,0,0,0,0,0,0,0
1068,30,32,0,0,0,0,0,0,0,0,0
1069,11,32,0,0,0,0,0,0,0,0,0
1070,38,64,0,0,0,0,0,0,0,0,0
1071,32,0,0,0,0,0,0,0,0,0,0
1072,30,32,0,0,0,0,0,0,0,0,0
1073,30,32,0,0,0,0,0,0,0,0,0
1074,16,32,0,0,0,0,0,0,0,0,0
1075,14,32,0,0,0,0,0,0,0,0,0
1076,31,0,0,0,0,0,0,0,0,0,0
1077,47,0,0,0,0,0,0,0,0,0,0
1078,54,0,0,0,0,0,0,0,0,0,0
1079,30,0,0,0,0,0,0,0,0,0,0
1080,30,32,0,0,0,0,0,0,0,0,0
1081,15,32,0,0,0,0,0,0,0,0,0
1082,30,32,0,0,0,0,0,0,0,0,0
1083,11,32,0,0,0,0,0,0,0,0,0
1084,38,64,0,0,0,0,0,0,0,0,0
1085,32,0,0,0,0,0,0,0,0,0,0
1086,30,32,0,0,0,0,0,0,0,0,0
1087,30,32,0,0,0,0,0,0,0,0,0
1088,16,32,0,0,0,0,0,0,0,0,0
1089,30,0,0,0,0,0,0,0,0,0,0
1090,30,32,0,0,0,0,0,0,0,0,0
1091,15,32,0,0,0,0,0,0,0,0,0
1092,30,32,0,0,0,0,0,0,0,0,0
1093,11,32,0,0,0,0,0,0,0,0,0
1094,38,64,0,0,0,0,0,0,0,0,0
1095,32,0,0,0,0,0,0,0,0,0,0
1096,30,32,0,0,0,0,0,0,0,0,0
1097,30,32,0,0,0,0,0,0,0,0,0
1098,16,32,0,0,0,0,0,0,0,0,0
1099,12,32,0,0,0,0,0,0,0,0,0
1100,31,0,0,0,0,0,0,0,0,0,0
1101,30,0,0,0,0,0,0,0,0,0,0
1102,30,32,0,0,0,0,0,0,0,0,0
1103,15,32,0,0,0,0,0,0,0,0,0
1104,30,32,0,0,0,0,0,0,0,0,0
1105,11,32,0,0,0,0,0,0,0,0,0
1106,38,64,0,0,0,0,0,0,0,0,0
1107,32,0,0,0,0,0,0,0,0,0,0
1108,30,32,0,0,0,0,0,0,0,0,0
1109,30,32,0,0,0,0,0,0,0,0,0
1110,14,32,0,0,0,0,0,0,0,0,0
1111,30,0,0,0,0,0,0,0,0,0,0
1112,30,32,0,0,0,0,0,0,0,0,0
1113,15,32,0,0,0,0,0,0,0,0,0
1114,30,32,0,0,0,0,0,0,0,0,0
1115,11,32,0,0,0,0,0,0,0,0,0
1116,38,64,0,0,0,0,0,0,0,0,0
1117,32,0,0,0,0,0,0,0,0,0,0
1118,31,0,0,0,0,0,0,0,0,0,0
1119,30,0,0,0,0,0,0,0,0,0,0
1120,30,32,0,0,0,0,0,0,0,0,0
1121,15,32,0,0,0,0,0,0,0,0,0
1122,30,32,0,0,0,0,0,0,0,0,0
1123,11,32,0,0,0,0,0,0,0,0,0
1124,38,64,0,0,0,0,0,0,0,0,0
1125,32,0,0,0,0,0,0,0,0,0,0
1126,30,32,0,0,0,0,0,0,0,0,0
1127,30,32,0,0,0,0,0,0,0,0,0
1128,14,32,0,0,0,0,0,0,0,0,0
1129,30,0,0,0,0,0,0,0,0,0,0
1130,30,32,0,0,0,0,0,0,0,0,0
1131,15,32,0,0,0,0,0,0,0,0,0
1132,30,32,0,0,0,0,0,0,0,0,0
1133,11,32,0,0,0,0,0,0,0,0,0
1134,38,64,0,0,0,0,0,0,0,0,0
1135,32,0,0,0,0,0,0,0,0,0,0
1136,31,0,0,0,0,0,0,0,0,0,0
1137,30,0,0,0,0,0,0,0,0,0,0
1138,30,32,0,0,0,0,0,0,0,0,0
1139,15,32,0,0,0,0,0,0,0,0,0
1140,30,32,0,0,0,0,0,0,0,0,0
1141,11,32,0,0,0,0,0,0,0,0,0
1142,38,64,0,0,0,0,0,0,0,0,0
1143,32,0,0,0,0,0,0,0,0,0,0
1144,30,32,0,0,0,0,0,0,0,0,0
1145,30,32,0,0,0,0,0,0,0,0,0
1146,12,32,0,0,0,0,0,0,0,0,0
1147,30,0,0,0,0,0,0,0,0,0,0
1148,30,32,0,0,0,0,0,0,0,0,0
1149,15,32,0,0,0,0,0,0,0,0,0
1150,30,32,0,0,0,0,0,0,0,0,0
1151,11,32,0,0,0,0,0,0,0,0,0
1152,38,64,0,0,0,0,0,0,0,0,0
1153,32,0,0,0,0,0,0,0,0,0,0
1154,31,0,0,0,0,0,0,0,0,0,0
1155,30,0,0,0,0,0,0,0,0,0,0
1156,30,32,0,0,0,0,0,0,0,0,0
1157,15,32,0,0,0,0,0,0,0,0,0
1158,30,32,0,0,0,0,0,0,0,0,0
1159,11,32,0,0,0,0,0,0,0,0,0
1160,38,64,0,0,0,0,0,0,0,0,0
1161,32,0,0,0,0,0,0,0,0,0,0
1162,30,32,0,0,0,0,0,0,0,0,0
1163,30,32,0,0,0,0,0,0,0,0,0
1164,12,32,0,0,0,0,0,0,0,0,0
1165,30,0,0,0,0,0,0,0,0,0,0
1166,30,32,0,0,0,0,0,0,0,0,0
1167,15,32,0,0,0,0,0,0,0,0,0
1168,30,32,0,0,0,0,0,0,0,0,0
1169,11,32,0,0,0,0,0,0,0,0,0
1170,38,64,0,0,0,0,0,0,0,0,0
1171,32,0,0,0,0,0,0,0,0,0,0
1172,31,0,0,0,0,0,0,0,0,0,0
1173,47,0,0,0,0,0,0,0,0,0,0
1174,54,0,0,0,0,0,0,0,0,0,0
1175,47,0,0,0,0,0,0,0,0,0,0
1176,54,0,0,0,0,0,0,0,0,0,0
1177,47,0,0,0,0,0,0,0,0,0,0
1178,54,0,0,0,0,0,0,0,0,0,0
1179,47,0,0,0,0,0,0,0,0,0,0
1180,54,0,0,0,0,0,0,0,0,0,0
1181,47,0,0,0,0,0,0,0,0,0,0
1182,54,0,0,0,0,0,0,0,0,0,0
1183,2,0,0,0,0,0,0,0,0,0,0
1184,30,32,0,0,0,0,0,0,0,0,0
1185,11,32,0,0,0,0,0,0,0,0,0
1186,31,0,0,0,0,0,0,0,0,0,0
1187,2,0,0,0,0,0,0,0,0,0,0
1188,47,0,0,0,0,0,0,0,0,0,0
1189,54,0,0,0,0,0,0,0,0,0,0
1190,2,0,0,0,0,0,0,0,0,0,0
1191,30,32,0,0,0,0,0,0,0,0,0
1192,11,32,0,0,0,0,0,0,0,0,0
1193,31,0,0,0,0,0,0,0,0,0,0
1194,2,0,0,0,0,0,0,0,0,0,0
1195,2,0,0,0,0,0,0,0,0,0,0
1196,30,32,0,0,0,0,0,0,0,0,0
1197,11,32,0,0,0,0,0,0,0,0,0
1198,31,0,0,0,0,0,0,0,0,0,0
1199,2,0,0,0,0,0,0,0,0,0,0
1200,2,0,0,0,0,0,0,0,0,0,0
1201,47,0,0,0,0,0,0,0,0,0,0
1202,54,0,0,0,0,0,0,0,0,0,0
1203,31,0,0,0,0,0,0,0,0,0,0
1204,2,0,0,0,0,0,0,0,0,0,0
1205,30,32,0,0,0,0,0,0,0,0,0
1206,51,1,0,0,0,0,0,0,0,0,0
1207,2,0,0,0,0,0,0,0,0,0,0
1208,31,0,0,0,0,0,0,0,0,0,0
1209,47,0,0,0,0,0,0,0,0,0,0
1210,54,0,0,0,0,0,0,0,0,0,0
1211,2,0,0,0,0,0,0,0,0,0,0
1212,2,0,0,0,0,0,0,0,0,0,0
1213,47,0,0,0,0,0,0,0,0,0,0
1214,54,0,0,0,0,0,0,0,0,0,0
1215,31,0,0,0,0,0,0,0,0,0,0
1216,2,0,0,0,0,0,0,0,0,0,0
1217,30,32,0,0,0,0,0,0,0,0,0
1218,51,1,0,0,0,0,0,0,0,0,0
1219,2,0,0,0,0,0,0,0,0,0,0
1220,31,0,0,0,0,0,0,0,0,0,0
1221,47,0,0,0,0,0,0,0,0,0,0
1222,54,0,0,0,0,0,0,0,0,0,0
1223,2,0,0,0,0,0,0,0,0,0,0
1224,47,0,0,0,0,0,0,0,0,0,0
1225,54,0,0,0,0,0,0,0,0,0,0
1226,30,32,0,0,0,0,0,0,0,0,0
1227,13,32,0,0,0,0,0,0,0,0,0
1228,23,32,0,0,0,0,0,0,0,0,0
1229,31,0,0,0,0,0,0,0,0,0,0
1230,2,0,0,0,0,0,0,0,0,0,0
1231,47,0,0,0,0,0,0,0,0,0,0
1232,54,0,0,0,0,0,0,0,0,0,0
1233,31,0,0,0,0,0,0,0,0,0,0
1234,2,0,0,0,0,0,0,0,0,0,0
1235,30,32,0,0,0,0,0,0,0,0,0
1236,30,32,0,0,0,0,0,0,0,0,0
1237,51,1,0,0,0,0,0,0,0,0,0
1238,2,0,0,0,0,0,0,0,0,0,0
1239,31,0,0,0,0,0,0,0,0,0,0
1240,47,0,0,0,0,0,0,0,0,0,0
1241,54,0,0,0,0,0,0,0,0,0,0
1242,2,0,0,0,0,0,0,0,0,0,0
1243,47,0,0,0,0,0,0,0,0,0,0
1244,54,0,0,0,0,0,0,0,0,0,0
1245,30,0,0,0,0,0,0,0,0,0,0
1246,30,32,0,0,0,0,0,0,0,0,0
1247,30,32,0,0,0,0,0,0,0,0,0
1248,13,32,0,0,0,0,0,0,0,0,0
1249,23,32,0,0,0,0,0,0,0,0,0
1250,38,64,0,0,0,0,0,0,0,0,0
1251,32,0,0,0,0,0,0,0,0,0,0
1252,30,32,0,0,0,0,0,0,0,0,0
1253,31,0,0,0,0,0,0,0,0,0,0
1254,47,0,0,0,0,0,0,0,0,0,0
1255,54,0,0,0,0,0,0,0,0,0,0
1256,30,0,0,0,0,0,0,0,0,0,0
1257,30,32,0,0,0,0,0,0,0,0,0
1258,30,32,0,0,0,0,0,0,0,0,0
1259,13,32,0,0,0,0,0,0,0,0,0
1260,23,32,0,0,0,0,0,0,0,0,0
1261,38,64,0,0,0,0,0,0,0,0,0
1262,32,0,0,0,0,0,0,0,0,0,0
1263,30,32,0,0,0,0,0,0,0,0,0
1264,31,0,0,0,0,0,0,0,0,0,0
1265,47,0,0,0,0,0,0,0,0,0,0
1266,54,0,0,0,0,0,0,0,0,0,0
1267,30,32,0,0,0,0,0,0,0,0,0
1268,30,32,0,0,0,0,0,0,0,0,0
1269,11,32,0,0,0,0,0,0,0,0,0
1270,31,0,0,0,0,0,0,0,0,0,0
1271,47,0,0,0,0,0,0,0,0,0,0
1272,54,0,0,0,0,0,0,0,0,0,0
1273,30,0,0,0,0,0,0,0,0,0,0
1274,30,32,0,0,0,0,0,0,0,0,0
1275,15,32,0,0,0,0,0,0,0,0,0
1276,30,32,0,0,0,0,0,0,0,0,0
1277,11,32,0,0,0,0,0,0,0,0,0
1278,38,64,0,0,0,0,0,0,0,0,0
1279,32,0,0,0,0,0,0,0,0,0,0
1280,30,32,0,0,0,0,0,0,0,0,0
1281,30,32,0,0,0,0,0,0,0,0,0
1282,16,32,0,0,0,0,0,0,0,0,0
1283,30,0,0,0,0,0,0,0,0,0,0
1284,30,32,0,0,0,0,0,0,0,0,0
1285,15,32,0,0,0,0,0,0,0,0,0
1286,30,32,0,0,0,0,0,0,0,0,0
1287,11,32,0,0,0,0,0,0,0,0,0
1288,38,64,0,0,0,0,0,0,0,0,0
1289,32,0,0,0,0,0,0,0,0,0,0
1290,30,32,0,0,0,0,0,0,0,0,0
1291,30,32,0,0,0,0,0,0,0,0,0
1292,16,32,0,0,0,0,0,0,0,0,0
1293,14,32,0,0,0,0,0,0,0,0,0
1294,31,0,0,0,0,0,0,0,0,0,0
1295,47,0,0,0,0,0,0,0,0,0,0
1296,54,0,0,0,0,0,0,0,0,0,0
1297,30,0,0,0,0,0,0,0,0,0,0
1298,30,32,0,0,0,0,0,0,0,0,0
1299,15,32,0,0,0,0,0,0,0,0,0
1300,30,32,0,0,0,0,0,0,0,0,0
1301,11,32,0,0,0,0,0,0,0,0,0
1302,38,64,0,0,0,0,0,0,0,0,0
1303,32,0,0,0,0,0,0,0,0,0,0
1304,30,32,0,0,0,0,0,0,0,0,0
1305,30,32,0,0,0,0,0,0,0,0,0
1306,16,32,0,0,0,0,0,0,0,0,0
1307,30,0,0,0,0,0,0,0,0,0,0
1308,30,32,0,0,0,0,0,0,0,0,0
1309,15,32,0,0,0,0,0,0,0,0,0
1310,30,32,0,0,0,0,0,0,0,0,0
1311,11,32,0,0,0,0,0,0,0,0,0
1312,38,64,0,0,0,0,0,0,0,0,0
1313,32,0,0,0,0,0,0,0,0,0,0
1314,30,32,0,0,0,0,0,0,0,0,0
1315,30,32,0,0,0,0,0,0,0,0,0
1316,16,32,0,0,0,0,0,0,0,0,0
1317,12,32,0,0,0,0,0,0,0,0,0
1318,31,0,0,0,0,0,0,0,0,0,0
1319,30,0,0,0,0,0,0,0,0,0,0
1320,30,32,0,0,0,0,0,0,0,0,0
1321,15,32,0,0,0,0,0,0,0,0,0
1322,30,32,0,0,0,0,0,0,0,0,0
1323,11,32,0,0,0,0,0,0,0,0,0
1324,38,64,0,0,0,0,0,0,0,0,0
1325,32,0,0,0,0,0,0,0,0,0,0
1326,30,32,0,0,0,0,0,0,0,0,0
1327,30,32,0,0,0,0,0,0,0,0,0
1328,14,32,0,0,0,0,0,0,0,0,0
1329,30,0,0,0,0,0,0,0,0,0,0
1330,30,32,0,0,0,0,0,0,0,0,0
1331,15,32,0,0,0,0,0,0,0,0,0
1332,30,32,0,0,0,0,0,0,0,0,0
1333,11,32,0,0,0,0,0,0,0,0,0
1334,38,64,0,0,0,0,0,0,0,0,0
1335,32,0,0,0,0,0,0,0,0,0,0
1336,31,0,0,0,0,0,0,0,0,0,0
1337,30,0,0,0,0,0,0,0,0,0,0
1338,30,32,0,0,0,0,0,0,0,0,0
1339,15,32,0,0,0,0,0,0,0,0,0
1340,30,32,0,0,0,0,0,0,0,0,0
1341,11,32,0,0,0,0,0,0,0,0,0
1342,38,64,0,0,0,0,0,0,0,0,0
1343,32,0,0,0,0,0,0,0,0,0,0
1344,30,32,0,0,0,0,0,0,0,0,0
1345,30,32,0,0,0,0,0,0,0,0,0
1346,14,32,0,0,0,0,0,0,0,0,0
1347,30,0,0,0,0,0,0,0,0,0,0
1348,30,32,0,0,0,0,0,0,0,0,0
1349,15,32,0,0,0,0,0,0,0,0,0
1350,30,32,0,0,0,0,0,0,0,0,0
1351,11,32,0,0,0,0,0,0,0,0,0
1352,38,64,0,0,0,0,0,0,0,0,0
1353,32,0,0,0,0,0,0,0,0,0,0
1354,31,0,0,0,0,0,0,0,0,0,0
1355,30,0,0,0,0,0,0,0,0,0,0
1356,30,32,0,0,0,0,0,0,0,0,0
1357,15,32,0,0,0,0,0,0,0,0,0
1358,30,32,0,0,0,0,0,0,0,0,0
1359,11,32,0,0,0,0,0,0,0,0,0
1360,38,64,0,0,0,0,0,0,0,0,0
1361,32,0,0,0,0,0,0,0,0,0,0
1362,30,32,0,0,0,0,0,0,0,0,0
1363,30,32,0,0,0,0,0,0,0,0,0
1364,12,32,0,0,0,0,0,0,0,0,0
1365,30,0,0,0,0,0,0,0,0,0,0
1366,30,32,0,0,0,0,0,0,0,0,0
1367,15,32,0,0,0,0,0,0,0,0,0
1368,30,32,0,0,0,0,0,0,0,0,0
1369,11,32,0,0,0,0,0,0,0,0,0
1370,38,64,0,0,0,0,0,0,0,0,0
1371,32,0,0,0,0,0,0,0,0,0,0
1372,31,0,0,0,0,0,0,0,0,0,0
1373,30,0,0,0,0,0,0,0,0,0,0
1374,30,32,0,0,0,0,0,0,0,0,0
1375,15,32,0,0,0,0,0,0,0,0,0
1376,30,32,0,0,0,0,0,0,0,0,0
1377,11,32,0,0,0,0,0,0,0,0,0
1378,38,64,0,0,0,0,0,0,0,0,0
1379,32,0,0,0,0,0,0,0,0,0,0
1380,30,32,0,0,0,0,0,0,0,0,0
1381,30,32,0,0,0,0,0,0,0,0,0
1382,12,32,0,0,0,0,0,0,0,0,0
1383,30,0,0,0,0,0,0,0,0,0,0
1384,30,32,0,0,0,0,0,0,0,0,0
1385,15,32,0,0,0,0,0,0,0,0,0
1386,30,32,0,0,0,0,0,0,0,0,0
1387,11,32,0,0,0,0,0,0,0,0,0
1388,38,64,0,0,0,0,0,0,0,0,0
1389,32,0,0,0,0,0,0,0,0,0,0
1390,31,0,0,0,0,0,0,0,0,0,0
1391,47,0,0,0,0,0,0,0,0,0,0
1392,54,0,0,0,0,0,0,0,0,0,0
1393,47,0,0,0,0,0,0,0,0,0,0
1394,54,0,0,0,0,0,0,0,0,0,0
1395,47,0,0,0,0,0,0,0,0,0,0
1396,54,0,0,0,0,0,0,0,0,0,0
1397,47,0,0,0,0,0,0,0,0,0,0
1398,54,0,0,0,0,0,0,0,0,0,0
1399,47,0,0,0,0,0,0,0,0,0,0
1400,54,0,0,0,0,0,0,0,0,0,0
1401,2,0,0,0,0,0,0,0,0,0,0
1402,30,32,0,0,0,0,0,0,0,0,0
1403,11,32,0,0,0,0,0,0,0,0,0
1404,31,0,0,0,0,0,0,0,0,0,0
1405,2,0,0,0,0,0,0,0,0,0,0
1406,47,0,0,0,0,0,0,0,0,0,0
1407,54,0,0,0,0,0,0,0,0,0,0
1408,2,0,0,0,0,0,0,0,0,0,0
1409,30,32,0,0,0,0,0,0,0,0,0
1410,11,32,0,0,0,0,0,0,0,0,0
1411,31,0,0,0,0,0,0,0,0,0,0
1412,2,0,0,0,0,0,0,0,0,0,0
1413,2,0,0,0,0,0,0,0,0,0,0
1414,30,32,0,0,0,0,0,0,0,0,0
1415,11,32,0,0,0,0,0,0,0,0,0
1416,31,0,0,0,0,0,0,0,0,0,0
1417,2,0,0,0,0,0,0,0,0,0,0
1418,2,0,0,0,0,0,0,0,0,0,0
1419,47,0,0,0,0,0,0,0,0,0,0
1420,54,0,0,0,0,0,0,0,0,0,0
1421,31,0,0,0,0,0,0,0,0,0,0
1422,2,0,0,0,0,0,0,0,0,0,0
1423,30,32,0,0,0,0,0,0,0,0,0
1424,51,1,0,0,0,0,0,0,0,0,0
1425,2,0,0,0,0,0,0,0,0,0,0
1426,31,0,0,0,0,0,0,0,0,0,0
1427,47,0,0,0,0,0,0,0,0,0,0
1428,54,0,0,0,0,0,0,0,0,0,0
1429,2,0,0,0,0,0,0,0,0,0,0
1430,2,0,0,0,0,0,0,0,0,0,0
1431,47,0,0,0,0,0,0,0,0,0,0
1432,54,0,0,0,0,0,0,0,0,0,0
1433,31,0,0,0,0,0,0,0,0,0,0
1434,2,0,0,0,0,0,0,0,0,0,0
1435,30,32,0,0,0,0,0,0,0,0,0
1436,51,1,0,0,0,0,0,0,0,0,0
1437,2,0,0,0,0,0,0,0,0,0,0
1438,31,0,0,0,0,0,0,0,0,0,0
1439,47,0,0,0,0,0,0,0,0,0,0
1440,54,0,0,0,0,0,0,0,0,0,0
1441,2,0,0,0,0,0,0,0,0,0,0
1442,47,0,0,0,0,0,0,0,0,0,0
1443,54,0,0,0,0,0,0,0,0,0,0
1444,30,32,0,0,0,0,0,0,0,0,0
1445,13,32,0,0,0,0,0,0,0,0,0
1446,23,32,0,0,0,0,0,0,0,0,0
1447,31,0,0,0,0,0,0,0,0,0,0
1448,2,0,0,0,0,0,0,0,0,0,0
1449,47,0,0,0,0,0,0,0,0,0,0
1450,54,0,0,0,0,0,0,0,0,0,0
1451,31,0,0,0,0,0,0,0,0,0,0
1452,2,0,0,0,0,0,0,0,0,0,0
1453,30,32,0,0,0,0,0,0,0,0,0
1454,30,32,0,0,0,0,0,0,0,0,0
1455,51,1,0,0,0,0,0,0,0,0,0
1456,2,0,0,0,0,0,0,0,0,0,0
1457,31,0,0,0,0,0,0,0,0,0,0
1458,47,0,0,0,0,0,0,0,0,0,0
1459,54,0,0,0,0,0,0,0,0,0,0
1460,2,0,0,0,0,0,0,0,0,0,0
1461,47,0,0,0,0,0,0,0,0,0,0
1462,54,0,0,0,0,0,0,0,0,0,0
1463,30,0,0,0,0,0,0,0,0,0,0
1464,30,32,0,0,0,0,0,0,0,0,0
1465,30,32,0,0,0,0,0,0,0,0,0
1466,13,32,0,0,0,0,0,0,0,0,0
1467,23,32,0,0,0,0,0,0,0,0,0
1468,38,64,0,0,0,0,0,0,0,0,0
1469,32,0,0,0,0,0,0,0,0,0,0
1470,30,32,0,0,0,0,0,0,0,0,0
1471,31,0,0,0,0,0,0,0,0,0,0
1472,47,0,0,0,0,0,0,0,0,0,0
1473,54,0,0,0,0,0,0,0,0,0,0
1474,30,0,0,0,0,0,0,0,0,0,0
1475,30,32,0,0,0,0,0,0,0,0,0
1476,30,32,0,0,0,0,0,0,0,0,0
1477,13,32,0,0,0,0,0,0,0,0,0
1478,23,32,0,0,0,0,0,0,0,0,0
1479,38,64,0,0,0,0,0,0,0,0,0
1480,32,0,0,0,0,0,0,0,0,0,0
1481,30,32,0,0,0,0,0,0,0,0,0
1482,31,0,0,0,0,0,0,0,0,0,0
1483,47,0,0,0,0,0,0,0,0,0,0
1484,54,0,0,0,0,0,0,0,0,0,0
1485,30,32,0,0,0,0,0,0,0,0,0
1486,30,32,0,0,0,0,0,0,0,0,0
1487,11,32,0,0,0,0,0,0,0,0,0
1488,31,0,0,0,0,0,0,0,0,0,0
1489,47,0,0,0,0,0,0,0,0,0,0
1490,54,0,0,0,0,0,0,0,0,0,0
1491,30,0,0,0,0,0,0,0,0,0,0
1492,30,32,0,0,0,0,0,0,0,0,0
1493,15,32,0,0,0,0,0,0,0,0,0
1494,30,32,0,0,0,0,0,0,0,0,0
1495,11,32,0,0,0,0,0,0,0,0,0
1496,38,64,0,0,0,0,0,0,0,0,0
1497,32,0,0,0,0,0,0,0,0,0,0
1498,30,32,0,0,0,0,0,0,0,0,0
1499,30,32,0,0,0,0,0,0,0,0,0
1500,16,32,0,0,0,0,0,0,0,0,0
1501,30,0,0,0,0,0,0,0,0,0,0
1502,30,32,0,0,0,0,0,0,0,0,0
1503,15,32,0,0,0,0,0,0,0,0,0
1504,30,32,0,0,0,0,0,0,0,0,0
1505,11,32,0,0,0,0,0,0,0,0,0
1506,38,64,0,0,0,0,0,0,0,0,0
1507,32,0,0,0,0,0,0,0,0,0,0
1508,30,32,0,0,0,0,0,0,0,0,0
1509,30,32,0,0,0,0,0,0,0,0,0
1510,16,32,0,0,0,0,0,0,0,0,0
1511,14,32,0,0,0,0,0,0,0,0,0
1512,31,0,0,0,0,0,0,0,0,0,0
1513,47,0,0,0,0,0,0,0,0,0,0
1514,54,0,0,0,0,0,0,0,0,0,0
1515,30,0,0,0,0,0,0,0,0,0,0
1516,30,32,0,0,0,0,0,0,0,0,0
1517,15,32,0,0,0,0,0,0,0,0,0
1518,30,32,0,0,0,0,0,0,0,0,0
1519,11,32,0,0,0,0,0,0,0,0,0
1520,38,64,0,0,0,0,0,0,0,0,0
1521,32,0,0,0,0,0,0,0,0,0,0
1522,30,32,0,0,0,0,0,0,0,0,0
1523,30,32,0,0,0,0,0,0,0,0,0
1524,16,32,0,0,0,0,0,0,0,0,0
1525,30,0,0,0,0,0,0,0,0,0,0
1526,30,32,0,0,0,0,0,0,0,0,0
1527,15,32,0,0,0,0,0,0,0,0,0
1528,30,32,0,0,0,0,0,0,0,0,0
1529,11,32,0,0,0,0,0,0,0,0,0
1530,38,64,0,0,0,0,0,0,0,0,0
1531,32,0,0,0,0,0,0,0,0,0,0
1532,30,32,0,0,0,0,0,0,0,0,0
1533,30,32,0,0,0,0,0,0,0,0,0
1534,16,32,0,0,0,0,0,0,0,0,0
1535,12,32,0,0,0,0,0,0,0,0,0
1536,31,0,0,0,0,0,0,0,0,0,0
1537,30,0,0,0,0,0,0,0,0,0,0
1538,30,32,0,0,0,0,0,0,0,0,0
1539,15,32,0,0,0,0,0,0,0,0,0
1540,30,32,0,0,0,0,0,0,0,0,0
1541,11,32,0,0,0,0,0,0,0,0,0
1542,38,64,0,0,0,0,0,0,0,0,0
1543,32,0,0,0,0,0,0,0,0,0,0
1544,30,32,0,0,0,0,0,0,0,0,0
1545,30,32,0,0,0,0,0,0,0,0,0
1546,14,32,0,0,0,0,0,0,0,0,0
1547,30,0,0,0,0,0,0,0,0,0,0
1548,30,32,0,0,0,0,0,0,0,0,0
1549,15,32,0,0,0,0,0,0,0,0,0
1550,30,32,0,0,0,0,0,0,0,0,0
1551,11,32,0,0,0,0,0,0,0,0,0
1552,38,64,0,0,0,0,0,0,0,0,0
1553,32,0,0,0,0,0,0,0,0,0,0
1554,31,0,0,0,0,0,0,0,0,0,0
1555,30,0,0,0,0,0,0,0,0,0,0
1556,30,32,0,0,0,0,0,0,0,0,0
1557,15,32,0,0,0,0,0,0,0,0,0
1558,30,32,0,0,0,0,0,0,0,0,0
1559,11,32,0,0,0,0,0,0,0,0,0
1560,38,64,0,0,0,0,0,0,0,0,0
1561,32,0,0,0,0,0,0,0,0,0,0
1562,30,32,0,0,0,0,0,0,0,0,0
1563,30,32,0,0,0,0,0,0,0,0,0
1564,14,32,0,0,0,0,0,0,0,0,0
1565,30,0,0,0,0,0,0,0,0,0,0
1566,30,32,0,0,0,0,0,0,0,0,0
1567,15,32,0,0,0,0,0,0,0,0,0
1568,30,32,0,0,0,0,0,0,0,0,0
1569,11,32,0,0,0,0,0,0,0,0,0
1570,38,64,0,0,0,0,0,0,0,0,0
1571,32,0,0,0,0,0,0,0,0,0,0
1572,31,0,0,0,0,0,0,0,0,0,0
1573,30,0,0,0,0,0,0,0,0,0,0
1574,30,32,0,0,0,0,0,0,0,0,0
1575,15,32,0,0,0,0,0,0,0,0,0
1576,30,32,0,0,0,0,0,0,0,0,0
1577,11,32,0,0,0,0,0,0,0,0,0
1578,38,64,0,0,0,0,0,0,0,0,0
1579,32,0,0,0,0,0,0,0,0,0,0
1580,30,32,0,0,0,0,0,0,0,0,0
1581,30,32,0,0,0,0,0,0,0,0,0
1582,12,32,0,0,0,0,0,0,0,0,0
1583,30,0,0,0,0,0,0,0,0,0,0
1584,30,32,0,0,0,0,0,0,0,0,0
1585,15,32,0,0,0,0,0,0,0,0,0
1586,30,32,0,0,0,0,0,0,0,0,0
1587,11,32,0,0,0,0,0,0,0,0,0
1588,38,64,0,0,0,0,0,0,0,0,0
1589,32,0,0,0,0,0,0,0,0,0,0
1590,31,0,0,0,0,0,0,0,0,0,0
1591,30,0,0,0,0,0,0,0,0,0,0
1592,30,32,0,0,0,0,0,0,0,0,0
1593,15,32,0,0,0,0,0,0,0,0,0
1594,30,32,0,0,0,0,0,0,0,0,0
1595,11,32,0,0,0,0,0,0,0,0,0
1596,38,64,0,0,0,0,0,0,0,0,0
1597,32,0,0,0,0,0,0,0,0,0,0
1598,30,32,0,0,0,0,0,0,0,0,0
1599,30,32,0,0,0,0,0,0,0,0,0
1600,12,32,0,0,0,0,0,0,0,0,0
1601,30,0,0,0,0,0,0,0,0,0,0
1602,30,32,0,0,0,0,0,0,0,0,0
1603,15,32,0,0,0,0,0,0,0,0,0
1604,30,32,0,0,0,0,0,0,0,0,0
1605,11,32,0,0,0,0,0,0,0,0,0
1606,38,64,0,0,0,0,0,0,0,0,0
1607,32,0,0,0,0,0,0,0,0,0,0
1608,31,0,0,0,0,0,0,0,0,0,0
1609,47,0,0,0,0,0,0,0,0,0,0
1610,54,0,0,0,0,0,0,0,0,0,0
1611,47,0,0,0,0,0,0,0,0,0,0
1612,54,0,0,0,0,0,0,0,0,0,0
1613,47,0,0,0,0,0,0,0,0,0,0
1614,54,0,0,0,0,0,0,0,0,0,0
1615,47,0,0,0,0,0,0,0,0,0,0
1616,54,0,0,0,0,0,0,0,0,0,0
1617,47,0,0,0,0,0,0,0,0,0,0
1618,54,0,0,0,0,0,0,0,0,0,0
1619,2,0,0,0,0,0,0,0,0,0,0
1620,30,32,0,0,0,0,0,0,0,0,0
1621,11,32,0,0,0,0,0,0,0,0,0
1622,31,0,0,0,0,0,0,0,0,0,0
1623,2,0,0,0,0,0,0,0,0,0,0
1624,47,0,0,0,0,0,0,0,0,0,0
1625,54,0,0,0,0,0,0,0,0,0,0
1626,2,0,0,0,0,0,0,0,0,0,0
1627,30,32,0,0,0,0,0,0,0,0,0
1628,11,32,0,0,0,0,0,0,0,0,0
1629,31,0,0,0,0,0,0,0,0,0,0
1630,2,0,0,0,0,0,0,0,0,0,0
1631,2,0,0,0,0,0,0,0,0,0,0
1632,30,32,0,0,0,0,0,0,0,0,0
1633,11,32,0,0,0,0,0,0,0,0,0
1634,31,0,0,0,0,0,0,0,0,0,0
1635,2,0,0,0,0,0,0,0,0,0,0
1636,2,0,0,0,0,0,0,0,0,0,0
1637,47,0,0,0,0,0,0,0,0,0,0
1638,54,0,0,0,0,0,0,0,0,0,0
1639,31,0,0,0,0,0,0,0,0,0,0
1640,2,0,0,0,0,0,0,0,0,0,0
1641,30,32,0,0,0,0,0,0,0,0,0
1642,51,1,0,0,0,0,0,0,0,0,0
1643,2,0,0,0,0,0,0,0,0,0,0
1644,31,0,0,0,0,0,0,0,0,0,0
1645,47,0,0,0,0,0,0,0,0,0,0
1646,54,0,0,0,0,0,0,0,0,0,0
1647,2,0,0,0,0,0,0,0,0,0,0
1648,2,0,0,0,0,0,0,0,0,0,0
1649,47,0,0,0,0,0,0,0,0,0,0
1650,54,0,0,0,0,0,0,0,0,0,0
1651,31,0,0,0,0,0,0,0,0,0,0
1652,2,0,0,0,0,0,0,0,0,0,0
1653,30,32,0,0,0,0,0,0,0,0,0
1654,51,1,0,0,0,0,0,0,0,0,0
1655,2,0,0,0,0,0,0,0,0,0,0
1656,31,0,0,0,0,0,0,0,0,0,0
1657,47,0,0,0,0,0,0,0,0,0,0
1658,54,0,0,0,0,0,0,0,0,0,0
1659,2,0,0,0,0,0,0,0,0,0,0
1660,47,0,0,0,0,0,0,0,0,0,0
1661,54,0,0,0,0,0,0,0,0,0,0
1662,30,32,0,0,0,0,0,0,0,0,0
1663,13,32,0,0,0,0,0,0,0,0,0
1664,23,32,0,0,0,0,0,0,0,0,0
1665,31,0,0,0,0,0,0,0,0,0,0
1666,2,0,0,0,0,0,0,0,0,0,0
1667,47,0,0,0,0,0,0,0,0,0,0
1668,54,0,0,0,0,0,0,0,0,0,0
1669,31,0,0,0,0,0,0,0,0,0,0
1670,2,0,0,0,0,0,0,0,0,0,0
1671,30,32,0,0,0,0,0,0,0,0,0
1672,30,32,0,0,0,0,0,0,0,0,0
1673,51,1,0,0,0,0,0,0,0,0,0
1674,2,0,0,0,0,0,0,0,0,0,0
1675,31,0,0,0,0,0,0,0,0,0,0
1676,47,0,0,0,0,0,0,0,0,0,0
1677,54,0,0,0,0,0,0,0,0,0,0
1678,2,0,0,0,0,0,0,0,0,0,0
1679,47,0,0,0,0,0,0,0,0,0,0
1680,54,0,0,0,0,0,0,0,0,0,0
1681,30,0,0,0,0,0,0,0,0,0,0
1682,30,32,0,0,0,0,0,0,0,0,0
1683,30,32,0,0,0,0,0,0,0,0,0
1684,13,32,0,0,0,0,0,0,0,0,0
1685,23,32,0,0,0,0,0,0,0,0,0
1686,38,64,0,0,0,0,0,0,0,0,0
1687,32,0,0,0,0,0,0,0,0,0,0
1688,30,32,0,0,0,0,0,0,0,0,0
1689,31,0,0,0,0,0,0,0,0,0,0
1690,47,0,0,0,0,0,0,0,0,0,0
1691,54,0,0,0,0,0,0,0,0,0,0
1692,30,0,0,0,0,0,0,0,0,0,0
1693,30,32,0,0,0,0,0,0,0,0,0
1694,30,32,0,0,0,0,0,0,0,0,0
1695,13,32,0,0,0,0,0,0,0,0,0
1696,23,32,0,0,0,0,0,0,0,0,0
1697,38,64,0,0,0,0,0,0,0,0,0
1698,32,0,0,0,0,0,0,0,0,0,0
1699,30,32,0,0,0,0,0,0,0,0,0
1700,31,0,0,0,0,0,0,0,0,0,0
1701,47,0,0,0,0,0,0,0,0,0,0
1702,54,0,0,0,0,0,0,0,0,0,0
1703,30,32,0,0,0,0,0,0,0,0,0
1704,30,32,0,0,0,0,0,0,0,0,0
1705,11,32,0,0,0,0,0,0,0,0,0
1706,31,0,0,0,0,0,0,0,0,0,0
1707,47,0,0,0,0,0,0,0,0,0,0
1708,54,0,0,0,0,0,0,0,0,0,0
1709,30,0,0,0,0,0,0,0,0,0,0
1710,30,32,0,0,0,0,0,0,0,0,0
1711,15,32,0,0,0,0,0,0,0,0,0
1712,30,32,0,0,0,0,0,0,0,0,0
1713,11,32,0,0,0,0,0,0,0,0,0
1714,38,64,0,0,0,0,0,0,0,0,0
1715,32,0,0,0,0,0,0,0,0,0,0
1716,30,32,0,0,0,0,0,0,0,0,0
1717,30,32,0,0,0,0,0,0,0,0,0
1718,16,32,0,0,0,0,0,0,0,0,0
1719,30,0,0,0,0,0,0,0,0,0,0
1720,30,32,0,0,0,0,0,0,0,0,0
1721,15,32,0,0,0,0,0,0,0,0,0
1722,30,32,0,0,0,0,0,0,0,0,0
1723,11,32,0,0,0,0,0,0,0,0,0
1724,38,64,0,0,0,0,0,0,0,0,0
1725,32,0,0,0,0,0,0,0,0,0,0
1726,30,32,0,0,0,0,0,0,0,0,0
1727,30,32,0,0,0,0,0,0,0,0,0
1728,16,32,0,0,0,0,0,0,0,0,0
1729,14,32,0,0,0,0,0,0,0,0,0
1730,31,0,0,0,0,0,0,0,0,0,0
1731,47,0,0,0,0,0,0,0,0,0,0
1732,54,0,0,0,0,0,0,0,0,0,0
1733,30,0,0,0,0,0,0,0,0,0,0
1734,30,32,0,0,0,0,0,0,0,0,0
1735,15,32,0,0,0,0,0,0,0,0,0
1736,30,32,0,0,0,0,0,0,0,0,0
1737,11,32,0,0,0,0,0,0,0,0,0
1738,38,64,0,0,0,0,0,0,0,0,0
1739,32,0,0,0,0,0,0,0,0,0,0
1740,30,32,0,0,0,0,0,0,0,0,0
1741,30,32,0,0,0,0,0,0,0,0,0
1742,16,32,0,0,0,0,0,0,0,0,0
1743,30,0,0,0,0,0,0,0,0,0,0
1744,30,32,0,0,0,0,0,0,0,0,0
1745,15,32,0,0,0,0,0,0,0,0,0
1746,30,32,0,0,0,0,0,0,0,0,0
1747,11,32,0,0,0,0,0,0,0,0,0
1748,38,64,0,0,0,0,0,0,0,0,0
1749,32,0,0,0,0,0,0,0,0,0,0
1750,30,32,0,0,0,0,0,0,0,0,0
1751,30,32,0,0,0,0,0,0,0,0,0
1752,16,32,0,0,0,0,0,0,0,0,0
1753,12,32,0,0,0,0,0,0,0,0,0
1754,31,0,0,0,0,0,0,0,0,0,0
1755,30,0,0,0,0,0,0,0,0,0,0
1756,30,32,0,0,0,0,0,0,0,0,0
1757,15,32,0,0,0,0,0,0,0,0,0
1758,30,32,0,0,0,0,0,0,0,0,0
1759,11,32,0,0,0,0,0,0,0,0,0
1760,38,64,0,0,0,0,0,0,0,0,0
1761,32,0,0,0,0,0,0,0,0,0,0
1762,30,32,0,0,0,0,0,0,0,0,0
1763,30,32,0,0,0,0,0,0,0,0,0
1764,14,32,0,0,0,0,0,0,0,0,0
1765,30,0,0,0,0,0,0,0,0,0,0
1766,30,32,0,0,0,0,0,0,0,0,0
1767,15,32,0,0,0,0,0,0,0,0,0
1768,30,32,0,0,0,0,0,0,0,0,0
1769,11,32,0,0,0,0,0,0,0,0,0
1770,38,64,0,0,0,0,0,0,0,0,0
1771,32,0,0,0,0,0,0,0,0,0,0
1772,31,0,0,0,0,0,0,0,0,0,0
1773,30,0,0,0,0,0,0,0,0,0,0
1774,30,32,0,0,0,0,0,0,0,0,0
1775,15,32,0,0,0,0,0,0,0,0,0
1776,30,32,0,0,0,0,0,0,0,0,0
1777,11,32,0,0,0,0,0,0,0,0,0
1778,38,64,0,0,0,0,0,0,0,0,0
1779,32,0,0,0,0,0,0,0,0,0,0
1780,30,32,0,0,0,0,0,0,0,0,0
1781,30,32,0,0,0,0,0,0,0,0,0
1782,14,32,0,0,0,0,0,0,0,0,0
1783,30,0,0,0,0,0,0,0,0,0,0
1784,30,32,0,0,0,0,0,0,0,0,0
1785,15,32,0,0,0,0,0,0,0,0,0
1786,30,32,0,0,0,0,0,0,0,0,0
1787,11,32,0,0,0,0,0,0,0,0,0
1788,38,64,0,0,0,0,0,0,0,0,0
1789,32,0,0,0,0,0,0,0,0,0,0
1790,31,0,0,0,0,0,0,0,0,0,0
1791,30,0,0,0,0,0,0,0,0,0,0
1792,30,32,0,0,0,0,0,0,0,0,0
1793,15,32,0,0,0,0,0,0,0,0,0
1794,30,32,0,0,0,0,0,0,0,0,0
1795,11,32,0,0,0,0,0,0,0,0,0
1796,38,64,0,0,0,0,0,0,0,0,0
1797,32,0,0,0,0,0,0,0,0,0,0
1798,30,32,0,0,0,0,0,0,0,0,0
1799,30,32,0,0,0,0,0,0,0,0,0
1800,12,32,0,0,0,0,0,0,0,0,0
1801,30,0,0,0,0,0,0,0,0,0,0
1802,30,32,0,0,0,0,0,0,0,0,0
1803,15,32,0,0,0,0,0,0,0,0,0
1804,30,32,0,0,0,0,0,0,0,0,0
1805,11,32,0,0,0,0,0,0,0,0,0
1806,38,64,0,0,0,0,0,0,0,0,0
1807,32,0,0,0,0,0,0,0,0,0,0
1808,31,0,0,0,0,0,0,0,0,0,0
1809,30,0,0,0,0,0,0,0,0,0,0
1810,30,32,0,0,0,0,0,0,0,0,0
1811,15,32,0,0,0,0,0,0,0,0,0
1812,30,32,0,0,0,0,0,0,0,0,0
1813,11,32,0,0,0,0,0,0,0,0,0
1814,38,64,0,0,0,0,0,0,0,0,0
1815,32,0,0,0,0,0,0,0,0,0,0
1816,30,32,0,0,0,0,0,0,0,0,0
1817,30,32,0,0,0,0,0,0,0,0,0
1818,12,32,0,0,0,0,0,0,0,0,0
1819,30,0,0,0,0,0,0,0,0,0,0
1820,30,32,0,0,0,0,0,0,0,0,0
1821,15,32,0,0,0,0,0,0,0,0,0
1822,30,32,0,0,0,0,0,0,0,0,0
1823,11,32,0,0,0,0,0,0,0,0,0
1824,38,64,0,0,0,0,0,0,0,0,0
1825,32,0,0,0,0,0,0,0,0,0,0
1826,31,0,0,0,0,0,0,0,0,0,0
1827,47,0,0,0,0,0,0,0,0,0,0
1828,54,0,0,0,0,0,0,0,0,0,0
1829,47,0,0,0,0,0,0,0,0,0,0
1830,54,0,0,0,0,0,0,0,0,0,0
1831,47,0,0,0,0,0,0,0,0,0,0
1832,54,0,0,0,0,0,0,0,0,0,0
1833,47,0,0,0,0,0,0,0,0,0,0
1834,54,0,0,0,0,0,0,0,0,0,0
1835,47,0,0,0,0,0,0,0,0,0,0
1836,54,0,0,0,0,0,0,0,0,0,0
1837,2,0,0,0,0,0,0,0,0,0,0
1838,30,32,0,0,0,0,0,0,0,0,0
1839,11,32,0,0,0,0,0,0,0,0,0
1840,31,0,0,0,0,0,0,0,0,0,0
1841,2,0,0,0,0,0,0,0,0,0,0
1842,47,0,0,0,0,0,0,0,0,0,0
1843,54,0,0,0,0,0,0,0,0,0,0
1844,2,0,0,0,0,0,0,0,0,0,0
1845,30,32,0,0,0,0,0,0,0,0,0
1846,11,32,0,0,0,0,0,0,0,0,0
1847,31,0,0,0,0,0,0,0,0,0,0
1848,2,0,0,0,0,0,0,0,0,0,0
1849,2,0,0,0,0,0,0,0,0,0,0
1850,30,32,0,0,0,0,0,0,0,0,0
1851,11,32,0,0,0,0,0,0,0,0,0
1852,31,0,0,0,0,0,0,0,0,0,0
1853,2,0,0,0,0,0,0,0,0,0,0
1854,1,0,0,0,0,0,0,0,0,0,0
2066
1,275
1,265
1,239
1,229
1,217
1,183
1,92
2,493
2,483
2,457
2,447
2,435
2,401
2,93
3,711
3,701
3,675
3,665
3,653
3,619
3,94
4,929
4,919
4,893
4,883
4,871
4,837
4,95
5,1147
5,1137
5,1111
5,1101
5,1089
5,1055
5,96
6,1365
6,1355
6,1329
6,1319
6,1307
6,1273
6,97
7,1583
7,1573
7,1547
7,1537
7,1525
7,1491
7,98
8,1801
8,1791
8,1765
8,1755
8,1743
8,1709
8,99
9,293
9,283
9,257
9,247
9,207
9,193
9,100
10,511
10,501
10,475
10,465
10,425
10,411
10,101
11,729
11,719
11,693
11,683
11,643
11,629
11,102
12,947
12,937
12,911
12,901
12,861
12,847
12,103
13,1165
13,1155
13,1129
13,1119
13,1079
13,1065
13,104
14,1383
14,1373
14,1347
14,1337
14,1297
14,1283
14,105
15,1601
15,1591
15,1565
15,1555
15,1515
15,1501
15,106
16,1819
16,1809
16,1783
16,1773
16,1733
16,1719
16,107
17,1681
17,1463
17,1245
17,1027
17,809
17,591
17,373
17,155
17,108
18,1692
18,1474
18,1256
18,1038
18,820
18,602
18,384
18,166
18,109
19,326
19,324
19,294
19,284
19,276
19,266
19,258
19,248
19,240
19,230
19,218
19,208
19,194
19,184
19,119
19,115
19,113
19,111
20,1675
20,1656
20,1644
20,1457
20,1438
20,1426
20,1239
20,1220
20,1208
20,1021
20,1002
20,990
20,803
20,784
20,772
20,585
20,566
20,554
20,367
20,348
20,336
20,149
20,130
20,118
21,321
21,319
21,168
21,157
21,136
21,131
21,127
21,125
21,123
22,316
22,178
22,146
22,139
22,134
23,314
23,312
23,296
23,286
23,278
23,268
23,250
23,232
23,177
23,167
23,156
23,150
23,145
23,143
23,141
24,309
24,215
24,191
24,163
24,153
25,307
25,225
25,201
25,174
25,164
26,305
26,260
26,242
26,220
26,210
26,196
26,186
26,180
26,175
27,303
27,273
27,237
27,204
27,181
28,301
28,291
28,255
28,228
28,205
29,544
29,542
29,512
29,502
29,494
29,484
29,476
29,466
29,458
29,448
29,436
29,426
29,412
29,402
29,337
29,333
29,331
29,329
30,539
30,537
30,386
30,375
30,354
30,349
30,345
30,343
30,341
31,534
31,396
31,364
31,357
31,352
32,532
32,530
32,514
32,504
32,496
32,486
32,468
32,450
32,395
32,385
32,374
32,368
32,363
32,361
32,359
33,527
33,433
33,409
33,381
33,371
34,525
34,443
34,419
34,392
34,382
35,523
35,478
35,460
35,438
35,428
35,414
35,404
35,398
35,393
36,521
36,491
36,455
36,422
36,399
37,519
37,509
37,473
37,446
37,423
38,762
38,760
38,730
38,720
38,712
38,702
38,694
38,684
38,676
38,666
38,654
38,644
38,630
38,620
38,555
38,551
38,549
38,547
39,757
39,755
39,604
39,593
39,572
39,567
39,563
39,561
39,559
40,752
40,614
40,582
40,575
40,570
41,750
41,748
41,732
41,722
41,714
41,704
41,686
41,668
41,613
41,603
41,592
41,586
41,581
41,579
41,577
42,745
42,651
42,627
42,599
42,589
43,743
43,661
43,637
43,610
43,600
44,741
44,696
44,678
44,656
44,646
44,632
44,622
44,616
44,611
45,739
45,709
45,673
45,640
45,617
46,737
46,727
46,691
46,664
46,641
47,980
47,978
47,948
47,938
47,930
47,920
47,912
47,902
47,894
47,884
47,872
47,862
47,848
47,838
47,773
47,769
47,767
47,765
48,975
48,973
48,822
48,811
48,790
48,785
48,781
48,779
48,777
49,970
49,832
49,800
49,793
49,788
50,968
50,966
50,950
50,940
50,932
50,922
50,904
50,886
50,831
50,821
50,810
50,804
50,799
50,797
50,795
51,963
51,869
51,845
51,817
51,807
52,961
52,879
52,855
52,828
52,818
53,959
53,914
53,896
53,874
53,864
53,850
53,840
53,834
53,829
54,957
54,927
54,891
54,858
54,835
55,955
55,945
55,909
55,882
55,859
56,1198
56,1196
56,1166
56,1156
56,1148
56,1138
56,1130
56,1120
56,1112
56,1102
56,1090
56,1080
56,1066
56,1056
56,991
56,987
56,985
56,983
57,1193
57,1191
57,1040
57,1029
57,1008
57,1003
57,999
57,997
57,995
58,1188
58,1050
58,1018
58,1011
58,1006
59,1186
59,1184
59,1168
59,1158
59,1150
59,1140
59,1122
59,1104
59,1049
59,1039
59,1028
59,1022
59,1017
59,1015
59,1013
60,1181
60,1087
60,1063
60,1035
60,1025
61,1179
61,1097
61,1073
61,1046
61,1036
62,1177
62,1132
62,1114
62,1092
62,1082
62,1068
62,1058
62,1052
62,1047
63,1175
63,1145
63,1109
63,1076
63,1053
64,1173
64,1163
64,1127
64,1100
64,1077
65,1416
65,1414
65,1384
65,1374
65,1366
65,1356
65,1348
65,1338
65,1330
65,1320
65,1308
65,1298
65,1284
65,1274
65,1209
65,1205
65,1203
65,1201
66,1411
66,1409
66,1258
66,1247
66,1226
66,1221
66,1217
66,1215
66,1213
67,1406
67,1268
67,1236
67,1229
67,1224
68,1404
68,1402
68,1386
68,1376
68,1368
68,1358
68,1340
68,1322
68,1267
68,1257
68,1246
68,1240
68,1235
68,1233
68,1231
69,1399
69,1305
69,1281
69,1253
69,1243
70,1397
70,1315
70,1291
70,1264
70,1254
71,1395
71,1350
71,1332
71,1310
71,1300
71,1286
71,1276
71,1270
71,1265
72,1393
72,1363
72,1327
72,1294
72,1271
73,1391
73,1381
73,1345
73,1318
73,1295
74,1634
74,1632
74,1602
74,1592
74,1584
74,1574
74,1566
74,1556
74,1548
74,1538
74,1526
74,1516
74,1502
74,1492
74,1427
74,1423
74,1421
74,1419
75,1629
75,1627
75,1476
75,1465
75,1444
75,1439
75,1435
75,1433
75,1431
76,1624
76,1486
76,1454
76,1447
76,1442
77,1622
77,1620
77,1604
77,1594
77,1586
77,1576
77,1558
77,1540
77,1485
77,1475
77,1464
77,1458
77,1453
77,1451
77,1449
78,1617
78,1523
78,1499
78,1471
78,1461
79,1615
79,1533
79,1509
79,1482
79,1472
80,1613
80,1568
80,1550
80,1528
80,1518
80,1504
80,1494
80,1488
80,1483
81,1611
81,1581
81,1545
81,1512
81,1489
82,1609
82,1599
82,1563
82,1536
82,1513
83,1852
83,1850
83,1820
83,1810
83,1802
83,1792
83,1784
83,1774
83,1766
83,1756
83,1744
83,1734
83,1720
83,1710
83,1645
83,1641
83,1639
83,1637
84,1847
84,1845
84,1694
84,1683
84,1662
84,1657
84,1653
84,1651
84,1649
85,1842
85,1704
85,1672
85,1665
85,1660
86,1840
86,1838
86,1822
86,1812
86,1804
86,1794
86,1776
86,1758
86,1703
86,1693
86,1682
86,1676
86,1671
86,1669
86,1667
87,1835
87,1741
87,1717
87,1689
87,1679
88,1833
88,1751
88,1727
88,1700
88,1690
89,1831
89,1786
89,1768
89,1746
89,1736
89,1722
89,1712
89,1706
89,1701
90,1829
90,1799
90,1763
90,1730
90,1707
91,1827
91,1817
91,1781
91,1754
91,1731
111,112
115,116
116,117
119,120
123,124
127,128
128,129
131,132
134,135
136,137
137,138
138,139
141,142
145,147
146,147
147,148
150,151
153,154
155,161
156,159
157,158
158,159
159,160
160,161
161,162
162,163
164,165
166,172
167,170
168,169
169,170
170,171
171,172
172,173
173,174
175,176
177,179
178,179
179,180
181,182
183,189
184,185
185,187
186,187
187,188
188,189
189,190
190,192
191,192
192,203
193,199
194,195
195,197
196,197
197,198
198,199
199,200
200,202
201,202
202,203
203,204
205,206
207,213
208,209
209,211
210,211
211,212
212,213
213,214
214,216
215,216
216,227
217,223
218,219
219,221
220,221
221,222
222,223
223,224
224,226
225,226
226,227
227,228
229,235
230,231
231,233
232,233
233,234
234,235
235,236
236,238
237,238
238,246
239,245
240,241
241,243
242,243
243,244
244,245
245,246
247,253
248,249
249,251
250,251
251,252
252,253
253,254
254,256
255,256
256,264
257,263
258,259
259,261
260,261
261,262
262,263
263,264
265,271
266,267
267,269
268,269
269,270
270,271
271,272
272,274
273,274
274,282
275,281
276,277
277,279
278,279
279,280
280,281
281,282
283,289
284,285
285,287
286,287
287,288
288,289
289,290
290,292
291,292
292,300
293,299
294,295
295,297
296,297
297,298
298,299
299,300
301,302
303,304
305,306
307,308
309,310
312,313
313,314
316,317
319,320
320,321
324,325
325,326
329,330
333,334
334,335
337,338
341,342
345,346
346,347
349,350
352,353
354,355
355,356
356,357
359,360
363,365
364,365
365,366
368,369
371,372
373,379
374,377
375,376
376,377
377,378
378,379
379,380
380,381
382,383
384,390
385,388
386,387
387,388
388,389
389,390
390,391
391,392
393,394
395,397
396,397
397,398
399,400
401,407
402,403
403,405
404,405
405,406
406,407
407,408
408,410
409,410
410,421
411,417
412,413
413,415
414,415
415,416
416,417
417,418
418,420
419,420
420,421
421,422
423,424
425,431
426,427
427,429
428,429
429,430
430,431
431,432
432,434
433,434
434,445
435,441
436,437
437,439
438,439
439,440
440,441
441,442
442,444
443,444
444,445
445,446
447,453
448,449
449,451
450,451
451,452
452,453
453,454
454,456
455,456
456,464
457,463
458,459
459,461
460,461
461,462
462,463
463,464
465,471
466,467
467,469
468,469
469,470
470,471
471,472
472,474
473,474
474,482
475,481
476,477
477,479
478,479
479,480
480,481
481,482
483,489
484,485
485,487
486,487
487,488
488,489
489,490
490,492
491,492
492,500
493,499
494,495
495,497
496,497
497,498
498,499
499,500
501,507
502,503
503,505
504,505
505,506
506,507
507,508
508,510
509,510
510,518
511,517
512,513
513,515
514,515
515,516
516,517
517,518
519,520
521,522
523,524
525,526
527,528
530,531
531,532
534,535
537,538
538,539
542,543
543,544
547,548
551,552
552,553
555,556
559,560
563,564
564,565
567,568
570,571
572,573
573,574
574,575
577,578
581,583
582,583
583,584
586,587
589,590
591,597
592,595
593,594
594,595
595,596
596,597
597,598
598,599
600,601
602,608
603,606
604,605
605,606
606,607
607,608
608,609
609,610
611,612
613,615
614,615
615,616
617,618
619,625
620,621
621,623
622,623
623,624
624,625
625,626
626,628
627,628
628,639
629,635
630,631
631,633
632,633
633,634
634,635
635,636
636,638
637,638
638,639
639,640
641,642
643,649
644,645
645,647
646,647
647,648
648,649
649,650
650,652
651,652
652,663
653,659
654,655
655,657
656,657
657,658
658,659
659,660
660,662
661,662
662,663
663,664
665,671
666,667
667,669
668,669
669,670
670,671
671,672
672,674
673,674
674,682
675,681
676,677
677,679
678,679
679,680
680,681
681,682
683,689
684,685
685,687
686,687
687,688
688,689
689,690
690,692
691,692
692,700
693,699
694,695
695,697
696,697
697,698
698,699
699,700
701,707
702,703
703,705
704,705
705,706
706,707
707,708
708,710
709,710
710,718
711,717
712,713
713,715
714,715
715,716
716,717
717,718
719,725
720,721
721,723
722,723
723,724
724,725
725,726
726,728
727,728
728,736
729,735
730,731
731,733
732,733
733,734
734,735
735,736
737,738
739,740
741,742
743,744
745,746
748,749
749,750
752,753
755,756
756,757
760,761
761,762
765,766
769,770
770,771
773,774
777,778
781,782
782,783
785,786
788,789
790,791
791,792
792,793
795,796
799,801
800,801
801,802
804,805
807,808
809,815
810,813
811,812
812,813
813,814
814,815
815,816
816,817
818,819
820,826
821,824
822,823
823,824
824,825
825,826
826,827
827,828
829,830
831,833
832,833
833,834
835,836
837,843
838,839
839,841
840,841
841,842
842,843
843,844
844,846
845,846
846,857
847,853
848,849
849,851
850,851
851,852
852,853
853,854
854,856
855,856
856,857
857,858
859,860
861,867
862,863
863,865
864,865
865,866
866,867
867,868
868,870
869,870
870,881
871,877
872,873
873,875
874,875
875,876
876,877
877,878
878,880
879,880
880,881
881,882
883,889
884,885
885,887
886,887
887,888
888,889
889,890
890,892
891,892
892,900
893,899
894,895
895,897
896,897
897,898
898,899
899,900
901,907
902,903
903,905
904,905
905,906
906,907
907,908
908,910
909,910
910,918
911,917
912,913
913,915
914,915
915,916
916,917
917,918
919,925
920,921
921,923
922,923
923,924
924,925
925,926
926,928
927,928
928,936
929,935
930,931
931,933
932,933
933,934
934,935
935,936
937,943
938,939
939,941
940,941
941,942
942,943
943,944
944,946
945,946
946,954
947,953
948,949
949,951
950,951
951,952
952,953
953,954
955,956
957,958
959,960
961,962
963,964
966,967
967,968
970,971
973,974
974,975
978,979
979,980
983,984
987,988
988,989
991,992
995,996
999,1000
1000,1001
1003,1004
1006,1007
1008,1009
1009,1010
1010,1011
1013,1014
1017,1019
1018,1019
1019,1020
1022,1023
1025,1026
1027,1033
1028,1031
1029,1030
1030,1031
1031,1032
1032,1033
1033,1034
1034,1035
1036,1037
1038,1044
1039,1042
1040,1041
1041,1042
1042,1043
1043,1044
1044,1045
1045,1046
1047,1048
1049,1051
1050,1051
1051,1052
1053,1054
1055,1061
1056,1057
1057,1059
1058,1059
1059,1060
1060,1061
1061,1062
1062,1064
1063,1064
1064,1075
1065,1071
1066,1067
1067,1069
1068,1069
1069,1070
1070,1071
1071,1072
1072,1074
1073,1074
1074,1075
1075,1076
1077,1078
1079,1085
1080,1081
1081,1083
1082,1083
1083,1084
1084,1085
1085,1086
1086,1088
1087,1088
1088,1099
1089,1095
1090,1091
1091,1093
1092,1093
1093,1094
1094,1095
1095,1096
1096,1098
1097,1098
1098,1099
1099,1100
1101,1107
1102,1103
1103,1105
1104,1105
1105,1106
1106,1107
1107,1108
1108,1110
1109,1110
1110,1118
1111,1117
1112,1113
1113,1115
1114,1115
1115,1116
1116,1117
1117,1118
1119,1125
1120,1121
1121,1123
1122,1123
1123,1124
1124,1125
1125,1126
1126,1128
1127,1128
1128,1136
1129,1135
1130,1131
1131,1133
1132,1133
1133,1134
1134,1135
1135,1136
1137,1143
1138,1139
1139,1141
1140,1141
1141,1142
1142,1143
1143,1144
1144,1146
1145,1146
1146,1154
1147,1153
1148,1149
1149,1151
1150,1151
1151,1152
1152,1153
1153,1154
1155,1161
1156,1157
1157,1159
1158,1159
1159,1160
1160,1161
1161,1162
1162,1164
1163,1164
1164,1172
1165,1171
1166,1167
1167,1169
1168,1169
1169,1170
1170,1171
1171,1172
1173,1174
1175,1176
1177,1178
1179,1180
1181,1182
1184,1185
1185,1186
1188,1189
1191,1192
1192,1193
1196,1197
1197,1198
1201,1202
1205,1206
1206,1207
1209,1210
1213,1214
1217,1218
1218,1219
1221,1222
1224,1225
1226,1227
1227,1228
1228,1229
1231,1232
1235,1237
1236,1237
1237,1238
1240,1241
1243,1244
1245,1251
1246,1249
1247,1248
1248,1249
1249,1250
1250,1251
1251,1252
1252,1253
1254,1255
1256,1262
1257,1260
1258,1259
1259,1260
1260,1261
1261,1262
1262,1263
1263,1264
1265,1266
1267,1269
1268,1269
1269,1270
1271,1272
1273,1279
1274,1275
1275,1277
1276,1277
1277,1278
1278,1279
1279,1280
1280,1282
1281,1282
1282,1293
1283,1289
1284,1285
1285,1287
1286,1287
1287,1288
1288,1289
1289,1290
1290,1292
1291,1292
1292,1293
1293,1294
1295,1296
1297,1303
1298,1299
1299,1301
1300,1301
1301,1302
1302,1303
1303,1304
1304,1306
1305,1306
1306,1317
1307,1313
1308,1309
1309,1311
1310,1311
1311,1312
1312,1313
1313,1314
1314,1316
1315,1316
1316,1317
1317,1318
1319,1325
1320,1321
1321,1323
1322,1323
1323,1324
1324,1325
1325,1326
1326,1328
1327,1328
1328,1336
1329,1335
1330,1331
1331,1333
1332,1333
1333,1334
1334,1335
1335,1336
1337,1343
1338,1339
1339,1341
1340,1341
1341,1342
1342,1343
1343,1344
1344,1346
1345,1346
1346,1354
1347,1353
1348,1349
1349,1351
1350,1351
1351,1352
1352,1353
1353,1354
1355,1361
1356,1357
1357,1359
1358,1359
1359,1360
1360,1361
1361,1362
1362,1364
1363,1364
1364,1372
1365,1371
1366,1367
1367,1369
1368,1369
1369,1370
1370,1371
1371,1372
1373,1379
1374,1375
1375,1377
1376,1377
1377,1378
1378,1379
1379,1380
1380,1382
1381,1382
1382,1390
1383,1389
1384,1385
1385,1387
1386,1387
1387,1388
1388,1389
1389,1390
1391,1392
1393,1394
1395,1396
1397,1398
1399,1400
1402,1403
1403,1404
1406,1407
1409,1410
1410,1411
1414,1415
1415,1416
1419,1420
1423,1424
1424,1425
1427,1428
1431,1432
1435,1436
1436,1437
1439,1440
1442,1443
1444,1445
1445,1446
1446,1447
1449,1450
1453,1455
1454,1455
1455,1456
1458,1459
1461,1462
1463,1469
1464,1467
1465,1466
1466,1467
1467,1468
1468,1469
1469,1470
1470,1471
1472,1473
1474,1480
1475,1478
1476,1477
1477,1478
1478,1479
1479,1480
1480,1481
1481,1482
1483,1484
1485,1487
1486,1487
1487,1488
1489,1490
1491,1497
1492,1493
1493,1495
1494,1495
1495,1496
1496,1497
1497,1498
1498,1500
1499,1500
1500,1511
1501,1507
1502,1503
1503,1505
1504,1505
1505,1506
1506,1507
1507,1508
1508,1510
1509,1510
1510,1511
1511,1512
1513,1514
1515,1521
1516,1517
1517,1519
1518,1519
1519,1520
1520,1521
1521,1522
1522,1524
1523,1524
1524,1535
1525,1531
1526,1527
1527,1529
1528,1529
1529,1530
1530,1531
1531,1532
1532,1534
1533,1534
1534,1535
1535,1536
1537,1543
1538,1539
1539,1541
1540,1541
1541,1542
1542,1543
1543,1544
1544,1546
1545,1546
1546,1554
1547,1553
1548,1549
1549,1551
1550,1551
1551,1552
1552,1553
1553,1554
1555,1561
1556,1557
1557,1559
1558,1559
1559,1560
1560,1561
1561,1562
1562,1564
1563,1564
1564,1572
1565,1571
1566,1567
1567,1569
1568,1569
1569,1570
1570,1571
1571,1572
1573,1579
1574,1575
1575,1577
1576,1577
1577,1578
1578,1579
1579,1580
1580,1582
1581,1582
1582,1590
1583,1589
1584,1585
1585,1587
1586,1587
1587,1588
1588,1589
1589,1590
1591,1597
1592,1593
1593,1595
1594,1595
1595,1596
1596,1597
1597,1598
1598,1600
1599,1600
1600,1608
1601,1607
1602,1603
1603,1605
1604,1605
1605,1606
1606,1607
1607,1608
1609,1610
1611,1612
1613,1614
1615,1616
1617,1618
1620,1621
1621,1622
1624,1625
1627,1628
1628,1629
1632,1633
1633,1634
1637,1638
1641,1642
1642,1643
1645,1646
1649,1650
1653,1654
1654,1655
1657,1658
1660,1661
1662,1663
1663,1664
1664,1665
1667,1668
1671,1673
1672,1673
1673,1674
1676,1677
1679,1680
1681,1687
1682,1685
1683,1684
1684,1685
1685,1686
1686,1687
1687,1688
1688,1689
1690,1691
1692,1698
1693,1696
1694,1695
1695,1696
1696,1697
1697,1698
1698,1699
1699,1700
1701,1702
1703,1705
1704,1705
1705,1706
1707,1708
1709,1715
1710,1711
1711,1713
1712,1713
1713,1714
1714,1715
1715,1716
1716,1718
1717,1718
1718,1729
1719,1725
1720,1721
1721,1723
1722,1723
1723,1724
1724,1725
1725,1726
1726,1728
1727,1728
1728,1729
1729,1730
1731,1732
1733,1739
1734,1735
1735,1737
1736,1737
1737,1738
1738,1739
1739,1740
1740,1742
1741,1742
1742,1753
1743,1749
1744,1745
1745,1747
1746,1747
1747,1748
1748,1749
1749,1750
1750,1752
1751,1752
1752,1753
1753,1754
1755,1761
1756,1757
1757,1759
1758,1759
1759,1760
1760,1761
1761,1762
1762,1764
1763,1764
1764,1772
1765,1771
1766,1767
1767,1769
1768,1769
1769,1770
1770,1771
1771,1772
1773,1779
1774,1775
1775,1777
1776,1777
1777,1778
1778,1779
1779,1780
1780,1782
1781,1782
1782,1790
1783,1789
1784,1785
1785,1787
1786,1787
1787,1788
1788,1789
1789,1790
1791,1797
1792,1793
1793,1795
1794,1795
1795,1796
1796,1797
1797,1798
1798,1800
1799,1800
1800,1808
1801,1807
1802,1803
1803,1805
1804,1805
1805,1806
1806,1807
1807,1808
1809,1815
1810,1811
1811,1813
1812,1813
1813,1814
1814,1815
1815,1816
1816,1818
1817,1818
1818,1826
1819,1825
1820,1821
1821,1823
1822,1823
1823,1824
1824,1825
1825,1826
1827,1828
1829,1830
1831,1832
1833,1834
1835,1836
1838,1839
1839,1840
1842,1843
1845,1846
1846,1847
1850,1851
1851,1852
