88
1,29,0,0,0,0,0,0,0,0,0,0
2,29,0,0,0,0,0,0,0,0,0,0
3,29,0,0,0,0,0,0,0,0,0,0
4,29,0,0,0,0,0,0,0,0,0,0
5,29,0,0,0,0,0,0,0,0,0,0
6,29,0,0,0,0,0,0,0,0,0,0
7,29,0,0,0,0,0,0,0,0,0,0
8,31,0,0,0,0,0,0,0,0,0,0
9,31,0,0,0,0,0,0,0,0,0,0
10,31,0,0,0,0,0,0,0,0,0,0
11,47,0,0,0,0,0,0,0,0,0,0
12,54,0,0,0,0,0,0,0,0,0,0
13,47,0,0,0,0,0,0,0,0,0,0
14,54,0,0,0,0,0,0,0,0,0,0
15,47,0,0,0,0,0,0,0,0,0,0
16,54,0,0,0,0,0,0,0,0,0,0
17,47,0,0,0,0,0,0,0,0,0,0
18,54,0,0,0,0,0,0,0,0,0,0
19,2,0,0,0,0,0,0,0,0,0,0
20,31,0,0,0,0,0,0,0,0,0,0
21,2,0,0,0,0,0,0,0,0,0,0
22,30,32,0,0,0,0,0,0,0,0,0
23,51,1,0,0,0,0,0,0,0,0,0
24,2,0,0,0,0,0,0,0,0,0,0
25,30,0,0,0,0,0,0,0,0,0,0
26,30,0,0,0,0,0,0,0,0,0,0
27,30,32,0,0,0,0,0,0,0,0,0
28,38,64,0,0,0,0,0,0,0,0,0
29,32,0,0,0,0,0,0,0,0,0,0
30,30,32,0,0,0,0,0,0,0,0,0
31,38,64,0,0,0,0,0,0,0,0,0
32,32,0,0,0,0,0,0,0,0,0,0
33,30,64,0,0,0,0,0,0,0,0,0
34,31,0,0,0,0,0,0,0,0,0,0
35,30,64,0,0,0,0,0,0,0,0,0
36,52,1,0,0,0,0,0,0,0,0,0
37,2,0,0,0,0,0,0,0,0,0,0
38,31,0,0,0,0,0,0,0,0,0,0
39,2,0,0,0,0,0,0,0,0,0,0
40,30,64,0,0,0,0,0,0,0,0,0
41,54,64,0,0,0,0,0,0,0,0,0
42,31,0,0,0,0,0,0,0,0,0,0
43,2,0,0,0,0,0,0,0,0,0,0
44,30,64,0,0,0,0,0,0,0,0,0
45,30,0,0,0,0,0,0,0,0,0,0
46,30,0,0,0,0,0,0,0,0,0,0
47,30,32,0,0,0,0,0,0,0,0,0
48,38,64,0,0,0,0,0,0,0,0,0
49,32,0,0,0,0,0,0,0,0,0,0
50,30,32,0,0,0,0,0,0,0,0,0
51,38,64,0,0,0,0,0,0,0,0,0
52,32,0,0,0,0,0,0,0,0,0,0
53,31,0,0,0,0,0,0,0,0,0,0
54,2,0,0,0,0,0,0,0,0,0,0
55,30,32,0,0,0,0,0,0,0,0,0
56,11,32,0,0,0,0,0,0,0,0,0
57,31,0,0,0,0,0,0,0,0,0,0
58,2,0,0,0,0,0,0,0,0,0,0
59,47,0,0,0,0,0,0,0,0,0,0
60,54,0,0,0,0,0,0,0,0,0,0
61,47,0,0,0,0,0,0,0,0,0,0
62,54,0,0,0,0,0,0,0,0,0,0
63,47,0,0,0,0,0,0,0,0,0,0
64,54,0,0,0,0,0,0,0,0,0,0
65,47,0,0,0,0,0,0,0,0,0,0
66,54,0,0,0,0,0,0,0,0,0,0
67,1,0,0,0,0,0,0,0,0,0,0
68,29,0,0,0,0,0,0,0,0,0,0
69,29,0,0,0,0,0,0,0,0,0,0
70,31,0,0,0,0,0,0,0,0,0,0
71,47,0,0,0,0,0,0,0,0,0,0
72,54,0,0,0,0,0,0,0,0,0,0
73,30,64,0,0,0,0,0,0,0,0,0
74,30,64,0,0,0,0,0,0,0,0,0
75,16,64,0,0,0,0,0,0,0,0,0
76,12,64,0,0,0,0,0,0,0,0,0
77,30,64,0,0,0,0,0,0,0,0,0
78,16,64,0,0,0,0,0,0,0,0,0
79,30,64,0,0,0,0,0,0,0,0,0
80,16,64,0,0,0,0,0,0,0,0,0
81,12,64,0,0,0,0,0,0,0,0,0
82,30,64,0,0,0,0,0,0,0,0,0
83,16,64,0,0,0,0,0,0,0,0,0
84,31,0,0,0,0,0,0,0,0,0,0
85,30,64,0,0,0,0,0,0,0,0,0
86,47,0,0,0,0,0,0,0,0,0,0
87,54,0,0,0,0,0,0,0,0,0,0
88,1,0,0,0,0,0,0,0,0,0,0
85
1,45
1,25
1,8
2,26
2,9
3,46
3,10
4,65
4,57
4,55
4,47
4,27
4,22
4,20
4,11
5,63
5,44
5,42
5,38
5,13
6,61
6,15
7,59
7,40
7,35
7,34
7,17
11,12
13,14
15,16
17,18
22,23
23,24
25,32
26,29
27,28
28,29
29,30
30,31
31,32
32,33
33,34
35,36
36,37
40,41
41,42
44,53
45,52
46,49
47,48
48,49
49,50
50,51
51,52
52,53
55,56
56,57
59,60
61,62
63,64
65,66
68,82
68,79
68,77
68,74
68,73
68,70
69,86
69,85
69,84
69,71
71,72
73,75
74,75
75,76
76,78
77,78
78,80
79,80
80,81
81,83
82,83
83,84
85,88
86,87
