74
1,29,0,0,0,0,0,0,0,0,0,0
2,29,0,0,0,0,0,0,0,0,0,0
3,29,0,0,0,0,0,0,0,0,0,0
4,29,0,0,0,0,0,0,0,0,0,0
5,29,0,0,0,0,0,0,0,0,0,0
6,31,0,0,0,0,0,0,0,0,0,0
7,31,0,0,0,0,0,0,0,0,0,0
8,47,0,0,0,0,0,0,0,0,0,0
9,54,0,0,0,0,0,0,0,0,0,0
10,47,0,0,0,0,0,0,0,0,0,0
11,54,0,0,0,0,0,0,0,0,0,0
12,31,0,0,0,0,0,0,0,0,0,0
13,47,0,0,0,0,0,0,0,0,0,0
14,54,0,0,0,0,0,0,0,0,0,0
15,2,0,0,0,0,0,0,0,0,0,0
16,31,0,0,0,0,0,0,0,0,0,0
17,2,0,0,0,0,0,0,0,0,0,0
18,30,32,0,0,0,0,0,0,0,0,0
19,51,1,0,0,0,0,0,0,0,0,0
20,2,0,0,0,0,0,0,0,0,0,0
21,30,0,0,0,0,0,0,0,0,0,0
22,30,32,0,0,0,0,0,0,0,0,0
23,38,64,0,0,0,0,0,0,0,0,0
24,32,0,0,0,0,0,0,0,0,0,0
25,30,64,0,0,0,0,0,0,0,0,0
26,30,0,0,0,0,0,0,0,0,0,0
27,30,32,0,0,0,0,0,0,0,0,0
28,38,64,0,0,0,0,0,0,0,0,0
29,32,0,0,0,0,0,0,0,0,0,0
30,30,64,0,0,0,0,0,0,0,0,0
31,12,64,0,0,0,0,0,0,0,0,0
32,31,0,0,0,0,0,0,0,0,0,0
33,30,64,0,0,0,0,0,0,0,0,0
34,52,1,0,0,0,0,0,0,0,0,0
35,2,0,0,0,0,0,0,0,0,0,0
36,30,64,0,0,0,0,0,0,0,0,0
37,54,64,0,0,0,0,0,0,0,0,0
38,30,64,0,0,0,0,0,0,0,0,0
39,12,64,0,0,0,0,0,0,0,0,0
40,31,0,0,0,0,0,0,0,0,0,0
41,2,0,0,0,0,0,0,0,0,0,0
42,2,0,0,0,0,0,0,0,0,0,0
43,30,32,0,0,0,0,0,0,0,0,0
44,11,32,0,0,0,0,0,0,0,0,0
45,31,0,0,0,0,0,0,0,0,0,0
46,2,0,0,0,0,0,0,0,0,0,0
47,30,64,0,0,0,0,0,0,0,0,0
48,47,0,0,0,0,0,0,0,0,0,0
49,54,0,0,0,0,0,0,0,0,0,0
50,47,0,0,0,0,0,0,0,0,0,0
51,54,0,0,0,0,0,0,0,0,0,0
52,47,0,0,0,0,0,0,0,0,0,0
53,54,0,0,0,0,0,0,0,0,0,0
54,1,0,0,0,0,0,0,0,0,0,0
55,29,0,0,0,0,0,0,0,0,0,0
56,31,0,0,0,0,0,0,0,0,0,0
57,30,64,0,0,0,0,0,0,0,0,0
58,12,64,0,0,0,0,0,0,0,0,0
59,30,64,0,0,0,0,0,0,0,0,0
60,16,64,0,0,0,0,0,0,0,0,0
61,12,64,0,0,0,0,0,0,0,0,0
62,30,64,0,0,0,0,0,0,0,0,0
63,16,64,0,0,0,0,0,0,0,0,0
64,12,64,0,0,0,0,0,0,0,0,0
65,30,64,0,0,0,0,0,0,0,0,0
66,16,64,0,0,0,0,0,0,0,0,0
67,12,64,0,0,0,0,0,0,0,0,0
68,30,64,0,0,0,0,0,0,0,0,0
69,16,64,0,0,0,0,0,0,0,0,0
70,12,64,0,0,0,0,0,0,0,0,0
71,30,64,0,0,0,0,0,0,0,0,0
72,16,64,0,0,0,0,0,0,0,0,0
73,12,64,0,0,0,0,0,0,0,0,0
74,1,0,0,0,0,0,0,0,0,0,0
75
1,21
1,6
2,26
2,7
3,52
3,36
3,33
3,32
3,8
4,50
4,47
4,40
4,38
4,12
4,10
5,48
5,45
5,43
5,27
5,22
5,18
5,16
5,13
8,9
10,11
13,14
18,19
19,20
21,24
22,23
23,24
24,25
25,31
26,29
27,28
28,29
29,30
30,31
31,32
33,34
34,35
36,37
37,39
38,39
39,40
43,44
44,45
47,54
48,49
50,51
52,53
55,71
55,68
55,65
55,62
55,59
55,57
55,56
57,58
58,60
59,60
60,61
61,63
62,63
63,64
64,66
65,66
66,67
67,69
68,69
69,70
70,72
71,72
72,73
73,74
