100
1,29,0,0,0,0,0,0,0,0,0,0
2,29,0,0,0,0,0,0,0,0,0,0
3,29,0,0,0,0,0,0,0,0,0,0
4,29,0,0,0,0,0,0,0,0,0,0
5,29,0,0,0,0,0,0,0,0,0,0
6,31,0,0,0,0,0,0,0,0,0,0
7,31,0,0,0,0,0,0,0,0,0,0
8,47,0,0,0,0,0,0,0,0,0,0
9,54,0,0,0,0,0,0,0,0,0,0
10,47,0,0,0,0,0,0,0,0,0,0
11,54,0,0,0,0,0,0,0,0,0,0
12,31,0,0,0,0,0,0,0,0,0,0
13,47,0,0,0,0,0,0,0,0,0,0
14,54,0,0,0,0,0,0,0,0,0,0
15,2,0,0,0,0,0,0,0,0,0,0
16,31,0,0,0,0,0,0,0,0,0,0
17,2,0,0,0,0,0,0,0,0,0,0
18,30,32,0,0,0,0,0,0,0,0,0
19,51,1,0,0,0,0,0,0,0,0,0
20,2,0,0,0,0,0,0,0,0,0,0
21,30,0,0,0,0,0,0,0,0,0,0
22,30,32,0,0,0,0,0,0,0,0,0
23,38,64,0,0,0,0,0,0,0,0,0
24,32,0,0,0,0,0,0,0,0,0,0
25,30,64,0,0,0,0,0,0,0,0,0
26,30,0,0,0,0,0,0,0,0,0,0
27,30,32,0,0,0,0,0,0,0,0,0
28,38,64,0,0,0,0,0,0,0,0,0
29,32,0,0,0,0,0,0,0,0,0,0
30,30,64,0,0,0,0,0,0,0,0,0
31,12,64,0,0,0,0,0,0,0,0,0
32,31,0,0,0,0,0,0,0,0,0,0
33,30,64,0,0,0,0,0,0,0,0,0
34,52,1,0,0,0,0,0,0,0,0,0
35,2,0,0,0,0,0,0,0,0,0,0
36,30,64,0,0,0,0,0,0,0,0,0
37,54,64,0,0,0,0,0,0,0,0,0
38,30,64,0,0,0,0,0,0,0,0,0
39,12,64,0,0,0,0,0,0,0,0,0
40,31,0,0,0,0,0,0,0,0,0,0
41,2,0,0,0,0,0,0,0,0,0,0
42,2,0,0,0,0,0,0,0,0,0,0
43,30,32,0,0,0,0,0,0,0,0,0
44,11,32,0,0,0,0,0,0,0,0,0
45,31,0,0,0,0,0,0,0,0,0,0
46,2,0,0,0,0,0,0,0,0,0,0
47,30,64,0,0,0,0,0,0,0,0,0
48,47,0,0,0,0,0,0,0,0,0,0
49,54,0,0,0,0,0,0,0,0,0,0
50,47,0,0,0,0,0,0,0,0,0,0
51,54,0,0,0,0,0,0,0,0,0,0
52,47,0,0,0,0,0,0,0,0,0,0
53,54,0,0,0,0,0,0,0,0,0,0
54,1,0,0,0,0,0,0,0,0,0,0
55,29,0,0,0,0,0,0,0,0,0,0
56,29,0,0,0,0,0,0,0,0,0,0
57,31,0,0,0,0,0,0,0,0,0,0
58,30,64,0,0,0,0,0,0,0,0,0
59,52,1,0,0,0,0,0,0,0,0,0
60,2,0,0,0,0,0,0,0,0,0,0
61,30,64,0,0,0,0,0,0,0,0,0
62,12,64,0,0,0,0,0,0,0,0,0
63,30,64,0,0,0,0,0,0,0,0,0
64,16,64,0,0,0,0,0,0,0,0,0
65,12,64,0,0,0,0,0,0,0,0,0
66,30,64,0,0,0,0,0,0,0,0,0
67,16,64,0,0,0,0,0,0,0,0,0
68,12,64,0,0,0,0,0,0,0,0,0
69,30,64,0,0,0,0,0,0,0,0,0
70,16,64,0,0,0,0,0,0,0,0,0
71,12,64,0,0,0,0,0,0,0,0,0
72,30,64,0,0,0,0,0,0,0,0,0
73,16,64,0,0,0,0,0,0,0,0,0
74,12,64,0,0,0,0,0,0,0,0,0
75,30,64,0,0,0,0,0,0,0,0,0
76,16,64,0,0,0,0,0,0,0,0,0
77,12,64,0,0,0,0,0,0,0,0,0
78,31,0,0,0,0,0,0,0,0,0,0
79,2,0,0,0,0,0,0,0,0,0,0
80,30,64,0,0,0,0,0,0,0,0,0
81,12,64,0,0,0,0,0,0,0,0,0
82,30,64,0,0,0,0,0,0,0,0,0
83,16,64,0,0,0,0,0,0,0,0,0
84,12,64,0,0,0,0,0,0,0,0,0
85,30,64,0,0,0,0,0,0,0,0,0
86,16,64,0,0,0,0,0,0,0,0,0
87,12,64,0,0,0,0,0,0,0,0,0
88,30,64,0,0,0,0,0,0,0,0,0
89,16,64,0,0,0,0,0,0,0,0,0
90,12,64,0,0,0,0,0,0,0,0,0
91,30,64,0,0,0,0,0,0,0,0,0
92,16,64,0,0,0,0,0,0,0,0,0
93,12,64,0,0,0,0,0,0,0,0,0
94,30,64,0,0,0,0,0,0,0,0,0
95,16,64,0,0,0,0,0,0,0,0,0
96,12,64,0,0,0,0,0,0,0,0,0
97,31,0,0,0,0,0,0,0,0,0,0
98,2,0,0,0,0,0,0,0,0,0,0
99,30,64,0,0,0,0,0,0,0,0,0
100,1,0,0,0,0,0,0,0,0,0,0
105
1,21
1,6
2,26
2,7
3,52
3,36
3,33
3,32
3,8
4,50
4,47
4,40
4,38
4,12
4,10
5,48
5,45
5,43
5,27
5,22
5,18
5,16
5,13
8,9
10,11
13,14
18,19
19,20
21,24
22,23
23,24
24,25
25,31
26,29
27,28
28,29
29,30
30,31
31,32
33,34
34,35
36,37
37,39
38,39
39,40
43,44
44,45
47,54
48,49
50,51
52,53
55,99
55,97
55,78
56,94
56,91
56,88
56,85
56,82
56,80
56,75
56,72
56,69
56,66
56,63
56,61
56,58
56,57
58,59
59,60
61,62
62,64
63,64
64,65
65,67
66,67
67,68
68,70
69,70
70,71
71,73
72,73
73,74
74,76
75,76
76,77
77,78
80,81
81,83
82,83
83,84
84,86
85,86
86,87
87,89
88,89
89,90
90,92
91,92
92,93
93,95
94,95
95,96
96,97
99,100
