83
1,29,0,0,0,0,0,0,0,0,0,0
2,29,0,0,0,0,0,0,0,0,0,0
3,29,0,0,0,0,0,0,0,0,0,0
4,29,0,0,0,0,0,0,0,0,0,0
5,29,0,0,0,0,0,0,0,0,0,0
6,29,0,0,0,0,0,0,0,0,0,0
7,31,0,0,0,0,0,0,0,0,0,0
8,31,0,0,0,0,0,0,0,0,0,0
9,31,0,0,0,0,0,0,0,0,0,0
10,2,0,0,0,0,0,0,0,0,0,0
11,47,0,0,0,0,0,0,0,0,0,0
12,54,0,0,0,0,0,0,0,0,0,0
13,31,0,0,0,0,0,0,0,0,0,0
14,2,0,0,0,0,0,0,0,0,0,0
15,30,32,0,0,0,0,0,0,0,0,0
16,51,1,0,0,0,0,0,0,0,0,0
17,2,0,0,0,0,0,0,0,0,0,0
18,47,0,0,0,0,0,0,0,0,0,0
19,54,0,0,0,0,0,0,0,0,0,0
20,2,0,0,0,0,0,0,0,0,0,0
21,47,0,0,0,0,0,0,0,0,0,0
22,54,0,0,0,0,0,0,0,0,0,0
23,30,0,0,0,0,0,0,0,0,0,0
24,30,32,0,0,0,0,0,0,0,0,0
25,38,64,0,0,0,0,0,0,0,0,0
26,32,0,0,0,0,0,0,0,0,0,0
27,30,64,0,0,0,0,0,0,0,0,0
28,31,0,0,0,0,0,0,0,0,0,0
29,30,64,0,0,0,0,0,0,0,0,0
30,52,1,0,0,0,0,0,0,0,0,0
31,2,0,0,0,0,0,0,0,0,0,0
32,47,0,0,0,0,0,0,0,0,0,0
33,54,0,0,0,0,0,0,0,0,0,0
34,30,0,0,0,0,0,0,0,0,0,0
35,30,0,0,0,0,0,0,0,0,0,0
36,30,32,0,0,0,0,0,0,0,0,0
37,38,64,0,0,0,0,0,0,0,0,0
38,32,0,0,0,0,0,0,0,0,0,0
39,30,32,0,0,0,0,0,0,0,0,0
40,38,64,0,0,0,0,0,0,0,0,0
41,32,0,0,0,0,0,0,0,0,0,0
42,30,64,0,0,0,0,0,0,0,0,0
43,31,0,0,0,0,0,0,0,0,0,0
44,30,0,0,0,0,0,0,0,0,0,0
45,30,64,0,0,0,0,0,0,0,0,0
46,30,32,0,0,0,0,0,0,0,0,0
47,30,0,0,0,0,0,0,0,0,0,0
48,30,64,0,0,0,0,0,0,0,0,0
49,54,0,0,0,0,0,0,0,0,0,0
50,47,0,0,0,0,0,0,0,0,0,0
51,54,0,0,0,0,0,0,0,0,0,0
52,2,0,0,0,0,0,0,0,0,0,0
53,47,0,0,0,0,0,0,0,0,0,0
54,54,0,0,0,0,0,0,0,0,0,0
55,2,0,0,0,0,0,0,0,0,0,0
56,30,32,0,0,0,0,0,0,0,0,0
57,11,32,0,0,0,0,0,0,0,0,0
58,31,0,0,0,0,0,0,0,0,0,0
59,2,0,0,0,0,0,0,0,0,0,0
60,1,0,0,0,0,0,0,0,0,0,0
61,29,0,0,0,0,0,0,0,0,0,0
62,29,0,0,0,0,0,0,0,0,0,0
63,29,0,0,0,0,0,0,0,0,0,0
64,29,0,0,0,0,0,0,0,0,0,0
65,29,0,0,0,0,0,0,0,0,0,0
66,31,0,0,0,0,0,0,0,0,0,0
67,31,0,0,0,0,0,0,0,0,0,0
68,31,0,0,0,0,0,0,0,0,0,0
69,31,0,0,0,0,0,0,0,0,0,0
70,31,0,0,0,0,0,0,0,0,0,0
71,30,64,0,0,0,0,0,0,0,0,0
72,30,64,0,0,0,0,0,0,0,0,0
73,12,64,0,0,0,0,0,0,0,0,0
74,30,0,0,0,0,0,0,0,0,0,0
75,30,0,0,0,0,0,0,0,0,0,0
76,30,32,0,0,0,0,0,0,0,0,0
77,38,64,0,0,0,0,0,0,0,0,0
78,32,0,0,0,0,0,0,0,0,0,0
79,30,32,0,0,0,0,0,0,0,0,0
80,38,64,0,0,0,0,0,0,0,0,0
81,32,0,0,0,0,0,0,0,0,0,0
82,31,0,0,0,0,0,0,0,0,0,0
83,1,0,0,0,0,0,0,0,0,0,0
78
1,44
1,35
1,7
2,23
2,8
3,47
3,34
3,9
4,58
4,56
4,46
4,36
4,24
4,18
4,15
4,13
4,11
5,53
5,45
5,29
5,28
5,21
6,50
6,48
6,43
6,32
11,12
15,16
16,17
18,19
21,22
23,26
24,25
25,26
26,27
27,28
29,30
30,31
32,33
34,41
35,38
36,37
37,38
38,39
39,40
40,41
41,42
42,43
44,49
45,49
46,49
47,49
48,49
50,51
53,54
56,57
57,58
61,75
61,66
62,72
62,67
63,76
63,68
64,74
64,69
65,71
65,70
71,73
72,73
73,82
74,81
75,78
76,77
77,78
78,79
79,80
80,81
81,82
