467
1,2,0,0,0,0,0,0,0,0,0,0,0
2,2,0,0,0,0,0,0,0,0,0,0,0
3,53,64,0,1,0,0,0,0,0,0,0,0
4,51,1,0,1,0,0,0,0,0,0,0,0
5,2,0,0,1,0,0,0,0,0,0,0,0
6,2,0,0,0,0,0,0,0,0,0,0,0
7,32,0,0,1,0,0,0,0,0,0,0,0
8,30,32,0,1,0,0,0,0,0,0,0,0
9,51,1,0,1,0,0,0,0,0,0,0,0
10,2,0,0,1,0,0,0,0,0,0,0,0
11,51,1,0,1,0,0,0,0,0,0,0,0
12,2,0,0,1,0,0,0,0,0,0,0,0
13,30,32,0,1,0,0,0,0,0,0,0,0
14,11,32,0,1,0,0,0,0,0,0,0,0
15,31,0,0,1,0,0,0,0,0,0,0,0
16,2,0,0,1,0,0,0,0,0,0,0,0
17,51,1,0,1,0,0,0,0,0,0,0,0
18,2,0,0,1,0,0,0,0,0,0,0,0
19,51,1,0,1,0,0,0,0,0,0,0,0
20,2,0,0,1,0,0,0,0,0,0,0,0
21,32,0,0,1,0,0,0,0,0,0,0,0
22,30,32,0,1,0,0,0,0,0,0,0,0
23,11,32,0,1,0,0,0,0,0,0,0,0
24,31,0,0,1,0,0,0,0,0,0,0,0
25,2,0,0,1,0,0,0,0,0,0,0,0
26,51,1,0,1,0,0,0,0,0,0,0,0
27,2,0,0,1,0,0,0,0,0,0,0,0
28,51,1,0,1,0,0,0,0,0,0,0,0
29,2,0,0,1,0,0,0,0,0,0,0,0
30,32,0,0,1,0,0,0,0,0,0,0,0
31,30,32,0,1,0,0,0,0,0,0,0,0
32,11,32,0,1,0,0,0,0,0,0,0,0
33,31,0,0,1,0,0,0,0,0,0,0,0
34,2,0,0,1,0,0,0,0,0,0,0,0
35,51,1,0,1,0,0,0,0,0,0,0,0
36,2,0,0,1,0,0,0,0,0,0,0,0
37,51,1,0,1,0,0,0,0,0,0,0,0
38,2,0,0,1,0,0,0,0,0,0,0,0
39,32,0,0,1,0,0,0,0,0,0,0,0
40,30,32,0,1,0,0,0,0,0,0,0,0
41,11,32,0,1,0,0,0,0,0,0,0,0
42,31,0,0,1,0,0,0,0,0,0,0,0
43,2,0,0,1,0,0,0,0,0,0,0,0
44,32,0,0,1,0,0,0,0,0,0,0,0
45,30,32,0,1,0,0,0,0,0,0,0,0
46,11,32,0,1,0,0,0,0,0,0,0,0
47,31,0,0,1,0,0,0,0,0,0,0,0
48,2,0,0,1,0,0,0,0,0,0,0,0
49,2,0,0,1,0,0,0,0,0,0,0,0
50,2,0,0,1,0,0,0,0,0,0,0,0
51,2,0,0,1,0,0,0,0,0,0,0,0
52,2,0,0,1,0,0,0,0,0,0,0,0
53,11,64,0,1,0,0,0,0,0,0,0,0
54,2,0,0,1,0,0,0,0,0,0,0,0
55,2,0,0,0,0,0,0,0,0,0,0,0
56,2,0,0,0,0,0,0,0,0,0,0,0
57,53,64,0,1,0,0,0,0,0,0,0,0
58,51,1,0,1,0,0,0,0,0,0,0,0
59,2,0,0,1,0,0,0,0,0,0,0,0
60,2,0,0,0,0,0,0,0,0,0,0,0
61,32,0,0,1,0,0,0,0,0,0,0,0
62,30,32,0,1,0,0,0,0,0,0,0,0
63,51,1,0,1,0,0,0,0,0,0,0,0
64,2,0,0,1,0,0,0,0,0,0,0,0
65,51,1,0,1,0,0,0,0,0,0,0,0
66,2,0,0,1,0,0,0,0,0,0,0,0
67,30,32,0,1,0,0,0,0,0,0,0,0
68,11,32,0,1,0,0,0,0,0,0,0,0
69,31,0,0,1,0,0,0,0,0,0,0,0
70,2,0,0,1,0,0,0,0,0,0,0,0
71,51,1,0,1,0,0,0,0,0,0,0,0
72,2,0,0,1,0,0,0,0,0,0,0,0
73,51,1,0,1,0,0,0,0,0,0,0,0
74,2,0,0,1,0,0,0,0,0,0,0,0
75,32,0,0,1,0,0,0,0,0,0,0,0
76,30,32,0,1,0,0,0,0,0,0,0,0
77,11,32,0,1,0,0,0,0,0,0,0,0
78,31,0,0,1,0,0,0,0,0,0,0,0
79,2,0,0,1,0,0,0,0,0,0,0,0
80,51,1,0,1,0,0,0,0,0,0,0,0
81,2,0,0,1,0,0,0,0,0,0,0,0
82,51,1,0,1,0,0,0,0,0,0,0,0
83,2,0,0,1,0,0,0,0,0,0,0,0
84,32,0,0,1,0,0,0,0,0,0,0,0
85,30,32,0,1,0,0,0,0,0,0,0,0
86,11,32,0,1,0,0,0,0,0,0,0,0
87,31,0,0,1,0,0,0,0,0,0,0,0
88,2,0,0,1,0,0,0,0,0,0,0,0
89,51,1,0,1,0,0,0,0,0,0,0,0
90,2,0,0,1,0,0,0,0,0,0,0,0
91,51,1,0,1,0,0,0,0,0,0,0,0
92,2,0,0,1,0,0,0,0,0,0,0,0
93,32,0,0,1,0,0,0,0,0,0,0,0
94,30,32,0,1,0,0,0,0,0,0,0,0
95,11,32,0,1,0,0,0,0,0,0,0,0
96,31,0,0,1,0,0,0,0,0,0,0,0
97,2,0,0,1,0,0,0,0,0,0,0,0
98,32,0,0,1,0,0,0,0,0,0,0,0
99,30,32,0,1,0,0,0,0,0,0,0,0
100,11,32,0,1,0,0,0,0,0,0,0,0
101,31,0,0,1,0,0,0,0,0,0,0,0
102,2,0,0,1,0,0,0,0,0,0,0,0
103,2,0,0,1,0,0,0,0,0,0,0,0
104,2,0,0,1,0,0,0,0,0,0,0,0
105,2,0,0,1,0,0,0,0,0,0,0,0
106,2,0,0,1,0,0,0,0,0,0,0,0
107,11,64,0,1,0,0,0,0,0,0,0,0
108,2,0,0,1,0,0,0,0,0,0,0,0
109,2,0,0,0,0,0,0,0,0,0,0,0
110,2,0,0,0,0,0,0,0,0,0,0,0
111,53,64,0,1,0,0,0,0,0,0,0,0
112,51,1,0,1,0,0,0,0,0,0,0,0
113,2,0,0,1,0,0,0,0,0,0,0,0
114,2,0,0,0,0,0,0,0,0,0,0,0
115,32,0,0,1,0,0,0,0,0,0,0,0
116,30,32,0,1,0,0,0,0,0,0,0,0
117,51,1,0,1,0,0,0,0,0,0,0,0
118,2,0,0,1,0,0,0,0,0,0,0,0
119,51,1,0,1,0,0,0,0,0,0,0,0
120,2,0,0,1,0,0,0,0,0,0,0,0
121,30,32,0,1,0,0,0,0,0,0,0,0
122,11,32,0,1,0,0,0,0,0,0,0,0
123,31,0,0,1,0,0,0,0,0,0,0,0
124,2,0,0,1,0,0,0,0,0,0,0,0
125,51,1,0,1,0,0,0,0,0,0,0,0
126,2,0,0,1,0,0,0,0,0,0,0,0
127,51,1,0,1,0,0,0,0,0,0,0,0
128,2,0,0,1,0,0,0,0,0,0,0,0
129,32,0,0,1,0,0,0,0,0,0,0,0
130,30,32,0,1,0,0,0,0,0,0,0,0
131,11,32,0,1,0,0,0,0,0,0,0,0
132,31,0,0,1,0,0,0,0,0,0,0,0
133,2,0,0,1,0,0,0,0,0,0,0,0
134,51,1,0,1,0,0,0,0,0,0,0,0
135,2,0,0,1,0,0,0,0,0,0,0,0
136,51,1,0,1,0,0,0,0,0,0,0,0
137,2,0,0,1,0,0,0,0,0,0,0,0
138,32,0,0,1,0,0,0,0,0,0,0,0
139,30,32,0,1,0,0,0,0,0,0,0,0
140,11,32,0,1,0,0,0,0,0,0,0,0
141,31,0,0,1,0,0,0,0,0,0,0,0
142,2,0,0,1,0,0,0,0,0,0,0,0
143,51,1,0,1,0,0,0,0,0,0,0,0
144,2,0,0,1,0,0,0,0,0,0,0,0
145,51,1,0,1,0,0,0,0,0,0,0,0
146,2,0,0,1,0,0,0,0,0,0,0,0
147,32,0,0,1,0,0,0,0,0,0,0,0
148,30,32,0,1,0,0,0,0,0,0,0,0
149,11,32,0,1,0,0,0,0,0,0,0,0
150,31,0,0,1,0,0,0,0,0,0,0,0
151,2,0,0,1,0,0,0,0,0,0,0,0
152,32,0,0,1,0,0,0,0,0,0,0,0
153,30,32,0,1,0,0,0,0,0,0,0,0
154,11,32,0,1,0,0,0,0,0,0,0,0
155,31,0,0,1,0,0,0,0,0,0,0,0
156,2,0,0,1,0,0,0,0,0,0,0,0
157,2,0,0,1,0,0,0,0,0,0,0,0
158,2,0,0,1,0,0,0,0,0,0,0,0
159,2,0,0,1,0,0,0,0,0,0,0,0
160,2,0,0,1,0,0,0,0,0,0,0,0
161,11,64,0,1,0,0,0,0,0,0,0,0
162,2,0,0,1,0,0,0,0,0,0,0,0
163,2,0,0,0,0,0,0,0,0,0,0,0
164,2,0,0,0,0,0,0,0,0,0,0,0
165,53,64,0,1,0,0,0,0,0,0,0,0
166,51,1,0,1,0,0,0,0,0,0,0,0
167,2,0,0,1,0,0,0,0,0,0,0,0
168,2,0,0,0,0,0,0,0,0,0,0,0
169,32,0,0,1,0,0,0,0,0,0,0,0
170,30,32,0,1,0,0,0,0,0,0,0,0
171,51,1,0,1,0,0,0,0,0,0,0,0
172,2,0,0,1,0,0,0,0,0,0,0,0
173,51,1,0,1,0,0,0,0,0,0,0,0
174,2,0,0,1,0,0,0,0,0,0,0,0
175,30,32,0,1,0,0,0,0,0,0,0,0
176,11,32,0,1,0,0,0,0,0,0,0,0
177,31,0,0,1,0,0,0,0,0,0,0,0
178,2,0,0,1,0,0,0,0,0,0,0,0
179,51,1,0,1,0,0,0,0,0,0,0,0
180,2,0,0,1,0,0,0,0,0,0,0,0
181,51,1,0,1,0,0,0,0,0,0,0,0
182,2,0,0,1,0,0,0,0,0,0,0,0
183,32,0,0,1,0,0,0,0,0,0,0,0
184,30,32,0,1,0,0,0,0,0,0,0,0
185,11,32,0,1,0,0,0,0,0,0,0,0
186,31,0,0,1,0,0,0,0,0,0,0,0
187,2,0,0,1,0,0,0,0,0,0,0,0
188,51,1,0,1,0,0,0,0,0,0,0,0
189,2,0,0,1,0,0,0,0,0,0,0,0
190,51,1,0,1,0,0,0,0,0,0,0,0
191,2,0,0,1,0,0,0,0,0,0,0,0
192,32,0,0,1,0,0,0,0,0,0,0,0
193,30,32,0,1,0,0,0,0,0,0,0,0
194,11,32,0,1,0,0,0,0,0,0,0,0
195,31,0,0,1,0,0,0,0,0,0,0,0
196,2,0,0,1,0,0,0,0,0,0,0,0
197,51,1,0,1,0,0,0,0,0,0,0,0
198,2,0,0,1,0,0,0,0,0,0,0,0
199,51,1,0,1,0,0,0,0,0,0,0,0
200,2,0,0,1,0,0,0,0,0,0,0,0
201,32,0,0,1,0,0,0,0,0,0,0,0
202,30,32,0,1,0,0,0,0,0,0,0,0
203,11,32,0,1,0,0,0,0,0,0,0,0
204,31,0,0,1,0,0,0,0,0,0,0,0
205,2,0,0,1,0,0,0,0,0,0,0,0
206,32,0,0,1,0,0,0,0,0,0,0,0
207,30,32,0,1,0,0,0,0,0,0,0,0
208,11,32,0,1,0,0,0,0,0,0,0,0
209,31,0,0,1,0,0,0,0,0,0,0,0
210,2,0,0,1,0,0,0,0,0,0,0,0
211,2,0,0,1,0,0,0,0,0,0,0,0
212,2,0,0,1,0,0,0,0,0,0,0,0
213,2,0,0,1,0,0,0,0,0,0,0,0
214,2,0,0,1,0,0,0,0,0,0,0,0
215,11,64,0,1,0,0,0,0,0,0,0,0
216,2,0,0,1,0,0,0,0,0,0,0,0
217,2,0,0,0,0,0,0,0,0,0,0,0
218,2,0,0,0,0,0,0,0,0,0,0,0
219,53,64,0,1,0,0,0,0,0,0,0,0
220,51,1,0,1,0,0,0,0,0,0,0,0
221,2,0,0,1,0,0,0,0,0,0,0,0
222,2,0,0,0,0,0,0,0,0,0,0,0
223,32,0,0,1,0,0,0,0,0,0,0,0
224,30,32,0,1,0,0,0,0,0,0,0,0
225,51,1,0,1,0,0,0,0,0,0,0,0
226,2,0,0,1,0,0,0,0,0,0,0,0
227,51,1,0,1,0,0,0,0,0,0,0,0
228,2,0,0,1,0,0,0,0,0,0,0,0
229,30,32,0,1,0,0,0,0,0,0,0,0
230,11,32,0,1,0,0,0,0,0,0,0,0
231,31,0,0,1,0,0,0,0,0,0,0,0
232,2,0,0,1,0,0,0,0,0,0,0,0
233,51,1,0,1,0,0,0,0,0,0,0,0
234,2,0,0,1,0,0,0,0,0,0,0,0
235,51,1,0,1,0,0,0,0,0,0,0,0
236,2,0,0,1,0,0,0,0,0,0,0,0
237,32,0,0,1,0,0,0,0,0,0,0,0
238,30,32,0,1,0,0,0,0,0,0,0,0
239,11,32,0,1,0,0,0,0,0,0,0,0
240,31,0,0,1,0,0,0,0,0,0,0,0
241,2,0,0,1,0,0,0,0,0,0,0,0
242,51,1,0,1,0,0,0,0,0,0,0,0
243,2,0,0,1,0,0,0,0,0,0,0,0
244,51,1,0,1,0,0,0,0,0,0,0,0
245,2,0,0,1,0,0,0,0,0,0,0,0
246,32,0,0,1,0,0,0,0,0,0,0,0
247,30,32,0,1,0,0,0,0,0,0,0,0
248,11,32,0,1,0,0,0,0,0,0,0,0
249,31,0,0,1,0,0,0,0,0,0,0,0
250,2,0,0,1,0,0,0,0,0,0,0,0
251,51,1,0,1,0,0,0,0,0,0,0,0
252,2,0,0,1,0,0,0,0,0,0,0,0
253,51,1,0,1,0,0,0,0,0,0,0,0
254,2,0,0,1,0,0,0,0,0,0,0,0
255,32,0,0,1,0,0,0,0,0,0,0,0
256,30,32,0,1,0,0,0,0,0,0,0,0
257,11,32,0,1,0,0,0,0,0,0,0,0
258,31,0,0,1,0,0,0,0,0,0,0,0
259,2,0,0,1,0,0,0,0,0,0,0,0
260,32,0,0,1,0,0,0,0,0,0,0,0
261,30,32,0,1,0,0,0,0,0,0,0,0
262,11,32,0,1,0,0,0,0,0,0,0,0
263,31,0,0,1,0,0,0,0,0,0,0,0
264,2,0,0,1,0,0,0,0,0,0,0,0
265,2,0,0,1,0,0,0,0,0,0,0,0
266,2,0,0,1,0,0,0,0,0,0,0,0
267,2,0,0,1,0,0,0,0,0,0,0,0
268,2,0,0,1,0,0,0,0,0,0,0,0
269,11,64,0,1,0,0,0,0,0,0,0,0
270,2,0,0,1,0,0,0,0,0,0,0,0
271,2,0,0,0,0,0,0,0,0,0,0,0
272,2,0,0,0,0,0,0,0,0,0,0,0
273,53,64,0,1,0,0,0,0,0,0,0,0
274,51,1,0,1,0,0,0,0,0,0,0,0
275,2,0,0,1,0,0,0,0,0,0,0,0
276,2,0,0,0,0,0,0,0,0,0,0,0
277,32,0,0,1,0,0,0,0,0,0,0,0
278,30,32,0,1,0,0,0,0,0,0,0,0
279,51,1,0,1,0,0,0,0,0,0,0,0
280,2,0,0,1,0,0,0,0,0,0,0,0
281,51,1,0,1,0,0,0,0,0,0,0,0
282,2,0,0,1,0,0,0,0,0,0,0,0
283,30,32,0,1,0,0,0,0,0,0,0,0
284,11,32,0,1,0,0,0,0,0,0,0,0
285,31,0,0,1,0,0,0,0,0,0,0,0
286,2,0,0,1,0,0,0,0,0,0,0,0
287,51,1,0,1,0,0,0,0,0,0,0,0
288,2,0,0,1,0,0,0,0,0,0,0,0
289,51,1,0,1,0,0,0,0,0,0,0,0
290,2,0,0,1,0,0,0,0,0,0,0,0
291,32,0,0,1,0,0,0,0,0,0,0,0
292,30,32,0,1,0,0,0,0,0,0,0,0
293,11,32,0,1,0,0,0,0,0,0,0,0
294,31,0,0,1,0,0,0,0,0,0,0,0
295,2,0,0,1,0,0,0,0,0,0,0,0
296,51,1,0,1,0,0,0,0,0,0,0,0
297,2,0,0,1,0,0,0,0,0,0,0,0
298,51,1,0,1,0,0,0,0,0,0,0,0
299,2,0,0,1,0,0,0,0,0,0,0,0
300,32,0,0,1,0,0,0,0,0,0,0,0
301,30,32,0,1,0,0,0,0,0,0,0,0
302,11,32,0,1,0,0,0,0,0,0,0,0
303,31,0,0,1,0,0,0,0,0,0,0,0
304,2,0,0,1,0,0,0,0,0,0,0,0
305,51,1,0,1,0,0,0,0,0,0,0,0
306,2,0,0,1,0,0,0,0,0,0,0,0
307,51,1,0,1,0,0,0,0,0,0,0,0
308,2,0,0,1,0,0,0,0,0,0,0,0
309,32,0,0,1,0,0,0,0,0,0,0,0
310,30,32,0,1,0,0,0,0,0,0,0,0
311,11,32,0,1,0,0,0,0,0,0,0,0
312,31,0,0,1,0,0,0,0,0,0,0,0
313,2,0,0,1,0,0,0,0,0,0,0,0
314,32,0,0,1,0,0,0,0,0,0,0,0
315,30,32,0,1,0,0,0,0,0,0,0,0
316,11,32,0,1,0,0,0,0,0,0,0,0
317,31,0,0,1,0,0,0,0,0,0,0,0
318,2,0,0,1,0,0,0,0,0,0,0,0
319,2,0,0,1,0,0,0,0,0,0,0,0
320,2,0,0,1,0,0,0,0,0,0,0,0
321,2,0,0,1,0,0,0,0,0,0,0,0
322,2,0,0,1,0,0,0,0,0,0,0,0
323,11,64,0,1,0,0,0,0,0,0,0,0
324,2,0,0,1,0,0,0,0,0,0,0,0
325,2,0,0,0,0,0,0,0,0,0,0,0
326,2,0,0,0,0,0,0,0,0,0,0,0
327,53,64,0,1,0,0,0,0,0,0,0,0
328,51,1,0,1,0,0,0,0,0,0,0,0
329,2,0,0,1,0,0,0,0,0,0,0,0
330,2,0,0,0,0,0,0,0,0,0,0,0
331,32,0,0,1,0,0,0,0,0,0,0,0
332,30,32,0,1,0,0,0,0,0,0,0,0
333,51,1,0,1,0,0,0,0,0,0,0,0
334,2,0,0,1,0,0,0,0,0,0,0,0
335,51,1,0,1,0,0,0,0,0,0,0,0
336,2,0,0,1,0,0,0,0,0,0,0,0
337,30,32,0,1,0,0,0,0,0,0,0,0
338,11,32,0,1,0,0,0,0,0,0,0,0
339,31,0,0,1,0,0,0,0,0,0,0,0
340,2,0,0,1,0,0,0,0,0,0,0,0
341,51,1,0,1,0,0,0,0,0,0,0,0
342,2,0,0,1,0,0,0,0,0,0,0,0
343,51,1,0,1,0,0,0,0,0,0,0,0
344,2,0,0,1,0,0,0,0,0,0,0,0
345,32,0,0,1,0,0,0,0,0,0,0,0
346,30,32,0,1,0,0,0,0,0,0,0,0
347,11,32,0,1,0,0,0,0,0,0,0,0
348,31,0,0,1,0,0,0,0,0,0,0,0
349,2,0,0,1,0,0,0,0,0,0,0,0
350,51,1,0,1,0,0,0,0,0,0,0,0
351,2,0,0,1,0,0,0,0,0,0,0,0
352,51,1,0,1,0,0,0,0,0,0,0,0
353,2,0,0,1,0,0,0,0,0,0,0,0
354,32,0,0,1,0,0,0,0,0,0,0,0
355,30,32,0,1,0,0,0,0,0,0,0,0
356,11,32,0,1,0,0,0,0,0,0,0,0
357,31,0,0,1,0,0,0,0,0,0,0,0
358,2,0,0,1,0,0,0,0,0,0,0,0
359,51,1,0,1,0,0,0,0,0,0,0,0
360,2,0,0,1,0,0,0,0,0,0,0,0
361,51,1,0,1,0,0,0,0,0,0,0,0
362,2,0,0,1,0,0,0,0,0,0,0,0
363,32,0,0,1,0,0,0,0,0,0,0,0
364,30,32,0,1,0,0,0,0,0,0,0,0
365,11,32,0,1,0,0,0,0,0,0,0,0
366,31,0,0,1,0,0,0,0,0,0,0,0
367,2,0,0,1,0,0,0,0,0,0,0,0
368,32,0,0,1,0,0,0,0,0,0,0,0
369,30,32,0,1,0,0,0,0,0,0,0,0
370,11,32,0,1,0,0,0,0,0,0,0,0
371,31,0,0,1,0,0,0,0,0,0,0,0
372,2,0,0,1,0,0,0,0,0,0,0,0
373,2,0,0,1,0,0,0,0,0,0,0,0
374,2,0,0,1,0,0,0,0,0,0,0,0
375,2,0,0,1,0,0,0,0,0,0,0,0
376,2,0,0,1,0,0,0,0,0,0,0,0
377,11,64,0,1,0,0,0,0,0,0,0,0
378,2,0,0,1,0,0,0,0,0,0,0,0
379,2,0,0,0,0,0,0,0,0,0,0,0
380,2,0,0,0,0,0,0,0,0,0,0,0
381,53,64,0,1,0,0,0,0,0,0,0,0
382,51,1,0,1,0,0,0,0,0,0,0,0
383,2,0,0,1,0,0,0,0,0,0,0,0
384,2,0,0,0,0,0,0,0,0,0,0,0
385,32,0,0,1,0,0,0,0,0,0,0,0
386,30,32,0,1,0,0,0,0,0,0,0,0
387,51,1,0,1,0,0,0,0,0,0,0,0
388,2,0,0,1,0,0,0,0,0,0,0,0
389,51,1,0,1,0,0,0,0,0,0,0,0
390,2,0,0,1,0,0,0,0,0,0,0,0
391,30,32,0,1,0,0,0,0,0,0,0,0
392,11,32,0,1,0,0,0,0,0,0,0,0
393,31,0,0,1,0,0,0,0,0,0,0,0
394,2,0,0,1,0,0,0,0,0,0,0,0
395,51,1,0,1,0,0,0,0,0,0,0,0
396,2,0,0,1,0,0,0,0,0,0,0,0
397,51,1,0,1,0,0,0,0,0,0,0,0
398,2,0,0,1,0,0,0,0,0,0,0,0
399,32,0,0,1,0,0,0,0,0,0,0,0
400,30,32,0,1,0,0,0,0,0,0,0,0
401,11,32,0,1,0,0,0,0,0,0,0,0
402,31,0,0,1,0,0,0,0,0,0,0,0
403,2,0,0,1,0,0,0,0,0,0,0,0
404,51,1,0,1,0,0,0,0,0,0,0,0
405,2,0,0,1,0,0,0,0,0,0,0,0
406,51,1,0,1,0,0,0,0,0,0,0,0
407,2,0,0,1,0,0,0,0,0,0,0,0
408,32,0,0,1,0,0,0,0,0,0,0,0
409,30,32,0,1,0,0,0,0,0,0,0,0
410,11,32,0,1,0,0,0,0,0,0,0,0
411,31,0,0,1,0,0,0,0,0,0,0,0
412,2,0,0,1,0,0,0,0,0,0,0,0
413,51,1,0,1,0,0,0,0,0,0,0,0
414,2,0,0,1,0,0,0,0,0,0,0,0
415,51,1,0,1,0,0,0,0,0,0,0,0
416,2,0,0,1,0,0,0,0,0,0,0,0
417,32,0,0,1,0,0,0,0,0,0,0,0
418,30,32,0,1,0,0,0,0,0,0,0,0
419,11,32,0,1,0,0,0,0,0,0,0,0
420,31,0,0,1,0,0,0,0,0,0,0,0
421,2,0,0,1,0,0,0,0,0,0,0,0
422,32,0,0,1,0,0,0,0,0,0,0,0
423,30,32,0,1,0,0,0,0,0,0,0,0
424,11,32,0,1,0,0,0,0,0,0,0,0
425,31,0,0,1,0,0,0,0,0,0,0,0
426,2,0,0,1,0,0,0,0,0,0,0,0
427,2,0,0,1,0,0,0,0,0,0,0,0
428,2,0,0,1,0,0,0,0,0,0,0,0
429,2,0,0,1,0,0,0,0,0,0,0,0
430,2,0,0,1,0,0,0,0,0,0,0,0
431,11,64,0,1,0,0,0,0,0,0,0,0
432,2,0,0,1,0,0,0,0,0,0,0,0
433,2,0,0,0,0,0,0,0,0,0,0,0
434,2,0,0,0,0,0,0,0,0,0,0,0
435,53,64,0,1,0,0,0,0,0,0,0,0
436,51,1,0,1,0,0,0,0,0,0,0,0
437,2,0,0,1,0,0,0,0,0,0,0,0
438,2,0,0,0,0,0,0,0,0,0,0,0
439,32,0,0,1,0,0,0,0,0,0,0,0
440,30,32,0,1,0,0,0,0,0,0,0,0
441,32,0,0,1,0,0,0,0,0,0,0,0
442,30,32,0,1,0,0,0,0,0,0,0,0
443,11,32,0,1,0,0,0,0,0,0,0,0
444,32,0,0,1,0,0,0,0,0,0,0,0
445,30,32,0,1,0,0,0,0,0,0,0,0
446,11,32,0,1,0,0,0,0,0,0,0,0
447,32,0,0,1,0,0,0,0,0,0,0,0
448,30,32,0,1,0,0,0,0,0,0,0,0
449,11,32,0,1,0,0,0,0,0,0,0,0
450,32,0,0,1,0,0,0,0,0,0,0,0
451,30,32,0,1,0,0,0,0,0,0,0,0
452,11,32,0,1,0,0,0,0,0,0,0,0
453,32,0,0,1,0,0,0,0,0,0,0,0
454,30,32,0,1,0,0,0,0,0,0,0,0
455,11,32,0,1,0,0,0,0,0,0,0,0
456,32,0,0,1,0,0,0,0,0,0,0,0
457,30,32,0,1,0,0,0,0,0,0,0,0
458,11,32,0,1,0,0,0,0,0,0,0,0
459,32,0,0,1,0,0,0,0,0,0,0,0
460,30,32,0,1,0,0,0,0,0,0,0,0
461,11,32,0,1,0,0,0,0,0,0,0,0
462,32,0,0,1,0,0,0,0,0,0,0,0
463,31,0,0,1,0,0,0,0,0,0,0,0
464,2,0,0,1,0,0,0,0,0,0,0,0
465,11,64,0,1,0,0,0,0,0,0,0,0
466,2,0,0,1,0,0,0,0,0,0,0,0
467,1,0,0,0,0,0,0,0,0,0,0,0
357
3,4
3,7
3,53
4,5
7,8
8,11
8,19
8,28
8,37
8,9
8,17
8,26
8,35
9,10
11,12
13,14
14,15
17,18
19,20
21,24
21,22
22,23
23,24
26,27
28,29
30,33
30,31
31,32
32,33
35,36
37,38
39,42
39,40
40,41
41,42
44,47
44,45
45,46
46,47
53,3
57,58
57,61
57,107
58,59
61,62
62,65
62,73
62,82
62,91
62,63
62,71
62,80
62,89
63,64
65,66
67,68
68,69
71,72
73,74
75,78
75,76
76,77
77,78
80,81
82,83
84,87
84,85
85,86
86,87
89,90
91,92
93,96
93,94
94,95
95,96
98,101
98,99
99,100
100,101
107,57
111,112
111,115
111,161
112,113
115,116
116,119
116,127
116,136
116,145
116,117
116,125
116,134
116,143
117,118
119,120
121,122
122,123
125,126
127,128
129,132
129,130
130,131
131,132
134,135
136,137
138,141
138,139
139,140
140,141
143,144
145,146
147,150
147,148
148,149
149,150
152,155
152,153
153,154
154,155
161,111
165,166
165,169
165,215
166,167
169,170
170,173
170,181
170,190
170,199
170,171
170,179
170,188
170,197
171,172
173,174
175,176
176,177
179,180
181,182
183,186
183,184
184,185
185,186
188,189
190,191
192,195
192,193
193,194
194,195
197,198
199,200
201,204
201,202
202,203
203,204
206,209
206,207
207,208
208,209
215,165
219,220
219,223
219,269
220,221
223,224
224,227
224,235
224,244
224,253
224,225
224,233
224,242
224,251
225,226
227,228
229,230
230,231
233,234
235,236
237,240
237,238
238,239
239,240
242,243
244,245
246,249
246,247
247,248
248,249
251,252
253,254
255,258
255,256
256,257
257,258
260,263
260,261
261,262
262,263
269,219
273,274
273,277
273,323
274,275
277,278
278,281
278,289
278,298
278,307
278,279
278,287
278,296
278,305
279,280
281,282
283,284
284,285
287,288
289,290
291,294
291,292
292,293
293,294
296,297
298,299
300,303
300,301
301,302
302,303
305,306
307,308
309,312
309,310
310,311
311,312
314,317
314,315
315,316
316,317
323,273
327,328
327,331
327,377
328,329
331,332
332,335
332,343
332,352
332,361
332,333
332,341
332,350
332,359
333,334
335,336
337,338
338,339
341,342
343,344
345,348
345,346
346,347
347,348
350,351
352,353
354,357
354,355
355,356
356,357
359,360
361,362
363,366
363,364
364,365
365,366
368,371
368,369
369,370
370,371
377,327
381,382
381,385
381,431
382,383
385,386
386,389
386,397
386,406
386,415
386,387
386,395
386,404
386,413
387,388
389,390
391,392
392,393
395,396
397,398
399,402
399,400
400,401
401,402
404,405
406,407
408,411
408,409
409,410
410,411
413,414
415,416
417,420
417,418
418,419
419,420
422,425
422,423
423,424
424,425
431,381
435,436
435,462
435,459
435,456
435,453
435,450
435,447
435,444
435,441
435,439
435,465
436,437
439,440
440,443
441,442
442,443
443,446
444,445
445,446
446,449
447,448
448,449
449,452
450,451
451,452
452,455
453,454
454,455
455,458
456,457
457,458
458,461
459,460
460,461
461,463
462,463
465,435
