1554
1,29,0,0,0,0,0,0,0,0,0,0
2,29,0,0,0,0,0,0,0,0,0,0
3,29,0,0,0,0,0,0,0,0,0,0
4,29,0,0,0,0,0,0,0,0,0,0
5,29,0,0,0,0,0,0,0,0,0,0
6,29,0,0,0,0,0,0,0,0,0,0
7,29,0,0,0,0,0,0,0,0,0,0
8,29,0,0,0,0,0,0,0,0,0,0
9,29,0,0,0,0,0,0,0,0,0,0
10,29,0,0,0,0,0,0,0,0,0,0
11,29,0,0,0,0,0,0,0,0,0,0
12,29,0,0,0,0,0,0,0,0,0,0
13,29,0,0,0,0,0,0,0,0,0,0
14,29,0,0,0,0,0,0,0,0,0,0
15,29,0,0,0,0,0,0,0,0,0,0
16,29,0,0,0,0,0,0,0,0,0,0
17,29,0,0,0,0,0,0,0,0,0,0
18,29,0,0,0,0,0,0,0,0,0,0
19,29,0,0,0,0,0,0,0,0,0,0
20,29,0,0,0,0,0,0,0,0,0,0
21,29,0,0,0,0,0,0,0,0,0,0
22,29,0,0,0,0,0,0,0,0,0,0
23,29,0,0,0,0,0,0,0,0,0,0
24,29,0,0,0,0,0,0,0,0,0,0
25,29,0,0,0,0,0,0,0,0,0,0
26,29,0,0,0,0,0,0,0,0,0,0
27,29,0,0,0,0,0,0,0,0,0,0
28,29,0,0,0,0,0,0,0,0,0,0
29,29,0,0,0,0,0,0,0,0,0,0
30,29,0,0,0,0,0,0,0,0,0,0
31,29,0,0,0,0,0,0,0,0,0,0
32,29,0,0,0,0,0,0,0,0,0,0
33,29,0,0,0,0,0,0,0,0,0,0
34,29,0,0,0,0,0,0,0,0,0,0
35,29,0,0,0,0,0,0,0,0,0,0
36,29,0,0,0,0,0,0,0,0,0,0
37,29,0,0,0,0,0,0,0,0,0,0
38,29,0,0,0,0,0,0,0,0,0,0
39,29,0,0,0,0,0,0,0,0,0,0
40,29,0,0,0,0,0,0,0,0,0,0
41,29,0,0,0,0,0,0,0,0,0,0
42,29,0,0,0,0,0,0,0,0,0,0
43,29,0,0,0,0,0,0,0,0,0,0
44,29,0,0,0,0,0,0,0,0,0,0
45,29,0,0,0,0,0,0,0,0,0,0
46,29,0,0,0,0,0,0,0,0,0,0
47,29,0,0,0,0,0,0,0,0,0,0
48,29,0,0,0,0,0,0,0,0,0,0
49,29,0,0,0,0,0,0,0,0,0,0
50,29,0,0,0,0,0,0,0,0,0,0
51,29,0,0,0,0,0,0,0,0,0,0
52,29,0,0,0,0,0,0,0,0,0,0
53,29,0,0,0,0,0,0,0,0,0,0
54,29,0,0,0,0,0,0,0,0,0,0
55,29,0,0,0,0,0,0,0,0,0,0
56,29,0,0,0,0,0,0,0,0,0,0
57,29,0,0,0,0,0,0,0,0,0,0
58,29,0,0,0,0,0,0,0,0,0,0
59,29,0,0,0,0,0,0,0,0,0,0
60,29,0,0,0,0,0,0,0,0,0,0
61,29,0,0,0,0,0,0,0,0,0,0
62,29,0,0,0,0,0,0,0,0,0,0
63,29,0,0,0,0,0,0,0,0,0,0
64,29,0,0,0,0,0,0,0,0,0,0
65,29,0,0,0,0,0,0,0,0,0,0
66,29,0,0,0,0,0,0,0,0,0,0
67,29,0,0,0,0,0,0,0,0,0,0
68,29,0,0,0,0,0,0,0,0,0,0
69,29,0,0,0,0,0,0,0,0,0,0
70,29,0,0,0,0,0,0,0,0,0,0
71,29,0,0,0,0,0,0,0,0,0,0
72,29,0,0,0,0,0,0,0,0,0,0
73,29,0,0,0,0,0,0,0,0,0,0
74,29,0,0,0,0,0,0,0,0,0,0
75,29,0,0,0,0,0,0,0,0,0,0
76,29,0,0,0,0,0,0,0,0,0,0
77,29,0,0,0,0,0,0,0,0,0,0
78,29,0,0,0,0,0,0,0,0,0,0
79,29,0,0,0,0,0,0,0,0,0,0
80,29,0,0,0,0,0,0,0,0,0,0
81,29,0,0,0,0,0,0,0,0,0,0
82,29,0,0,0,0,0,0,0,0,0,0
83,29,0,0,0,0,0,0,0,0,0,0
84,29,0,0,0,0,0,0,0,0,0,0
85,29,0,0,0,0,0,0,0,0,0,0
86,29,0,0,0,0,0,0,0,0,0,0
87,29,0,0,0,0,0,0,0,0,0,0
88,29,0,0,0,0,0,0,0,0,0,0
89,29,0,0,0,0,0,0,0,0,0,0
90,29,0,0,0,0,0,0,0,0,0,0
91,29,0,0,0,0,0,0,0,0,0,0
92,29,0,0,0,0,0,0,0,0,0,0
93,29,0,0,0,0,0,0,0,0,0,0
94,29,0,0,0,0,0,0,0,0,0,0
95,29,0,0,0,0,0,0,0,0,0,0
96,29,0,0,0,0,0,0,0,0,0,0
97,29,0,0,0,0,0,0,0,0,0,0
98,29,0,0,0,0,0,0,0,0,0,0
99,29,0,0,0,0,0,0,0,0,0,0
100,29,0,0,0,0,0,0,0,0,0,0
101,29,0,0,0,0,0,0,0,0,0,0
102,29,0,0,0,0,0,0,0,0,0,0
103,29,0,0,0,0,0,0,0,0,0,0
104,29,0,0,0,0,0,0,0,0,0,0
105,29,0,0,0,0,0,0,0,0,0,0
106,31,0,0,0,0,0,0,0,0,0,0
107,31,0,0,0,0,0,0,0,0,0,0
108,31,0,0,0,0,0,0,0,0,0,0
109,31,0,0,0,0,0,0,0,0,0,0
110,31,0,0,0,0,0,0,0,0,0,0
111,31,0,0,0,0,0,0,0,0,0,0
112,31,0,0,0,0,0,0,0,0,0,0
113,31,0,0,0,0,0,0,0,0,0,0
114,31,0,0,0,0,0,0,0,0,0,0
115,31,0,0,0,0,0,0,0,0,0,0
116,31,0,0,0,0,0,0,0,0,0,0
117,31,0,0,0,0,0,0,0,0,0,0
118,31,0,0,0,0,0,0,0,0,0,0
119,31,0,0,0,0,0,0,0,0,0,0
120,31,0,0,0,0,0,0,0,0,0,0
121,31,0,0,0,0,0,0,0,0,0,0
122,2,0,0,0,0,0,0,0,0,0,0
123,47,0,0,0,0,0,0,0,0,0,0
124,54,0,0,0,0,0,0,0,0,0,0
125,31,0,0,0,0,0,0,0,0,0,0
126,2,0,0,0,0,0,0,0,0,0,0
127,30,32,0,0,0,0,0,0,0,0,0
128,51,1,0,0,0,0,0,0,0,0,0
129,2,0,0,0,0,0,0,0,0,0,0
130,31,0,0,0,0,0,0,0,0,0,0
131,47,0,0,0,0,0,0,0,0,0,0
132,54,0,0,0,0,0,0,0,0,0,0
133,2,0,0,0,0,0,0,0,0,0,0
134,2,0,0,0,0,0,0,0,0,0,0
135,47,0,0,0,0,0,0,0,0,0,0
136,54,0,0,0,0,0,0,0,0,0,0
137,31,0,0,0,0,0,0,0,0,0,0
138,2,0,0,0,0,0,0,0,0,0,0
139,30,32,0,0,0,0,0,0,0,0,0
140,51,1,0,0,0,0,0,0,0,0,0
141,2,0,0,0,0,0,0,0,0,0,0
142,31,0,0,0,0,0,0,0,0,0,0
143,47,0,0,0,0,0,0,0,0,0,0
144,54,0,0,0,0,0,0,0,0,0,0
145,2,0,0,0,0,0,0,0,0,0,0
146,47,0,0,0,0,0,0,0,0,0,0
147,54,0,0,0,0,0,0,0,0,0,0
148,31,0,0,0,0,0,0,0,0,0,0
149,47,0,0,0,0,0,0,0,0,0,0
150,54,0,0,0,0,0,0,0,0,0,0
151,30,32,0,0,0,0,0,0,0,0,0
152,31,0,0,0,0,0,0,0,0,0,0
153,47,0,0,0,0,0,0,0,0,0,0
154,54,0,0,0,0,0,0,0,0,0,0
155,30,32,0,0,0,0,0,0,0,0,0
156,31,0,0,0,0,0,0,0,0,0,0
157,47,0,0,0,0,0,0,0,0,0,0
158,54,0,0,0,0,0,0,0,0,0,0
159,47,0,0,0,0,0,0,0,0,0,0
160,54,0,0,0,0,0,0,0,0,0,0
161,47,0,0,0,0,0,0,0,0,0,0
162,54,0,0,0,0,0,0,0,0,0,0
163,47,0,0,0,0,0,0,0,0,0,0
164,54,0,0,0,0,0,0,0,0,0,0
165,30,32,0,0,0,0,0,0,0,0,0
166,51,1,0,0,0,0,0,0,0,0,0
167,2,0,0,0,0,0,0,0,0,0,0
168,31,0,0,0,0,0,0,0,0,0,0
169,30,32,0,0,0,0,0,0,0,0,0
170,13,32,0,0,0,0,0,0,0,0,0
171,31,0,0,0,0,0,0,0,0,0,0
172,2,0,0,0,0,0,0,0,0,0,0
173,31,0,0,0,0,0,0,0,0,0,0
174,30,32,0,0,0,0,0,0,0,0,0
175,13,32,0,0,0,0,0,0,0,0,0
176,31,0,0,0,0,0,0,0,0,0,0
177,2,0,0,0,0,0,0,0,0,0,0
178,30,32,0,0,0,0,0,0,0,0,0
179,51,1,0,0,0,0,0,0,0,0,0
180,2,0,0,0,0,0,0,0,0,0,0
181,31,0,0,0,0,0,0,0,0,0,0
182,30,32,0,0,0,0,0,0,0,0,0
183,13,32,0,0,0,0,0,0,0,0,0
184,31,0,0,0,0,0,0,0,0,0,0
185,2,0,0,0,0,0,0,0,0,0,0
186,31,0,0,0,0,0,0,0,0,0,0
187,30,32,0,0,0,0,0,0,0,0,0
188,13,32,0,0,0,0,0,0,0,0,0
189,31,0,0,0,0,0,0,0,0,0,0
190,2,0,0,0,0,0,0,0,0,0,0
191,47,0,0,0,0,0,0,0,0,0,0
192,54,0,0,0,0,0,0,0,0,0,0
193,30,32,0,0,0,0,0,0,0,0,0
194,30,32,0,0,0,0,0,0,0,0,0
195,13,32,0,0,0,0,0,0,0,0,0
196,31,0,0,0,0,0,0,0,0,0,0
197,2,0,0,0,0,0,0,0,0,0,0
198,2,0,0,0,0,0,0,0,0,0,0
199,2,0,0,0,0,0,0,0,0,0,0
200,30,32,0,0,0,0,0,0,0,0,0
201,51,1,0,0,0,0,0,0,0,0,0
202,2,0,0,0,0,0,0,0,0,0,0
203,30,32,0,0,0,0,0,0,0,0,0
204,51,1,0,0,0,0,0,0,0,0,0
205,2,0,0,0,0,0,0,0,0,0,0
206,30,0,0,0,0,0,0,0,0,0,0
207,30,32,0,0,0,0,0,0,0,0,0
208,15,32,0,0,0,0,0,0,0,0,0
209,30,32,0,0,0,0,0,0,0,0,0
210,11,32,0,0,0,0,0,0,0,0,0
211,38,64,0,0,0,0,0,0,0,0,0
212,32,0,0,0,0,0,0,0,0,0,0
213,30,32,0,0,0,0,0,0,0,0,0
214,51,1,0,0,0,0,0,0,0,0,0
215,2,0,0,0,0,0,0,0,0,0,0
216,31,0,0,0,0,0,0,0,0,0,0
217,2,0,0,0,0,0,0,0,0,0,0
218,30,32,0,0,0,0,0,0,0,0,0
219,51,1,0,0,0,0,0,0,0,0,0
220,2,0,0,0,0,0,0,0,0,0,0
221,30,32,0,0,0,0,0,0,0,0,0
222,51,1,0,0,0,0,0,0,0,0,0
223,2,0,0,0,0,0,0,0,0,0,0
224,30,32,0,0,0,0,0,0,0,0,0
225,51,1,0,0,0,0,0,0,0,0,0
226,2,0,0,0,0,0,0,0,0,0,0
227,2,0,0,0,0,0,0,0,0,0,0
228,47,0,0,0,0,0,0,0,0,0,0
229,54,0,0,0,0,0,0,0,0,0,0
230,30,32,0,0,0,0,0,0,0,0,0
231,15,32,0,0,0,0,0,0,0,0,0
232,31,0,0,0,0,0,0,0,0,0,0
233,30,32,0,0,0,0,0,0,0,0,0
234,30,32,0,0,0,0,0,0,0,0,0
235,13,32,0,0,0,0,0,0,0,0,0
236,51,1,0,0,0,0,0,0,0,0,0
237,2,0,0,0,0,0,0,0,0,0,0
238,30,32,0,0,0,0,0,0,0,0,0
239,30,32,0,0,0,0,0,0,0,0,0
240,13,32,0,0,0,0,0,0,0,0,0
241,31,0,0,0,0,0,0,0,0,0,0
242,30,32,0,0,0,0,0,0,0,0,0
243,30,32,0,0,0,0,0,0,0,0,0
244,11,32,0,0,0,0,0,0,0,0,0
245,31,0,0,0,0,0,0,0,0,0,0
246,2,0,0,0,0,0,0,0,0,0,0
247,30,32,0,0,0,0,0,0,0,0,0
248,30,32,0,0,0,0,0,0,0,0,0
249,51,1,0,0,0,0,0,0,0,0,0
250,2,0,0,0,0,0,0,0,0,0,0
251,30,32,0,0,0,0,0,0,0,0,0
252,30,32,0,0,0,0,0,0,0,0,0
253,11,32,0,0,0,0,0,0,0,0,0
254,31,0,0,0,0,0,0,0,0,0,0
255,30,32,0,0,0,0,0,0,0,0,0
256,30,32,0,0,0,0,0,0,0,0,0
257,11,32,0,0,0,0,0,0,0,0,0
258,31,0,0,0,0,0,0,0,0,0,0
259,2,0,0,0,0,0,0,0,0,0,0
260,47,0,0,0,0,0,0,0,0,0,0
261,54,0,0,0,0,0,0,0,0,0,0
262,2,0,0,0,0,0,0,0,0,0,0
263,30,32,0,0,0,0,0,0,0,0,0
264,51,1,0,0,0,0,0,0,0,0,0
265,2,0,0,0,0,0,0,0,0,0,0
266,30,0,0,0,0,0,0,0,0,0,0
267,30,32,0,0,0,0,0,0,0,0,0
268,15,32,0,0,0,0,0,0,0,0,0
269,30,32,0,0,0,0,0,0,0,0,0
270,11,32,0,0,0,0,0,0,0,0,0
271,38,64,0,0,0,0,0,0,0,0,0
272,32,0,0,0,0,0,0,0,0,0,0
273,31,0,0,0,0,0,0,0,0,0,0
274,2,0,0,0,0,0,0,0,0,0,0
275,47,0,0,0,0,0,0,0,0,0,0
276,54,0,0,0,0,0,0,0,0,0,0
277,47,0,0,0,0,0,0,0,0,0,0
278,54,0,0,0,0,0,0,0,0,0,0
279,47,0,0,0,0,0,0,0,0,0,0
280,54,0,0,0,0,0,0,0,0,0,0
281,47,0,0,0,0,0,0,0,0,0,0
282,54,0,0,0,0,0,0,0,0,0,0
283,47,0,0,0,0,0,0,0,0,0,0
284,54,0,0,0,0,0,0,0,0,0,0
285,47,0,0,0,0,0,0,0,0,0,0
286,54,0,0,0,0,0,0,0,0,0,0
287,47,0,0,0,0,0,0,0,0,0,0
288,54,0,0,0,0,0,0,0,0,0,0
289,47,0,0,0,0,0,0,0,0,0,0
290,54,0,0,0,0,0,0,0,0,0,0
291,2,0,0,0,0,0,0,0,0,0,0
292,30,32,0,0,0,0,0,0,0,0,0
293,11,32,0,0,0,0,0,0,0,0,0
294,31,0,0,0,0,0,0,0,0,0,0
295,2,0,0,0,0,0,0,0,0,0,0
296,2,0,0,0,0,0,0,0,0,0,0
297,30,32,0,0,0,0,0,0,0,0,0
298,11,32,0,0,0,0,0,0,0,0,0
299,31,0,0,0,0,0,0,0,0,0,0
300,2,0,0,0,0,0,0,0,0,0,0
301,2,0,0,0,0,0,0,0,0,0,0
302,47,0,0,0,0,0,0,0,0,0,0
303,54,0,0,0,0,0,0,0,0,0,0
304,31,0,0,0,0,0,0,0,0,0,0
305,2,0,0,0,0,0,0,0,0,0,0
306,30,32,0,0,0,0,0,0,0,0,0
307,51,1,0,0,0,0,0,0,0,0,0
308,2,0,0,0,0,0,0,0,0,0,0
309,31,0,0,0,0,0,0,0,0,0,0
310,47,0,0,0,0,0,0,0,0,0,0
311,54,0,0,0,0,0,0,0,0,0,0
312,2,0,0,0,0,0,0,0,0,0,0
313,2,0,0,0,0,0,0,0,0,0,0
314,47,0,0,0,0,0,0,0,0,0,0
315,54,0,0,0,0,0,0,0,0,0,0
316,31,0,0,0,0,0,0,0,0,0,0
317,2,0,0,0,0,0,0,0,0,0,0
318,30,32,0,0,0,0,0,0,0,0,0
319,51,1,0,0,0,0,0,0,0,0,0
320,2,0,0,0,0,0,0,0,0,0,0
321,31,0,0,0,0,0,0,0,0,0,0
322,47,0,0,0,0,0,0,0,0,0,0
323,54,0,0,0,0,0,0,0,0,0,0
324,2,0,0,0,0,0,0,0,0,0,0
325,47,0,0,0,0,0,0,0,0,0,0
326,54,0,0,0,0,0,0,0,0,0,0
327,31,0,0,0,0,0,0,0,0,0,0
328,47,0,0,0,0,0,0,0,0,0,0
329,54,0,0,0,0,0,0,0,0,0,0
330,30,32,0,0,0,0,0,0,0,0,0
331,31,0,0,0,0,0,0,0,0,0,0
332,47,0,0,0,0,0,0,0,0,0,0
333,54,0,0,0,0,0,0,0,0,0,0
334,30,32,0,0,0,0,0,0,0,0,0
335,31,0,0,0,0,0,0,0,0,0,0
336,47,0,0,0,0,0,0,0,0,0,0
337,54,0,0,0,0,0,0,0,0,0,0
338,47,0,0,0,0,0,0,0,0,0,0
339,54,0,0,0,0,0,0,0,0,0,0
340,47,0,0,0,0,0,0,0,0,0,0
341,54,0,0,0,0,0,0,0,0,0,0
342,47,0,0,0,0,0,0,0,0,0,0
343,54,0,0,0,0,0,0,0,0,0,0
344,30,32,0,0,0,0,0,0,0,0,0
345,51,1,0,0,0,0,0,0,0,0,0
346,2,0,0,0,0,0,0,0,0,0,0
347,31,0,0,0,0,0,0,0,0,0,0
348,30,32,0,0,0,0,0,0,0,0,0
349,13,32,0,0,0,0,0,0,0,0,0
350,31,0,0,0,0,0,0,0,0,0,0
351,2,0,0,0,0,0,0,0,0,0,0
352,31,0,0,0,0,0,0,0,0,0,0
353,30,32,0,0,0,0,0,0,0,0,0
354,13,32,0,0,0,0,0,0,0,0,0
355,31,0,0,0,0,0,0,0,0,0,0
356,2,0,0,0,0,0,0,0,0,0,0
357,30,32,0,0,0,0,0,0,0,0,0
358,51,1,0,0,0,0,0,0,0,0,0
359,2,0,0,0,0,0,0,0,0,0,0
360,31,0,0,0,0,0,0,0,0,0,0
361,30,32,0,0,0,0,0,0,0,0,0
362,13,32,0,0,0,0,0,0,0,0,0
363,31,0,0,0,0,0,0,0,0,0,0
364,2,0,0,0,0,0,0,0,0,0,0
365,31,0,0,0,0,0,0,0,0,0,0
366,30,32,0,0,0,0,0,0,0,0,0
367,13,32,0,0,0,0,0,0,0,0,0
368,31,0,0,0,0,0,0,0,0,0,0
369,2,0,0,0,0,0,0,0,0,0,0
370,47,0,0,0,0,0,0,0,0,0,0
371,54,0,0,0,0,0,0,0,0,0,0
372,30,32,0,0,0,0,0,0,0,0,0
373,30,32,0,0,0,0,0,0,0,0,0
374,13,32,0,0,0,0,0,0,0,0,0
375,31,0,0,0,0,0,0,0,0,0,0
376,2,0,0,0,0,0,0,0,0,0,0
377,2,0,0,0,0,0,0,0,0,0,0
378,2,0,0,0,0,0,0,0,0,0,0
379,30,32,0,0,0,0,0,0,0,0,0
380,51,1,0,0,0,0,0,0,0,0,0
381,2,0,0,0,0,0,0,0,0,0,0
382,30,32,0,0,0,0,0,0,0,0,0
383,51,1,0,0,0,0,0,0,0,0,0
384,2,0,0,0,0,0,0,0,0,0,0
385,30,0,0,0,0,0,0,0,0,0,0
386,30,32,0,0,0,0,0,0,0,0,0
387,15,32,0,0,0,0,0,0,0,0,0
388,30,32,0,0,0,0,0,0,0,0,0
389,11,32,0,0,0,0,0,0,0,0,0
390,38,64,0,0,0,0,0,0,0,0,0
391,32,0,0,0,0,0,0,0,0,0,0
392,30,32,0,0,0,0,0,0,0,0,0
393,51,1,0,0,0,0,0,0,0,0,0
394,2,0,0,0,0,0,0,0,0,0,0
395,31,0,0,0,0,0,0,0,0,0,0
396,2,0,0,0,0,0,0,0,0,0,0
397,30,32,0,0,0,0,0,0,0,0,0
398,51,1,0,0,0,0,0,0,0,0,0
399,2,0,0,0,0,0,0,0,0,0,0
400,30,32,0,0,0,0,0,0,0,0,0
401,51,1,0,0,0,0,0,0,0,0,0
402,2,0,0,0,0,0,0,0,0,0,0
403,30,32,0,0,0,0,0,0,0,0,0
404,51,1,0,0,0,0,0,0,0,0,0
405,2,0,0,0,0,0,0,0,0,0,0
406,2,0,0,0,0,0,0,0,0,0,0
407,47,0,0,0,0,0,0,0,0,0,0
408,54,0,0,0,0,0,0,0,0,0,0
409,30,32,0,0,0,0,0,0,0,0,0
410,15,32,0,0,0,0,0,0,0,0,0
411,31,0,0,0,0,0,0,0,0,0,0
412,30,32,0,0,0,0,0,0,0,0,0
413,30,32,0,0,0,0,0,0,0,0,0
414,13,32,0,0,0,0,0,0,0,0,0
415,51,1,0,0,0,0,0,0,0,0,0
416,2,0,0,0,0,0,0,0,0,0,0
417,30,32,0,0,0,0,0,0,0,0,0
418,30,32,0,0,0,0,0,0,0,0,0
419,13,32,0,0,0,0,0,0,0,0,0
420,31,0,0,0,0,0,0,0,0,0,0
421,30,32,0,0,0,0,0,0,0,0,0
422,30,32,0,0,0,0,0,0,0,0,0
423,11,32,0,0,0,0,0,0,0,0,0
424,31,0,0,0,0,0,0,0,0,0,0
425,2,0,0,0,0,0,0,0,0,0,0
426,30,32,0,0,0,0,0,0,0,0,0
427,30,32,0,0,0,0,0,0,0,0,0
428,51,1,0,0,0,0,0,0,0,0,0
429,2,0,0,0,0,0,0,0,0,0,0
430,30,32,0,0,0,0,0,0,0,0,0
431,30,32,0,0,0,0,0,0,0,0,0
432,11,32,0,0,0,0,0,0,0,0,0
433,31,0,0,0,0,0,0,0,0,0,0
434,30,32,0,0,0,0,0,0,0,0,0
435,30,32,0,0,0,0,0,0,0,0,0
436,11,32,0,0,0,0,0,0,0,0,0
437,31,0,0,0,0,0,0,0,0,0,0
438,2,0,0,0,0,0,0,0,0,0,0
439,47,0,0,0,0,0,0,0,0,0,0
440,54,0,0,0,0,0,0,0,0,0,0
441,2,0,0,0,0,0,0,0,0,0,0
442,30,32,0,0,0,0,0,0,0,0,0
443,51,1,0,0,0,0,0,0,0,0,0
444,2,0,0,0,0,0,0,0,0,0,0
445,30,0,0,0,0,0,0,0,0,0,0
446,30,32,0,0,0,0,0,0,0,0,0
447,15,32,0,0,0,0,0,0,0,0,0
448,30,32,0,0,0,0,0,0,0,0,0
449,11,32,0,0,0,0,0,0,0,0,0
450,38,64,0,0,0,0,0,0,0,0,0
451,32,0,0,0,0,0,0,0,0,0,0
452,31,0,0,0,0,0,0,0,0,0,0
453,2,0,0,0,0,0,0,0,0,0,0
454,47,0,0,0,0,0,0,0,0,0,0
455,54,0,0,0,0,0,0,0,0,0,0
456,47,0,0,0,0,0,0,0,0,0,0
457,54,0,0,0,0,0,0,0,0,0,0
458,47,0,0,0,0,0,0,0,0,0,0
459,54,0,0,0,0,0,0,0,0,0,0
460,47,0,0,0,0,0,0,0,0,0,0
461,54,0,0,0,0,0,0,0,0,0,0
462,47,0,0,0,0,0,0,0,0,0,0
463,54,0,0,0,0,0,0,0,0,0,0
464,47,0,0,0,0,0,0,0,0,0,0
465,54,0,0,0,0,0,0,0,0,0,0
466,47,0,0,0,0,0,0,0,0,0,0
467,54,0,0,0,0,0,0,0,0,0,0
468,47,0,0,0,0,0,0,0,0,0,0
469,54,0,0,0,0,0,0,0,0,0,0
470,2,0,0,0,0,0,0,0,0,0,0
471,30,32,0,0,0,0,0,0,0,0,0
472,11,32,0,0,0,0,0,0,0,0,0
473,31,0,0,0,0,0,0,0,0,0,0
474,2,0,0,0,0,0,0,0,0,0,0
475,2,0,0,0,0,0,0,0,0,0,0
476,30,32,0,0,0,0,0,0,0,0,0
477,11,32,0,0,0,0,0,0,0,0,0
478,31,0,0,0,0,0,0,0,0,0,0
479,2,0,0,0,0,0,0,0,0,0,0
480,2,0,0,0,0,0,0,0,0,0,0
481,47,0,0,0,0,0,0,0,0,0,0
482,54,0,0,0,0,0,0,0,0,0,0
483,31,0,0,0,0,0,0,0,0,0,0
484,2,0,0,0,0,0,0,0,0,0,0
485,30,32,0,0,0,0,0,0,0,0,0
486,51,1,0,0,0,0,0,0,0,0,0
487,2,0,0,0,0,0,0,0,0,0,0
488,31,0,0,0,0,0,0,0,0,0,0
489,47,0,0,0,0,0,0,0,0,0,0
490,54,0,0,0,0,0,0,0,0,0,0
491,2,0,0,0,0,0,0,0,0,0,0
492,2,0,0,0,0,0,0,0,0,0,0
493,47,0,0,0,0,0,0,0,0,0,0
494,54,0,0,0,0,0,0,0,0,0,0
495,31,0,0,0,0,0,0,0,0,0,0
496,2,0,0,0,0,0,0,0,0,0,0
497,30,32,0,0,0,0,0,0,0,0,0
498,51,1,0,0,0,0,0,0,0,0,0
499,2,0,0,0,0,0,0,0,0,0,0
500,31,0,0,0,0,0,0,0,0,0,0
501,47,0,0,0,0,0,0,0,0,0,0
502,54,0,0,0,0,0,0,0,0,0,0
503,2,0,0,0,0,0,0,0,0,0,0
504,47,0,0,0,0,0,0,0,0,0,0
505,54,0,0,0,0,0,0,0,0,0,0
506,31,0,0,0,0,0,0,0,0,0,0
507,47,0,0,0,0,0,0,0,0,0,0
508,54,0,0,0,0,0,0,0,0,0,0
509,30,32,0,0,0,0,0,0,0,0,0
510,31,0,0,0,0,0,0,0,0,0,0
511,47,0,0,0,0,0,0,0,0,0,0
512,54,0,0,0,0,0,0,0,0,0,0
513,30,32,0,0,0,0,0,0,0,0,0
514,31,0,0,0,0,0,0,0,0,0,0
515,47,0,0,0,0,0,0,0,0,0,0
516,54,0,0,0,0,0,0,0,0,0,0
517,47,0,0,0,0,0,0,0,0,0,0
518,54,0,0,0,0,0,0,0,0,0,0
519,47,0,0,0,0,0,0,0,0,0,0
520,54,0,0,0,0,0,0,0,0,0,0
521,47,0,0,0,0,0,0,0,0,0,0
522,54,0,0,0,0,0,0,0,0,0,0
523,30,32,0,0,0,0,0,0,0,0,0
524,51,1,0,0,0,0,0,0,0,0,0
525,2,0,0,0,0,0,0,0,0,0,0
526,31,0,0,0,0,0,0,0,0,0,0
527,30,32,0,0,0,0,0,0,0,0,0
528,13,32,0,0,0,0,0,0,0,0,0
529,31,0,0,0,0,0,0,0,0,0,0
530,2,0,0,0,0,0,0,0,0,0,0
531,31,0,0,0,0,0,0,0,0,0,0
532,30,32,0,0,0,0,0,0,0,0,0
533,13,32,0,0,0,0,0,0,0,0,0
534,31,0,0,0,0,0,0,0,0,0,0
535,2,0,0,0,0,0,0,0,0,0,0
536,30,32,0,0,0,0,0,0,0,0,0
537,51,1,0,0,0,0,0,0,0,0,0
538,2,0,0,0,0,0,0,0,0,0,0
539,31,0,0,0,0,0,0,0,0,0,0
540,30,32,0,0,0,0,0,0,0,0,0
541,13,32,0,0,0,0,0,0,0,0,0
542,31,0,0,0,0,0,0,0,0,0,0
543,2,0,0,0,0,0,0,0,0,0,0
544,31,0,0,0,0,0,0,0,0,0,0
545,30,32,0,0,0,0,0,0,0,0,0
546,13,32,0,0,0,0,0,0,0,0,0
547,31,0,0,0,0,0,0,0,0,0,0
548,2,0,0,0,0,0,0,0,0,0,0
549,47,0,0,0,0,0,0,0,0,0,0
550,54,0,0,0,0,0,0,0,0,0,0
551,30,32,0,0,0,0,0,0,0,0,0
552,30,32,0,0,0,0,0,0,0,0,0
553,13,32,0,0,0,0,0,0,0,0,0
554,31,0,0,0,0,0,0,0,0,0,0
555,2,0,0,0,0,0,0,0,0,0,0
556,2,0,0,0,0,0,0,0,0,0,0
557,2,0,0,0,0,0,0,0,0,0,0
558,30,32,0,0,0,0,0,0,0,0,0
559,51,1,0,0,0,0,0,0,0,0,0
560,2,0,0,0,0,0,0,0,0,0,0
561,30,32,0,0,0,0,0,0,0,0,0
562,51,1,0,0,0,0,0,0,0,0,0
563,2,0,0,0,0,0,0,0,0,0,0
564,30,0,0,0,0,0,0,0,0,0,0
565,30,32,0,0,0,0,0,0,0,0,0
566,15,32,0,0,0,0,0,0,0,0,0
567,30,32,0,0,0,0,0,0,0,0,0
568,11,32,0,0,0,0,0,0,0,0,0
569,38,64,0,0,0,0,0,0,0,0,0
570,32,0,0,0,0,0,0,0,0,0,0
571,30,32,0,0,0,0,0,0,0,0,0
572,51,1,0,0,0,0,0,0,0,0,0
573,2,0,0,0,0,0,0,0,0,0,0
574,31,0,0,0,0,0,0,0,0,0,0
575,2,0,0,0,0,0,0,0,0,0,0
576,30,32,0,0,0,0,0,0,0,0,0
577,51,1,0,0,0,0,0,0,0,0,0
578,2,0,0,0,0,0,0,0,0,0,0
579,30,32,0,0,0,0,0,0,0,0,0
580,51,1,0,0,0,0,0,0,0,0,0
581,2,0,0,0,0,0,0,0,0,0,0
582,30,32,0,0,0,0,0,0,0,0,0
583,51,1,0,0,0,0,0,0,0,0,0
584,2,0,0,0,0,0,0,0,0,0,0
585,2,0,0,0,0,0,0,0,0,0,0
586,47,0,0,0,0,0,0,0,0,0,0
587,54,0,0,0,0,0,0,0,0,0,0
588,30,32,0,0,0,0,0,0,0,0,0
589,15,32,0,0,0,0,0,0,0,0,0
590,31,0,0,0,0,0,0,0,0,0,0
591,30,32,0,0,0,0,0,0,0,0,0
592,30,32,0,0,0,0,0,0,0,0,0
593,13,32,0,0,0,0,0,0,0,0,0
594,51,1,0,0,0,0,0,0,0,0,0
595,2,0,0,0,0,0,0,0,0,0,0
596,30,32,0,0,0,0,0,0,0,0,0
597,30,32,0,0,0,0,0,0,0,0,0
598,13,32,0,0,0,0,0,0,0,0,0
599,31,0,0,0,0,0,0,0,0,0,0
600,30,32,0,0,0,0,0,0,0,0,0
601,30,32,0,0,0,0,0,0,0,0,0
602,11,32,0,0,0,0,0,0,0,0,0
603,31,0,0,0,0,0,0,0,0,0,0
604,2,0,0,0,0,0,0,0,0,0,0
605,30,32,0,0,0,0,0,0,0,0,0
606,30,32,0,0,0,0,0,0,0,0,0
607,51,1,0,0,0,0,0,0,0,0,0
608,2,0,0,0,0,0,0,0,0,0,0
609,30,32,0,0,0,0,0,0,0,0,0
610,30,32,0,0,0,0,0,0,0,0,0
611,11,32,0,0,0,0,0,0,0,0,0
612,31,0,0,0,0,0,0,0,0,0,0
613,30,32,0,0,0,0,0,0,0,0,0
614,30,32,0,0,0,0,0,0,0,0,0
615,11,32,0,0,0,0,0,0,0,0,0
616,31,0,0,0,0,0,0,0,0,0,0
617,2,0,0,0,0,0,0,0,0,0,0
618,47,0,0,0,0,0,0,0,0,0,0
619,54,0,0,0,0,0,0,0,0,0,0
620,2,0,0,0,0,0,0,0,0,0,0
621,30,32,0,0,0,0,0,0,0,0,0
622,51,1,0,0,0,0,0,0,0,0,0
623,2,0,0,0,0,0,0,0,0,0,0
624,30,0,0,0,0,0,0,0,0,0,0
625,30,32,0,0,0,0,0,0,0,0,0
626,15,32,0,0,0,0,0,0,0,0,0
627,30,32,0,0,0,0,0,0,0,0,0
628,11,32,0,0,0,0,0,0,0,0,0
629,38,64,0,0,0,0,0,0,0,0,0
630,32,0,0,0,0,0,0,0,0,0,0
631,31,0,0,0,0,0,0,0,0,0,0
632,2,0,0,0,0,0,0,0,0,0,0
633,47,0,0,0,0,0,0,0,0,0,0
634,54,0,0,0,0,0,0,0,0,0,0
635,47,0,0,0,0,0,0,0,0,0,0
636,54,0,0,0,0,0,0,0,0,0,0
637,47,0,0,0,0,0,0,0,0,0,0
638,54,0,0,0,0,0,0,0,0,0,0
639,47,0,0,0,0,0,0,0,0,0,0
640,54,0,0,0,0,0,0,0,0,0,0
641,47,0,0,0,0,0,0,0,0,0,0
642,54,0,0,0,0,0,0,0,0,0,0
643,47,0,0,0,0,0,0,0,0,0,0
644,54,0,0,0,0,0,0,0,0,0,0
645,47,0,0,0,0,0,0,0,0,0,0
646,54,0,0,0,0,0,0,0,0,0,0
647,47,0,0,0,0,0,0,0,0,0,0
648,54,0,0,0,0,0,0,0,0,0,0
649,2,0,0,0,0,0,0,0,0,0,0
650,30,32,0,0,0,0,0,0,0,0,0
651,11,32,0,0,0,0,0,0,0,0,0
652,31,0,0,0,0,0,0,0,0,0,0
653,2,0,0,0,0,0,0,0,0,0,0
654,2,0,0,0,0,0,0,0,0,0,0
655,30,32,0,0,0,0,0,0,0,0,0
656,11,32,0,0,0,0,0,0,0,0,0
657,31,0,0,0,0,0,0,0,0,0,0
658,2,0,0,0,0,0,0,0,0,0,0
659,2,0,0,0,0,0,0,0,0,0,0
660,47,0,0,0,0,0,0,0,0,0,0
661,54,0,0,0,0,0,0,0,0,0,0
662,31,0,0,0,0,0,0,0,0,0,0
663,2,0,0,0,0,0,0,0,0,0,0
664,30,32,0,0,0,0,0,0,0,0,0
665,51,1,0,0,0,0,0,0,0,0,0
666,2,0,0,0,0,0,0,0,0,0,0
667,31,0,0,0,0,0,0,0,0,0,0
668,47,0,0,0,0,0,0,0,0,0,0
669,54,0,0,0,0,0,0,0,0,0,0
670,2,0,0,0,0,0,0,0,0,0,0
671,2,0,0,0,0,0,0,0,0,0,0
672,47,0,0,0,0,0,0,0,0,0,0
673,54,0,0,0,0,0,0,0,0,0,0
674,31,0,0,0,0,0,0,0,0,0,0
675,2,0,0,0,0,0,0,0,0,0,0
676,30,32,0,0,0,0,0,0,0,0,0
677,51,1,0,0,0,0,0,0,0,0,0
678,2,0,0,0,0,0,0,0,0,0,0
679,31,0,0,0,0,0,0,0,0,0,0
680,47,0,0,0,0,0,0,0,0,0,0
681,54,0,0,0,0,0,0,0,0,0,0
682,2,0,0,0,0,0,0,0,0,0,0
683,47,0,0,0,0,0,0,0,0,0,0
684,54,0,0,0,0,0,0,0,0,0,0
685,31,0,0,0,0,0,0,0,0,0,0
686,47,0,0,0,0,0,0,0,0,0,0
687,54,0,0,0,0,0,0,0,0,0,0
688,30,32,0,0,0,0,0,0,0,0,0
689,31,0,0,0,0,0,0,0,0,0,0
690,47,0,0,0,0,0,0,0,0,0,0
691,54,0,0,0,0,0,0,0,0,0,0
692,30,32,0,0,0,0,0,0,0,0,0
693,31,0,0,0,0,0,0,0,0,0,0
694,47,0,0,0,0,0,0,0,0,0,0
695,54,0,0,0,0,0,0,0,0,0,0
696,47,0,0,0,0,0,0,0,0,0,0
697,54,0,0,0,0,0,0,0,0,0,0
698,47,0,0,0,0,0,0,0,0,0,0
699,54,0,0,0,0,0,0,0,0,0,0
700,47,0,0,0,0,0,0,0,0,0,0
701,54,0,0,0,0,0,0,0,0,0,0
702,30,32,0,0,0,0,0,0,0,0,0
703,51,1,0,0,0,0,0,0,0,0,0
704,2,0,0,0,0,0,0,0,0,0,0
705,31,0,0,0,0,0,0,0,0,0,0
706,30,32,0,0,0,0,0,0,0,0,0
707,13,32,0,0,0,0,0,0,0,0,0
708,31,0,0,0,0,0,0,0,0,0,0
709,2,0,0,0,0,0,0,0,0,0,0
710,31,0,0,0,0,0,0,0,0,0,0
711,30,32,0,0,0,0,0,0,0,0,0
712,13,32,0,0,0,0,0,0,0,0,0
713,31,0,0,0,0,0,0,0,0,0,0
714,2,0,0,0,0,0,0,0,0,0,0
715,30,32,0,0,0,0,0,0,0,0,0
716,51,1,0,0,0,0,0,0,0,0,0
717,2,0,0,0,0,0,0,0,0,0,0
718,31,0,0,0,0,0,0,0,0,0,0
719,30,32,0,0,0,0,0,0,0,0,0
720,13,32,0,0,0,0,0,0,0,0,0
721,31,0,0,0,0,0,0,0,0,0,0
722,2,0,0,0,0,0,0,0,0,0,0
723,31,0,0,0,0,0,0,0,0,0,0
724,30,32,0,0,0,0,0,0,0,0,0
725,13,32,0,0,0,0,0,0,0,0,0
726,31,0,0,0,0,0,0,0,0,0,0
727,2,0,0,0,0,0,0,0,0,0,0
728,47,0,0,0,0,0,0,0,0,0,0
729,54,0,0,0,0,0,0,0,0,0,0
730,30,32,0,0,0,0,0,0,0,0,0
731,30,32,0,0,0,0,0,0,0,0,0
732,13,32,0,0,0,0,0,0,0,0,0
733,31,0,0,0,0,0,0,0,0,0,0
734,2,0,0,0,0,0,0,0,0,0,0
735,2,0,0,0,0,0,0,0,0,0,0
736,2,0,0,0,0,0,0,0,0,0,0
737,30,32,0,0,0,0,0,0,0,0,0
738,51,1,0,0,0,0,0,0,0,0,0
739,2,0,0,0,0,0,0,0,0,0,0
740,30,32,0,0,0,0,0,0,0,0,0
741,51,1,0,0,0,0,0,0,0,0,0
742,2,0,0,0,0,0,0,0,0,0,0
743,30,0,0,0,0,0,0,0,0,0,0
744,30,32,0,0,0,0,0,0,0,0,0
745,15,32,0,0,0,0,0,0,0,0,0
746,30,32,0,0,0,0,0,0,0,0,0
747,11,32,0,0,0,0,0,0,0,0,0
748,38,64,0,0,0,0,0,0,0,0,0
749,32,0,0,0,0,0,0,0,0,0,0
750,30,32,0,0,0,0,0,0,0,0,0
751,51,1,0,0,0,0,0,0,0,0,0
752,2,0,0,0,0,0,0,0,0,0,0
753,31,0,0,0,0,0,0,0,0,0,0
754,2,0,0,0,0,0,0,0,0,0,0
755,30,32,0,0,0,0,0,0,0,0,0
756,51,1,0,0,0,0,0,0,0,0,0
757,2,0,0,0,0,0,0,0,0,0,0
758,30,32,0,0,0,0,0,0,0,0,0
759,51,1,0,0,0,0,0,0,0,0,0
760,2,0,0,0,0,0,0,0,0,0,0
761,30,32,0,0,0,0,0,0,0,0,0
762,51,1,0,0,0,0,0,0,0,0,0
763,2,0,0,0,0,0,0,0,0,0,0
764,2,0,0,0,0,0,0,0,0,0,0
765,47,0,0,0,0,0,0,0,0,0,0
766,54,0,0,0,0,0,0,0,0,0,0
767,30,32,0,0,0,0,0,0,0,0,0
768,15,32,0,0,0,0,0,0,0,0,0
769,31,0,0,0,0,0,0,0,0,0,0
770,30,32,0,0,0,0,0,0,0,0,0
771,30,32,0,0,0,0,0,0,0,0,0
772,13,32,0,0,0,0,0,0,0,0,0
773,51,1,0,0,0,0,0,0,0,0,0
774,2,0,0,0,0,0,0,0,0,0,0
775,30,32,0,0,0,0,0,0,0,0,0
776,30,32,0,0,0,0,0,0,0,0,0
777,13,32,0,0,0,0,0,0,0,0,0
778,31,0,0,0,0,0,0,0,0,0,0
779,30,32,0,0,0,0,0,0,0,0,0
780,30,32,0,0,0,0,0,0,0,0,0
781,11,32,0,0,0,0,0,0,0,0,0
782,31,0,0,0,0,0,0,0,0,0,0
783,2,0,0,0,0,0,0,0,0,0,0
784,30,32,0,0,0,0,0,0,0,0,0
785,30,32,0,0,0,0,0,0,0,0,0
786,51,1,0,0,0,0,0,0,0,0,0
787,2,0,0,0,0,0,0,0,0,0,0
788,30,32,0,0,0,0,0,0,0,0,0
789,30,32,0,0,0,0,0,0,0,0,0
790,11,32,0,0,0,0,0,0,0,0,0
791,31,0,0,0,0,0,0,0,0,0,0
792,30,32,0,0,0,0,0,0,0,0,0
793,30,32,0,0,0,0,0,0,0,0,0
794,11,32,0,0,0,0,0,0,0,0,0
795,31,0,0,0,0,0,0,0,0,0,0
796,2,0,0,0,0,0,0,0,0,0,0
797,47,0,0,0,0,0,0,0,0,0,0
798,54,0,0,0,0,0,0,0,0,0,0
799,2,0,0,0,0,0,0,0,0,0,0
800,30,32,0,0,0,0,0,0,0,0,0
801,51,1,0,0,0,0,0,0,0,0,0
802,2,0,0,0,0,0,0,0,0,0,0
803,30,0,0,0,0,0,0,0,0,0,0
804,30,32,0,0,0,0,0,0,0,0,0
805,15,32,0,0,0,0,0,0,0,0,0
806,30,32,0,0,0,0,0,0,0,0,0
807,11,32,0,0,0,0,0,0,0,0,0
808,38,64,0,0,0,0,0,0,0,0,0
809,32,0,0,0,0,0,0,0,0,0,0
810,31,0,0,0,0,0,0,0,0,0,0
811,2,0,0,0,0,0,0,0,0,0,0
812,47,0,0,0,0,0,0,0,0,0,0
813,54,0,0,0,0,0,0,0,0,0,0
814,47,0,0,0,0,0,0,0,0,0,0
815,54,0,0,0,0,0,0,0,0,0,0
816,47,0,0,0,0,0,0,0,0,0,0
817,54,0,0,0,0,0,0,0,0,0,0
818,47,0,0,0,0,0,0,0,0,0,0
819,54,0,0,0,0,0,0,0,0,0,0
820,47,0,0,0,0,0,0,0,0,0,0
821,54,0,0,0,0,0,0,0,0,0,0
822,47,0,0,0,0,0,0,0,0,0,0
823,54,0,0,0,0,0,0,0,0,0,0
824,47,0,0,0,0,0,0,0,0,0,0
825,54,0,0,0,0,0,0,0,0,0,0
826,47,0,0,0,0,0,0,0,0,0,0
827,54,0,0,0,0,0,0,0,0,0,0
828,2,0,0,0,0,0,0,0,0,0,0
829,30,32,0,0,0,0,0,0,0,0,0
830,11,32,0,0,0,0,0,0,0,0,0
831,31,0,0,0,0,0,0,0,0,0,0
832,2,0,0,0,0,0,0,0,0,0,0
833,2,0,0,0,0,0,0,0,0,0,0
834,30,32,0,0,0,0,0,0,0,0,0
835,11,32,0,0,0,0,0,0,0,0,0
836,31,0,0,0,0,0,0,0,0,0,0
837,2,0,0,0,0,0,0,0,0,0,0
838,2,0,0,0,0,0,0,0,0,0,0
839,47,0,0,0,0,0,0,0,0,0,0
840,54,0,0,0,0,0,0,0,0,0,0
841,31,0,0,0,0,0,0,0,0,0,0
842,2,0,0,0,0,0,0,0,0,0,0
843,30,32,0,0,0,0,0,0,0,0,0
844,51,1,0,0,0,0,0,0,0,0,0
845,2,0,0,0,0,0,0,0,0,0,0
846,31,0,0,0,0,0,0,0,0,0,0
847,47,0,0,0,0,0,0,0,0,0,0
848,54,0,0,0,0,0,0,0,0,0,0
849,2,0,0,0,0,0,0,0,0,0,0
850,2,0,0,0,0,0,0,0,0,0,0
851,47,0,0,0,0,0,0,0,0,0,0
852,54,0,0,0,0,0,0,0,0,0,0
853,31,0,0,0,0,0,0,0,0,0,0
854,2,0,0,0,0,0,0,0,0,0,0
855,30,32,0,0,0,0,0,0,0,0,0
856,51,1,0,0,0,0,0,0,0,0,0
857,2,0,0,0,0,0,0,0,0,0,0
858,31,0,0,0,0,0,0,0,0,0,0
859,47,0,0,0,0,0,0,0,0,0,0
860,54,0,0,0,0,0,0,0,0,0,0
861,2,0,0,0,0,0,0,0,0,0,0
862,47,0,0,0,0,0,0,0,0,0,0
863,54,0,0,0,0,0,0,0,0,0,0
864,31,0,0,0,0,0,0,0,0,0,0
865,47,0,0,0,0,0,0,0,0,0,0
866,54,0,0,0,0,0,0,0,0,0,0
867,30,32,0,0,0,0,0,0,0,0,0
868,31,0,0,0,0,0,0,0,0,0,0
869,47,0,0,0,0,0,0,0,0,0,0
870,54,0,0,0,0,0,0,0,0,0,0
871,30,32,0,0,0,0,0,0,0,0,0
872,31,0,0,0,0,0,0,0,0,0,0
873,47,0,0,0,0,0,0,0,0,0,0
874,54,0,0,0,0,0,0,0,0,0,0
875,47,0,0,0,0,0,0,0,0,0,0
876,54,0,0,0,0,0,0,0,0,0,0
877,47,0,0,0,0,0,0,0,0,0,0
878,54,0,0,0,0,0,0,0,0,0,0
879,47,0,0,0,0,0,0,0,0,0,0
880,54,0,0,0,0,0,0,0,0,0,0
881,30,32,0,0,0,0,0,0,0,0,0
882,51,1,0,0,0,0,0,0,0,0,0
883,2,0,0,0,0,0,0,0,0,0,0
884,31,0,0,0,0,0,0,0,0,0,0
885,30,32,0,0,0,0,0,0,0,0,0
886,13,32,0,0,0,0,0,0,0,0,0
887,31,0,0,0,0,0,0,0,0,0,0
888,2,0,0,0,0,0,0,0,0,0,0
889,31,0,0,0,0,0,0,0,0,0,0
890,30,32,0,0,0,0,0,0,0,0,0
891,13,32,0,0,0,0,0,0,0,0,0
892,31,0,0,0,0,0,0,0,0,0,0
893,2,0,0,0,0,0,0,0,0,0,0
894,30,32,0,0,0,0,0,0,0,0,0
895,51,1,0,0,0,0,0,0,0,0,0
896,2,0,0,0,0,0,0,0,0,0,0
897,31,0,0,0,0,0,0,0,0,0,0
898,30,32,0,0,0,0,0,0,0,0,0
899,13,32,0,0,0,0,0,0,0,0,0
900,31,0,0,0,0,0,0,0,0,0,0
901,2,0,0,0,0,0,0,0,0,0,0
902,31,0,0,0,0,0,0,0,0,0,0
903,30,32,0,0,0,0,0,0,0,0,0
904,13,32,0,0,0,0,0,0,0,0,0
905,31,0,0,0,0,0,0,0,0,0,0
906,2,0,0,0,0,0,0,0,0,0,0
907,47,0,0,0,0,0,0,0,0,0,0
908,54,0,0,0,0,0,0,0,0,0,0
909,30,32,0,0,0,0,0,0,0,0,0
910,30,32,0,0,0,0,0,0,0,0,0
911,13,32,0,0,0,0,0,0,0,0,0
912,31,0,0,0,0,0,0,0,0,0,0
913,2,0,0,0,0,0,0,0,0,0,0
914,2,0,0,0,0,0,0,0,0,0,0
915,2,0,0,0,0,0,0,0,0,0,0
916,30,32,0,0,0,0,0,0,0,0,0
917,51,1,0,0,0,0,0,0,0,0,0
918,2,0,0,0,0,0,0,0,0,0,0
919,30,32,0,0,0,0,0,0,0,0,0
920,51,1,0,0,0,0,0,0,0,0,0
921,2,0,0,0,0,0,0,0,0,0,0
922,30,0,0,0,0,0,0,0,0,0,0
923,30,32,0,0,0,0,0,0,0,0,0
924,15,32,0,0,0,0,0,0,0,0,0
925,30,32,0,0,0,0,0,0,0,0,0
926,11,32,0,0,0,0,0,0,0,0,0
927,38,64,0,0,0,0,0,0,0,0,0
928,32,0,0,0,0,0,0,0,0,0,0
929,30,32,0,0,0,0,0,0,0,0,0
930,51,1,0,0,0,0,0,0,0,0,0
931,2,0,0,0,0,0,0,0,0,0,0
932,31,0,0,0,0,0,0,0,0,0,0
933,2,0,0,0,0,0,0,0,0,0,0
934,30,32,0,0,0,0,0,0,0,0,0
935,51,1,0,0,0,0,0,0,0,0,0
936,2,0,0,0,0,0,0,0,0,0,0
937,30,32,0,0,0,0,0,0,0,0,0
938,51,1,0,0,0,0,0,0,0,0,0
939,2,0,0,0,0,0,0,0,0,0,0
940,30,32,0,0,0,0,0,0,0,0,0
941,51,1,0,0,0,0,0,0,0,0,0
942,2,0,0,0,0,0,0,0,0,0,0
943,2,0,0,0,0,0,0,0,0,0,0
944,47,0,0,0,0,0,0,0,0,0,0
945,54,0,0,0,0,0,0,0,0,0,0
946,30,32,0,0,0,0,0,0,0,0,0
947,15,32,0,0,0,0,0,0,0,0,0
948,31,0,0,0,0,0,0,0,0,0,0
949,30,32,0,0,0,0,0,0,0,0,0
950,30,32,0,0,0,0,0,0,0,0,0
951,13,32,0,0,0,0,0,0,0,0,0
952,51,1,0,0,0,0,0,0,0,0,0
953,2,0,0,0,0,0,0,0,0,0,0
954,30,32,0,0,0,0,0,0,0,0,0
955,30,32,0,0,0,0,0,0,0,0,0
956,13,32,0,0,0,0,0,0,0,0,0
957,31,0,0,0,0,0,0,0,0,0,0
958,30,32,0,0,0,0,0,0,0,0,0
959,30,32,0,0,0,0,0,0,0,0,0
960,11,32,0,0,0,0,0,0,0,0,0
961,31,0,0,0,0,0,0,0,0,0,0
962,2,0,0,0,0,0,0,0,0,0,0
963,30,32,0,0,0,0,0,0,0,0,0
964,30,32,0,0,0,0,0,0,0,0,0
965,51,1,0,0,0,0,0,0,0,0,0
966,2,0,0,0,0,0,0,0,0,0,0
967,30,32,0,0,0,0,0,0,0,0,0
968,30,32,0,0,0,0,0,0,0,0,0
969,11,32,0,0,0,0,0,0,0,0,0
970,31,0,0,0,0,0,0,0,0,0,0
971,30,32,0,0,0,0,0,0,0,0,0
972,30,32,0,0,0,0,0,0,0,0,0
973,11,32,0,0,0,0,0,0,0,0,0
974,31,0,0,0,0,0,0,0,0,0,0
975,2,0,0,0,0,0,0,0,0,0,0
976,47,0,0,0,0,0,0,0,0,0,0
977,54,0,0,0,0,0,0,0,0,0,0
978,2,0,0,0,0,0,0,0,0,0,0
979,30,32,0,0,0,0,0,0,0,0,0
980,51,1,0,0,0,0,0,0,0,0,0
981,2,0,0,0,0,0,0,0,0,0,0
982,30,0,0,0,0,0,0,0,0,0,0
983,30,32,0,0,0,0,0,0,0,0,0
984,15,32,0,0,0,0,0,0,0,0,0
985,30,32,0,0,0,0,0,0,0,0,0
986,11,32,0,0,0,0,0,0,0,0,0
987,38,64,0,0,0,0,0,0,0,0,0
988,32,0,0,0,0,0,0,0,0,0,0
989,31,0,0,0,0,0,0,0,0,0,0
990,2,0,0,0,0,0,0,0,0,0,0
991,47,0,0,0,0,0,0,0,0,0,0
992,54,0,0,0,0,0,0,0,0,0,0
993,47,0,0,0,0,0,0,0,0,0,0
994,54,0,0,0,0,0,0,0,0,0,0
995,47,0,0,0,0,0,0,0,0,0,0
996,54,0,0,0,0,0,0,0,0,0,0
997,47,0,0,0,0,0,0,0,0,0,0
998,54,0,0,0,0,0,0,0,0,0,0
999,47,0,0,0,0,0,0,0,0,0,0
1000,54,0,0,0,0,0,0,0,0,0,0
1001,47,0,0,0,0,0,0,0,0,0,0
1002,54,0,0,0,0,0,0,0,0,0,0
1003,47,0,0,0,0,0,0,0,0,0,0
1004,54,0,0,0,0,0,0,0,0,0,0
1005,47,0,0,0,0,0,0,0,0,0,0
1006,54,0,0,0,0,0,0,0,0,0,0
1007,2,0,0,0,0,0,0,0,0,0,0
1008,30,32,0,0,0,0,0,0,0,0,0
1009,11,32,0,0,0,0,0,0,0,0,0
1010,31,0,0,0,0,0,0,0,0,0,0
1011,2,0,0,0,0,0,0,0,0,0,0
1012,2,0,0,0,0,0,0,0,0,0,0
1013,30,32,0,0,0,0,0,0,0,0,0
1014,11,32,0,0,0,0,0,0,0,0,0
1015,31,0,0,0,0,0,0,0,0,0,0
1016,2,0,0,0,0,0,0,0,0,0,0
1017,2,0,0,0,0,0,0,0,0,0,0
1018,47,0,0,0,0,0,0,0,0,0,0
1019,54,0,0,0,0,0,0,0,0,0,0
1020,31,0,0,0,0,0,0,0,0,0,0
1021,2,0,0,0,0,0,0,0,0,0,0
1022,30,32,0,0,0,0,0,0,0,0,0
1023,51,1,0,0,0,0,0,0,0,0,0
1024,2,0,0,0,0,0,0,0,0,0,0
1025,31,0,0,0,0,0,0,0,0,0,0
1026,47,0,0,0,0,0,0,0,0,0,0
1027,54,0,0,0,0,0,0,0,0,0,0
1028,2,0,0,0,0,0,0,0,0,0,0
1029,2,0,0,0,0,0,0,0,0,0,0
1030,47,0,0,0,0,0,0,0,0,0,0
1031,54,0,0,0,0,0,0,0,0,0,0
1032,31,0,0,0,0,0,0,0,0,0,0
1033,2,0,0,0,0,0,0,0,0,0,0
1034,30,32,0,0,0,0,0,0,0,0,0
1035,51,1,0,0,0,0,0,0,0,0,0
1036,2,0,0,0,0,0,0,0,0,0,0
1037,31,0,0,0,0,0,0,0,0,0,0
1038,47,0,0,0,0,0,0,0,0,0,0
1039,54,0,0,0,0,0,0,0,0,0,0
1040,2,0,0,0,0,0,0,0,0,0,0
1041,47,0,0,0,0,0,0,0,0,0,0
1042,54,0,0,0,0,0,0,0,0,0,0
1043,31,0,0,0,0,0,0,0,0,0,0
1044,47,0,0,0,0,0,0,0,0,0,0
1045,54,0,0,0,0,0,0,0,0,0,0
1046,30,32,0,0,0,0,0,0,0,0,0
1047,31,0,0,0,0,0,0,0,0,0,0
1048,47,0,0,0,0,0,0,0,0,0,0
1049,54,0,0,0,0,0,0,0,0,0,0
1050,30,32,0,0,0,0,0,0,0,0,0
1051,31,0,0,0,0,0,0,0,0,0,0
1052,47,0,0,0,0,0,0,0,0,0,0
1053,54,0,0,0,0,0,0,0,0,0,0
1054,47,0,0,0,0,0,0,0,0,0,0
1055,54,0,0,0,0,0,0,0,0,0,0
1056,47,0,0,0,0,0,0,0,0,0,0
1057,54,0,0,0,0,0,0,0,0,0,0
1058,47,0,0,0,0,0,0,0,0,0,0
1059,54,0,0,0,0,0,0,0,0,0,0
1060,30,32,0,0,0,0,0,0,0,0,0
1061,51,1,0,0,0,0,0,0,0,0,0
1062,2,0,0,0,0,0,0,0,0,0,0
1063,31,0,0,0,0,0,0,0,0,0,0
1064,30,32,0,0,0,0,0,0,0,0,0
1065,13,32,0,0,0,0,0,0,0,0,0
1066,31,0,0,0,0,0,0,0,0,0,0
1067,2,0,0,0,0,0,0,0,0,0,0
1068,31,0,0,0,0,0,0,0,0,0,0
1069,30,32,0,0,0,0,0,0,0,0,0
1070,13,32,0,0,0,0,0,0,0,0,0
1071,31,0,0,0,0,0,0,0,0,0,0
1072,2,0,0,0,0,0,0,0,0,0,0
1073,30,32,0,0,0,0,0,0,0,0,0
1074,51,1,0,0,0,0,0,0,0,0,0
1075,2,0,0,0,0,0,0,0,0,0,0
1076,31,0,0,0,0,0,0,0,0,0,0
1077,30,32,0,0,0,0,0,0,0,0,0
1078,13,32,0,0,0,0,0,0,0,0,0
1079,31,0,0,0,0,0,0,0,0,0,0
1080,2,0,0,0,0,0,0,0,0,0,0
1081,31,0,0,0,0,0,0,0,0,0,0
1082,30,32,0,0,0,0,0,0,0,0,0
1083,13,32,0,0,0,0,0,0,0,0,0
1084,31,0,0,0,0,0,0,0,0,0,0
1085,2,0,0,0,0,0,0,0,0,0,0
1086,47,0,0,0,0,0,0,0,0,0,0
1087,54,0,0,0,0,0,0,0,0,0,0
1088,30,32,0,0,0,0,0,0,0,0,0
1089,30,32,0,0,0,0,0,0,0,0,0
1090,13,32,0,0,0,0,0,0,0,0,0
1091,31,0,0,0,0,0,0,0,0,0,0
1092,2,0,0,0,0,0,0,0,0,0,0
1093,2,0,0,0,0,0,0,0,0,0,0
1094,2,0,0,0,0,0,0,0,0,0,0
1095,30,32,0,0,0,0,0,0,0,0,0
1096,51,1,0,0,0,0,0,0,0,0,0
1097,2,0,0,0,0,0,0,0,0,0,0
1098,30,32,0,0,0,0,0,0,0,0,0
1099,51,1,0,0,0,0,0,0,0,0,0
1100,2,0,0,0,0,0,0,0,0,0,0
1101,30,0,0,0,0,0,0,0,0,0,0
1102,30,32,0,0,0,0,0,0,0,0,0
1103,15,32,0,0,0,0,0,0,0,0,0
1104,30,32,0,0,0,0,0,0,0,0,0
1105,11,32,0,0,0,0,0,0,0,0,0
1106,38,64,0,0,0,0,0,0,0,0,0
1107,32,0,0,0,0,0,0,0,0,0,0
1108,30,32,0,0,0,0,0,0,0,0,0
1109,51,1,0,0,0,0,0,0,0,0,0
1110,2,0,0,0,0,0,0,0,0,0,0
1111,31,0,0,0,0,0,0,0,0,0,0
1112,2,0,0,0,0,0,0,0,0,0,0
1113,30,32,0,0,0,0,0,0,0,0,0
1114,51,1,0,0,0,0,0,0,0,0,0
1115,2,0,0,0,0,0,0,0,0,0,0
1116,30,32,0,0,0,0,0,0,0,0,0
1117,51,1,0,0,0,0,0,0,0,0,0
1118,2,0,0,0,0,0,0,0,0,0,0
1119,30,32,0,0,0,0,0,0,0,0,0
1120,51,1,0,0,0,0,0,0,0,0,0
1121,2,0,0,0,0,0,0,0,0,0,0
1122,2,0,0,0,0,0,0,0,0,0,0
1123,47,0,0,0,0,0,0,0,0,0,0
1124,54,0,0,0,0,0,0,0,0,0,0
1125,30,32,0,0,0,0,0,0,0,0,0
1126,15,32,0,0,0,0,0,0,0,0,0
1127,31,0,0,0,0,0,0,0,0,0,0
1128,30,32,0,0,0,0,0,0,0,0,0
1129,30,32,0,0,0,0,0,0,0,0,0
1130,13,32,0,0,0,0,0,0,0,0,0
1131,51,1,0,0,0,0,0,0,0,0,0
1132,2,0,0,0,0,0,0,0,0,0,0
1133,30,32,0,0,0,0,0,0,0,0,0
1134,30,32,0,0,0,0,0,0,0,0,0
1135,13,32,0,0,0,0,0,0,0,0,0
1136,31,0,0,0,0,0,0,0,0,0,0
1137,30,32,0,0,0,0,0,0,0,0,0
1138,30,32,0,0,0,0,0,0,0,0,0
1139,11,32,0,0,0,0,0,0,0,0,0
1140,31,0,0,0,0,0,0,0,0,0,0
1141,2,0,0,0,0,0,0,0,0,0,0
1142,30,32,0,0,0,0,0,0,0,0,0
1143,30,32,0,0,0,0,0,0,0,0,0
1144,51,1,0,0,0,0,0,0,0,0,0
1145,2,0,0,0,0,0,0,0,0,0,0
1146,30,32,0,0,0,0,0,0,0,0,0
1147,30,32,0,0,0,0,0,0,0,0,0
1148,11,32,0,0,0,0,0,0,0,0,0
1149,31,0,0,0,0,0,0,0,0,0,0
1150,30,32,0,0,0,0,0,0,0,0,0
1151,30,32,0,0,0,0,0,0,0,0,0
1152,11,32,0,0,0,0,0,0,0,0,0
1153,31,0,0,0,0,0,0,0,0,0,0
1154,2,0,0,0,0,0,0,0,0,0,0
1155,47,0,0,0,0,0,0,0,0,0,0
1156,54,0,0,0,0,0,0,0,0,0,0
1157,2,0,0,0,0,0,0,0,0,0,0
1158,30,32,0,0,0,0,0,0,0,0,0
1159,51,1,0,0,0,0,0,0,0,0,0
1160,2,0,0,0,0,0,0,0,0,0,0
1161,30,0,0,0,0,0,0,0,0,0,0
1162,30,32,0,0,0,0,0,0,0,0,0
1163,15,32,0,0,0,0,0,0,0,0,0
1164,30,32,0,0,0,0,0,0,0,0,0
1165,11,32,0,0,0,0,0,0,0,0,0
1166,38,64,0,0,0,0,0,0,0,0,0
1167,32,0,0,0,0,0,0,0,0,0,0
1168,31,0,0,0,0,0,0,0,0,0,0
1169,2,0,0,0,0,0,0,0,0,0,0
1170,47,0,0,0,0,0,0,0,0,0,0
1171,54,0,0,0,0,0,0,0,0,0,0
1172,47,0,0,0,0,0,0,0,0,0,0
1173,54,0,0,0,0,0,0,0,0,0,0
1174,47,0,0,0,0,0,0,0,0,0,0
1175,54,0,0,0,0,0,0,0,0,0,0
1176,47,0,0,0,0,0,0,0,0,0,0
1177,54,0,0,0,0,0,0,0,0,0,0
1178,47,0,0,0,0,0,0,0,0,0,0
1179,54,0,0,0,0,0,0,0,0,0,0
1180,47,0,0,0,0,0,0,0,0,0,0
1181,54,0,0,0,0,0,0,0,0,0,0
1182,47,0,0,0,0,0,0,0,0,0,0
1183,54,0,0,0,0,0,0,0,0,0,0
1184,47,0,0,0,0,0,0,0,0,0,0
1185,54,0,0,0,0,0,0,0,0,0,0
1186,2,0,0,0,0,0,0,0,0,0,0
1187,30,32,0,0,0,0,0,0,0,0,0
1188,11,32,0,0,0,0,0,0,0,0,0
1189,31,0,0,0,0,0,0,0,0,0,0
1190,2,0,0,0,0,0,0,0,0,0,0
1191,2,0,0,0,0,0,0,0,0,0,0
1192,30,32,0,0,0,0,0,0,0,0,0
1193,11,32,0,0,0,0,0,0,0,0,0
1194,31,0,0,0,0,0,0,0,0,0,0
1195,2,0,0,0,0,0,0,0,0,0,0
1196,2,0,0,0,0,0,0,0,0,0,0
1197,47,0,0,0,0,0,0,0,0,0,0
1198,54,0,0,0,0,0,0,0,0,0,0
1199,31,0,0,0,0,0,0,0,0,0,0
1200,2,0,0,0,0,0,0,0,0,0,0
1201,30,32,0,0,0,0,0,0,0,0,0
1202,51,1,0,0,0,0,0,0,0,0,0
1203,2,0,0,0,0,0,0,0,0,0,0
1204,31,0,0,0,0,0,0,0,0,0,0
1205,47,0,0,0,0,0,0,0,0,0,0
1206,54,0,0,0,0,0,0,0,0,0,0
1207,2,0,0,0,0,0,0,0,0,0,0
1208,2,0,0,0,0,0,0,0,0,0,0
1209,47,0,0,0,0,0,0,0,0,0,0
1210,54,0,0,0,0,0,0,0,0,0,0
1211,31,0,0,0,0,0,0,0,0,0,0
1212,2,0,0,0,0,0,0,0,0,0,0
1213,30,32,0,0,0,0,0,0,0,0,0
1214,51,1,0,0,0,0,0,0,0,0,0
1215,2,0,0,0,0,0,0,0,0,0,0
1216,31,0,0,0,0,0,0,0,0,0,0
1217,47,0,0,0,0,0,0,0,0,0,0
1218,54,0,0,0,0,0,0,0,0,0,0
1219,2,0,0,0,0,0,0,0,0,0,0
1220,47,0,0,0,0,0,0,0,0,0,0
1221,54,0,0,0,0,0,0,0,0,0,0
1222,31,0,0,0,0,0,0,0,0,0,0
1223,47,0,0,0,0,0,0,0,0,0,0
1224,54,0,0,0,0,0,0,0,0,0,0
1225,30,32,0,0,0,0,0,0,0,0,0
1226,31,0,0,0,0,0,0,0,0,0,0
1227,47,0,0,0,0,0,0,0,0,0,0
1228,54,0,0,0,0,0,0,0,0,0,0
1229,30,32,0,0,0,0,0,0,0,0,0
1230,31,0,0,0,0,0,0,0,0,0,0
1231,47,0,0,0,0,0,0,0,0,0,0
1232,54,0,0,0,0,0,0,0,0,0,0
1233,47,0,0,0,0,0,0,0,0,0,0
1234,54,0,0,0,0,0,0,0,0,0,0
1235,47,0,0,0,0,0,0,0,0,0,0
1236,54,0,0,0,0,0,0,0,0,0,0
1237,47,0,0,0,0,0,0,0,0,0,0
1238,54,0,0,0,0,0,0,0,0,0,0
1239,30,32,0,0,0,0,0,0,0,0,0
1240,51,1,0,0,0,0,0,0,0,0,0
1241,2,0,0,0,0,0,0,0,0,0,0
1242,31,0,0,0,0,0,0,0,0,0,0
1243,30,32,0,0,0,0,0,0,0,0,0
1244,13,32,0,0,0,0,0,0,0,0,0
1245,31,0,0,0,0,0,0,0,0,0,0
1246,2,0,0,0,0,0,0,0,0,0,0
1247,31,0,0,0,0,0,0,0,0,0,0
1248,30,32,0,0,0,0,0,0,0,0,0
1249,13,32,0,0,0,0,0,0,0,0,0
1250,31,0,0,0,0,0,0,0,0,0,0
1251,2,0,0,0,0,0,0,0,0,0,0
1252,30,32,0,0,0,0,0,0,0,0,0
1253,51,1,0,0,0,0,0,0,0,0,0
1254,2,0,0,0,0,0,0,0,0,0,0
1255,31,0,0,0,0,0,0,0,0,0,0
1256,30,32,0,0,0,0,0,0,0,0,0
1257,13,32,0,0,0,0,0,0,0,0,0
1258,31,0,0,0,0,0,0,0,0,0,0
1259,2,0,0,0,0,0,0,0,0,0,0
1260,31,0,0,0,0,0,0,0,0,0,0
1261,30,32,0,0,0,0,0,0,0,0,0
1262,13,32,0,0,0,0,0,0,0,0,0
1263,31,0,0,0,0,0,0,0,0,0,0
1264,2,0,0,0,0,0,0,0,0,0,0
1265,47,0,0,0,0,0,0,0,0,0,0
1266,54,0,0,0,0,0,0,0,0,0,0
1267,30,32,0,0,0,0,0,0,0,0,0
1268,30,32,0,0,0,0,0,0,0,0,0
1269,13,32,0,0,0,0,0,0,0,0,0
1270,31,0,0,0,0,0,0,0,0,0,0
1271,2,0,0,0,0,0,0,0,0,0,0
1272,2,0,0,0,0,0,0,0,0,0,0
1273,2,0,0,0,0,0,0,0,0,0,0
1274,30,32,0,0,0,0,0,0,0,0,0
1275,51,1,0,0,0,0,0,0,0,0,0
1276,2,0,0,0,0,0,0,0,0,0,0
1277,30,32,0,0,0,0,0,0,0,0,0
1278,51,1,0,0,0,0,0,0,0,0,0
1279,2,0,0,0,0,0,0,0,0,0,0
1280,30,0,0,0,0,0,0,0,0,0,0
1281,30,32,0,0,0,0,0,0,0,0,0
1282,15,32,0,0,0,0,0,0,0,0,0
1283,30,32,0,0,0,0,0,0,0,0,0
1284,11,32,0,0,0,0,0,0,0,0,0
1285,38,64,0,0,0,0,0,0,0,0,0
1286,32,0,0,0,0,0,0,0,0,0,0
1287,30,32,0,0,0,0,0,0,0,0,0
1288,51,1,0,0,0,0,0,0,0,0,0
1289,2,0,0,0,0,0,0,0,0,0,0
1290,31,0,0,0,0,0,0,0,0,0,0
1291,2,0,0,0,0,0,0,0,0,0,0
1292,30,32,0,0,0,0,0,0,0,0,0
1293,51,1,0,0,0,0,0,0,0,0,0
1294,2,0,0,0,0,0,0,0,0,0,0
1295,30,32,0,0,0,0,0,0,0,0,0
1296,51,1,0,0,0,0,0,0,0,0,0
1297,2,0,0,0,0,0,0,0,0,0,0
1298,30,32,0,0,0,0,0,0,0,0,0
1299,51,1,0,0,0,0,0,0,0,0,0
1300,2,0,0,0,0,0,0,0,0,0,0
1301,2,0,0,0,0,0,0,0,0,0,0
1302,47,0,0,0,0,0,0,0,0,0,0
1303,54,0,0,0,0,0,0,0,0,0,0
1304,30,32,0,0,0,0,0,0,0,0,0
1305,15,32,0,0,0,0,0,0,0,0,0
1306,31,0,0,0,0,0,0,0,0,0,0
1307,30,32,0,0,0,0,0,0,0,0,0
1308,30,32,0,0,0,0,0,0,0,0,0
1309,13,32,0,0,0,0,0,0,0,0,0
1310,51,1,0,0,0,0,0,0,0,0,0
1311,2,0,0,0,0,0,0,0,0,0,0
1312,30,32,0,0,0,0,0,0,0,0,0
1313,30,32,0,0,0,0,0,0,0,0,0
1314,13,32,0,0,0,0,0,0,0,0,0
1315,31,0,0,0,0,0,0,0,0,0,0
1316,30,32,0,0,0,0,0,0,0,0,0
1317,30,32,0,0,0,0,0,0,0,0,0
1318,11,32,0,0,0,0,0,0,0,0,0
1319,31,0,0,0,0,0,0,0,0,0,0
1320,2,0,0,0,0,0,0,0,0,0,0
1321,30,32,0,0,0,0,0,0,0,0,0
1322,30,32,0,0,0,0,0,0,0,0,0
1323,51,1,0,0,0,0,0,0,0,0,0
1324,2,0,0,0,0,0,0,0,0,0,0
1325,30,32,0,0,0,0,0,0,0,0,0
1326,30,32,0,0,0,0,0,0,0,0,0
1327,11,32,0,0,0,0,0,0,0,0,0
1328,31,0,0,0,0,0,0,0,0,0,0
1329,30,32,0,0,0,0,0,0,0,0,0
1330,30,32,0,0,0,0,0,0,0,0,0
1331,11,32,0,0,0,0,0,0,0,0,0
1332,31,0,0,0,0,0,0,0,0,0,0
1333,2,0,0,0,0,0,0,0,0,0,0
1334,47,0,0,0,0,0,0,0,0,0,0
1335,54,0,0,0,0,0,0,0,0,0,0
1336,2,0,0,0,0,0,0,0,0,0,0
1337,30,32,0,0,0,0,0,0,0,0,0
1338,51,1,0,0,0,0,0,0,0,0,0
1339,2,0,0,0,0,0,0,0,0,0,0
1340,30,0,0,0,0,0,0,0,0,0,0
1341,30,32,0,0,0,0,0,0,0,0,0
1342,15,32,0,0,0,0,0,0,0,0,0
1343,30,32,0,0,0,0,0,0,0,0,0
1344,11,32,0,0,0,0,0,0,0,0,0
1345,38,64,0,0,0,0,0,0,0,0,0
1346,32,0,0,0,0,0,0,0,0,0,0
1347,31,0,0,0,0,0,0,0,0,0,0
1348,2,0,0,0,0,0,0,0,0,0,0
1349,47,0,0,0,0,0,0,0,0,0,0
1350,54,0,0,0,0,0,0,0,0,0,0
1351,47,0,0,0,0,0,0,0,0,0,0
1352,54,0,0,0,0,0,0,0,0,0,0
1353,47,0,0,0,0,0,0,0,0,0,0
1354,54,0,0,0,0,0,0,0,0,0,0
1355,47,0,0,0,0,0,0,0,0,0,0
1356,54,0,0,0,0,0,0,0,0,0,0
1357,47,0,0,0,0,0,0,0,0,0,0
1358,54,0,0,0,0,0,0,0,0,0,0
1359,47,0,0,0,0,0,0,0,0,0,0
1360,54,0,0,0,0,0,0,0,0,0,0
1361,47,0,0,0,0,0,0,0,0,0,0
1362,54,0,0,0,0,0,0,0,0,0,0
1363,47,0,0,0,0,0,0,0,0,0,0
1364,54,0,0,0,0,0,0,0,0,0,0
1365,2,0,0,0,0,0,0,0,0,0,0
1366,30,32,0,0,0,0,0,0,0,0,0
1367,11,32,0,0,0,0,0,0,0,0,0
1368,31,0,0,0,0,0,0,0,0,0,0
1369,2,0,0,0,0,0,0,0,0,0,0
1370,2,0,0,0,0,0,0,0,0,0,0
1371,30,32,0,0,0,0,0,0,0,0,0
1372,11,32,0,0,0,0,0,0,0,0,0
1373,31,0,0,0,0,0,0,0,0,0,0
1374,2,0,0,0,0,0,0,0,0,0,0
1375,2,0,0,0,0,0,0,0,0,0,0
1376,47,0,0,0,0,0,0,0,0,0,0
1377,54,0,0,0,0,0,0,0,0,0,0
1378,31,0,0,0,0,0,0,0,0,0,0
1379,2,0,0,0,0,0,0,0,0,0,0
1380,30,32,0,0,0,0,0,0,0,0,0
1381,51,1,0,0,0,0,0,0,0,0,0
1382,2,0,0,0,0,0,0,0,0,0,0
1383,31,0,0,0,0,0,0,0,0,0,0
1384,47,0,0,0,0,0,0,0,0,0,0
1385,54,0,0,0,0,0,0,0,0,0,0
1386,2,0,0,0,0,0,0,0,0,0,0
1387,2,0,0,0,0,0,0,0,0,0,0
1388,47,0,0,0,0,0,0,0,0,0,0
1389,54,0,0,0,0,0,0,0,0,0,0
1390,31,0,0,0,0,0,0,0,0,0,0
1391,2,0,0,0,0,0,0,0,0,0,0
1392,30,32,0,0,0,0,0,0,0,0,0
1393,51,1,0,0,0,0,0,0,0,0,0
1394,2,0,0,0,0,0,0,0,0,0,0
1395,31,0,0,0,0,0,0,0,0,0,0
1396,47,0,0,0,0,0,0,0,0,0,0
1397,54,0,0,0,0,0,0,0,0,0,0
1398,2,0,0,0,0,0,0,0,0,0,0
1399,47,0,0,0,0,0,0,0,0,0,0
1400,54,0,0,0,0,0,0,0,0,0,0
1401,31,0,0,0,0,0,0,0,0,0,0
1402,47,0,0,0,0,0,0,0,0,0,0
1403,54,0,0,0,0,0,0,0,0,0,0
1404,30,32,0,0,0,0,0,0,0,0,0
1405,31,0,0,0,0,0,0,0,0,0,0
1406,47,0,0,0,0,0,0,0,0,0,0
1407,54,0,0,0,0,0,0,0,0,0,0
1408,30,32,0,0,0,0,0,0,0,0,0
1409,31,0,0,0,0,0,0,0,0,0,0
1410,47,0,0,0,0,0,0,0,0,0,0
1411,54,0,0,0,0,0,0,0,0,0,0
1412,47,0,0,0,0,0,0,0,0,0,0
1413,54,0,0,0,0,0,0,0,0,0,0
1414,47,0,0,0,0,0,0,0,0,0,0
1415,54,0,0,0,0,0,0,0,0,0,0
1416,47,0,0,0,0,0,0,0,0,0,0
1417,54,0,0,0,0,0,0,0,0,0,0
1418,30,32,0,0,0,0,0,0,0,0,0
1419,51,1,0,0,0,0,0,0,0,0,0
1420,2,0,0,0,0,0,0,0,0,0,0
1421,31,0,0,0,0,0,0,0,0,0,0
1422,30,32,0,0,0,0,0,0,0,0,0
1423,13,32,0,0,0,0,0,0,0,0,0
1424,31,0,0,0,0,0,0,0,0,0,0
1425,2,0,0,0,0,0,0,0,0,0,0
1426,31,0,0,0,0,0,0,0,0,0,0
1427,30,32,0,0,0,0,0,0,0,0,0
1428,13,32,0,0,0,0,0,0,0,0,0
1429,31,0,0,0,0,0,0,0,0,0,0
1430,2,0,0,0,0,0,0,0,0,0,0
1431,30,32,0,0,0,0,0,0,0,0,0
1432,51,1,0,0,0,0,0,0,0,0,0
1433,2,0,0,0,0,0,0,0,0,0,0
1434,31,0,0,0,0,0,0,0,0,0,0
1435,30,32,0,0,0,0,0,0,0,0,0
1436,13,32,0,0,0,0,0,0,0,0,0
1437,31,0,0,0,0,0,0,0,0,0,0
1438,2,0,0,0,0,0,0,0,0,0,0
1439,31,0,0,0,0,0,0,0,0,0,0
1440,30,32,0,0,0,0,0,0,0,0,0
1441,13,32,0,0,0,0,0,0,0,0,0
1442,31,0,0,0,0,0,0,0,0,0,0
1443,2,0,0,0,0,0,0,0,0,0,0
1444,47,0,0,0,0,0,0,0,0,0,0
1445,54,0,0,0,0,0,0,0,0,0,0
1446,30,32,0,0,0,0,0,0,0,0,0
1447,30,32,0,0,0,0,0,0,0,0,0
1448,13,32,0,0,0,0,0,0,0,0,0
1449,31,0,0,0,0,0,0,0,0,0,0
1450,2,0,0,0,0,0,0,0,0,0,0
1451,2,0,0,0,0,0,0,0,0,0,0
1452,2,0,0,0,0,0,0,0,0,0,0
1453,30,32,0,0,0,0,0,0,0,0,0
1454,51,1,0,0,0,0,0,0,0,0,0
1455,2,0,0,0,0,0,0,0,0,0,0
1456,30,32,0,0,0,0,0,0,0,0,0
1457,51,1,0,0,0,0,0,0,0,0,0
1458,2,0,0,0,0,0,0,0,0,0,0
1459,30,0,0,0,0,0,0,0,0,0,0
1460,30,32,0,0,0,0,0,0,0,0,0
1461,15,32,0,0,0,0,0,0,0,0,0
1462,30,32,0,0,0,0,0,0,0,0,0
1463,11,32,0,0,0,0,0,0,0,0,0
1464,38,64,0,0,0,0,0,0,0,0,0
1465,32,0,0,0,0,0,0,0,0,0,0
1466,30,32,0,0,0,0,0,0,0,0,0
1467,51,1,0,0,0,0,0,0,0,0,0
1468,2,0,0,0,0,0,0,0,0,0,0
1469,31,0,0,0,0,0,0,0,0,0,0
1470,2,0,0,0,0,0,0,0,0,0,0
1471,30,32,0,0,0,0,0,0,0,0,0
1472,51,1,0,0,0,0,0,0,0,0,0
1473,2,0,0,0,0,0,0,0,0,0,0
1474,30,32,0,0,0,0,0,0,0,0,0
1475,51,1,0,0,0,0,0,0,0,0,0
1476,2,0,0,0,0,0,0,0,0,0,0
1477,30,32,0,0,0,0,0,0,0,0,0
1478,51,1,0,0,0,0,0,0,0,0,0
1479,2,0,0,0,0,0,0,0,0,0,0
1480,2,0,0,0,0,0,0,0,0,0,0
1481,47,0,0,0,0,0,0,0,0,0,0
1482,54,0,0,0,0,0,0,0,0,0,0
1483,30,32,0,0,0,0,0,0,0,0,0
1484,15,32,0,0,0,0,0,0,0,0,0
1485,31,0,0,0,0,0,0,0,0,0,0
1486,30,32,0,0,0,0,0,0,0,0,0
1487,30,32,0,0,0,0,0,0,0,0,0
1488,13,32,0,0,0,0,0,0,0,0,0
1489,51,1,0,0,0,0,0,0,0,0,0
1490,2,0,0,0,0,0,0,0,0,0,0
1491,30,32,0,0,0,0,0,0,0,0,0
1492,30,32,0,0,0,0,0,0,0,0,0
1493,13,32,0,0,0,0,0,0,0,0,0
1494,31,0,0,0,0,0,0,0,0,0,0
1495,30,32,0,0,0,0,0,0,0,0,0
1496,30,32,0,0,0,0,0,0,0,0,0
1497,11,32,0,0,0,0,0,0,0,0,0
1498,31,0,0,0,0,0,0,0,0,0,0
1499,2,0,0,0,0,0,0,0,0,0,0
1500,30,32,0,0,0,0,0,0,0,0,0
1501,30,32,0,0,0,0,0,0,0,0,0
1502,51,1,0,0,0,0,0,0,0,0,0
1503,2,0,0,0,0,0,0,0,0,0,0
1504,30,32,0,0,0,0,0,0,0,0,0
1505,30,32,0,0,0,0,0,0,0,0,0
1506,11,32,0,0,0,0,0,0,0,0,0
1507,31,0,0,0,0,0,0,0,0,0,0
1508,30,32,0,0,0,0,0,0,0,0,0
1509,30,32,0,0,0,0,0,0,0,0,0
1510,11,32,0,0,0,0,0,0,0,0,0
1511,31,0,0,0,0,0,0,0,0,0,0
1512,2,0,0,0,0,0,0,0,0,0,0
1513,47,0,0,0,0,0,0,0,0,0,0
1514,54,0,0,0,0,0,0,0,0,0,0
1515,2,0,0,0,0,0,0,0,0,0,0
1516,30,32,0,0,0,0,0,0,0,0,0
1517,51,1,0,0,0,0,0,0,0,0,0
1518,2,0,0,0,0,0,0,0,0,0,0
1519,30,0,0,0,0,0,0,0,0,0,0
1520,30,32,0,0,0,0,0,0,0,0,0
1521,15,32,0,0,0,0,0,0,0,0,0
1522,30,32,0,0,0,0,0,0,0,0,0
1523,11,32,0,0,0,0,0,0,0,0,0
1524,38,64,0,0,0,0,0,0,0,0,0
1525,32,0,0,0,0,0,0,0,0,0,0
1526,31,0,0,0,0,0,0,0,0,0,0
1527,2,0,0,0,0,0,0,0,0,0,0
1528,47,0,0,0,0,0,0,0,0,0,0
1529,54,0,0,0,0,0,0,0,0,0,0
1530,47,0,0,0,0,0,0,0,0,0,0
1531,54,0,0,0,0,0,0,0,0,0,0
1532,47,0,0,0,0,0,0,0,0,0,0
1533,54,0,0,0,0,0,0,0,0,0,0
1534,47,0,0,0,0,0,0,0,0,0,0
1535,54,0,0,0,0,0,0,0,0,0,0
1536,47,0,0,0,0,0,0,0,0,0,0
1537,54,0,0,0,0,0,0,0,0,0,0
1538,47,0,0,0,0,0,0,0,0,0,0
1539,54,0,0,0,0,0,0,0,0,0,0
1540,47,0,0,0,0,0,0,0,0,0,0
1541,54,0,0,0,0,0,0,0,0,0,0
1542,47,0,0,0,0,0,0,0,0,0,0
1543,54,0,0,0,0,0,0,0,0,0,0
1544,2,0,0,0,0,0,0,0,0,0,0
1545,30,32,0,0,0,0,0,0,0,0,0
1546,11,32,0,0,0,0,0,0,0,0,0
1547,31,0,0,0,0,0,0,0,0,0,0
1548,2,0,0,0,0,0,0,0,0,0,0
1549,2,0,0,0,0,0,0,0,0,0,0
1550,30,32,0,0,0,0,0,0,0,0,0
1551,11,32,0,0,0,0,0,0,0,0,0
1552,31,0,0,0,0,0,0,0,0,0,0
1553,2,0,0,0,0,0,0,0,0,0,0
1554,1,0,0,0,0,0,0,0,0,0,0
1464
1,206
1,106
2,385
2,107
3,564
3,108
4,743
4,109
5,922
5,110
6,1101
6,111
7,1280
7,112
8,1459
8,113
9,266
9,114
10,445
10,115
11,624
11,116
12,803
12,117
13,982
13,118
14,1161
14,119
15,1340
15,120
16,1519
16,121
17,299
17,297
17,267
17,155
17,131
17,127
17,125
17,123
18,1395
18,1383
18,1216
18,1204
18,1037
18,1025
18,858
18,846
18,679
18,667
18,500
18,488
18,321
18,309
18,142
18,130
19,294
19,292
19,269
19,151
19,143
19,139
19,137
19,135
20,289
20,263
20,224
20,216
20,148
20,146
21,287
21,245
21,242
21,218
21,209
21,200
21,174
21,169
21,165
21,152
21,149
22,285
22,258
22,255
22,221
22,207
22,203
22,187
22,182
22,178
22,156
22,153
23,283
23,243
23,173
23,168
23,157
24,281
24,252
24,248
24,193
24,176
24,171
24,159
25,279
25,256
25,186
25,181
25,161
26,277
26,239
26,234
26,194
26,189
26,184
26,163
27,275
27,254
27,251
27,241
27,238
27,230
27,196
27,191
28,260
28,247
28,233
28,232
28,228
29,478
29,476
29,446
29,334
29,310
29,306
29,304
29,302
30,473
30,471
30,448
30,330
30,322
30,318
30,316
30,314
31,468
31,442
31,403
31,395
31,327
31,325
32,466
32,424
32,421
32,397
32,388
32,379
32,353
32,348
32,344
32,331
32,328
33,464
33,437
33,434
33,400
33,386
33,382
33,366
33,361
33,357
33,335
33,332
34,462
34,422
34,352
34,347
34,336
35,460
35,431
35,427
35,372
35,355
35,350
35,338
36,458
36,435
36,365
36,360
36,340
37,456
37,418
37,413
37,373
37,368
37,363
37,342
38,454
38,433
38,430
38,420
38,417
38,409
38,375
38,370
39,439
39,426
39,412
39,411
39,407
40,657
40,655
40,625
40,513
40,489
40,485
40,483
40,481
41,652
41,650
41,627
41,509
41,501
41,497
41,495
41,493
42,647
42,621
42,582
42,574
42,506
42,504
43,645
43,603
43,600
43,576
43,567
43,558
43,532
43,527
43,523
43,510
43,507
44,643
44,616
44,613
44,579
44,565
44,561
44,545
44,540
44,536
44,514
44,511
45,641
45,601
45,531
45,526
45,515
46,639
46,610
46,606
46,551
46,534
46,529
46,517
47,637
47,614
47,544
47,539
47,519
48,635
48,597
48,592
48,552
48,547
48,542
48,521
49,633
49,612
49,609
49,599
49,596
49,588
49,554
49,549
50,618
50,605
50,591
50,590
50,586
51,836
51,834
51,804
51,692
51,668
51,664
51,662
51,660
52,831
52,829
52,806
52,688
52,680
52,676
52,674
52,672
53,826
53,800
53,761
53,753
53,685
53,683
54,824
54,782
54,779
54,755
54,746
54,737
54,711
54,706
54,702
54,689
54,686
55,822
55,795
55,792
55,758
55,744
55,740
55,724
55,719
55,715
55,693
55,690
56,820
56,780
56,710
56,705
56,694
57,818
57,789
57,785
57,730
57,713
57,708
57,696
58,816
58,793
58,723
58,718
58,698
59,814
59,776
59,771
59,731
59,726
59,721
59,700
60,812
60,791
60,788
60,778
60,775
60,767
60,733
60,728
61,797
61,784
61,770
61,769
61,765
62,1015
62,1013
62,983
62,871
62,847
62,843
62,841
62,839
63,1010
63,1008
63,985
63,867
63,859
63,855
63,853
63,851
64,1005
64,979
64,940
64,932
64,864
64,862
65,1003
65,961
65,958
65,934
65,925
65,916
65,890
65,885
65,881
65,868
65,865
66,1001
66,974
66,971
66,937
66,923
66,919
66,903
66,898
66,894
66,872
66,869
67,999
67,959
67,889
67,884
67,873
68,997
68,968
68,964
68,909
68,892
68,887
68,875
69,995
69,972
69,902
69,897
69,877
70,993
70,955
70,950
70,910
70,905
70,900
70,879
71,991
71,970
71,967
71,957
71,954
71,946
71,912
71,907
72,976
72,963
72,949
72,948
72,944
73,1194
73,1192
73,1162
73,1050
73,1026
73,1022
73,1020
73,1018
74,1189
74,1187
74,1164
74,1046
74,1038
74,1034
74,1032
74,1030
75,1184
75,1158
75,1119
75,1111
75,1043
75,1041
76,1182
76,1140
76,1137
76,1113
76,1104
76,1095
76,1069
76,1064
76,1060
76,1047
76,1044
77,1180
77,1153
77,1150
77,1116
77,1102
77,1098
77,1082
77,1077
77,1073
77,1051
77,1048
78,1178
78,1138
78,1068
78,1063
78,1052
79,1176
79,1147
79,1143
79,1088
79,1071
79,1066
79,1054
80,1174
80,1151
80,1081
80,1076
80,1056
81,1172
81,1134
81,1129
81,1089
81,1084
81,1079
81,1058
82,1170
82,1149
82,1146
82,1136
82,1133
82,1125
82,1091
82,1086
83,1155
83,1142
83,1128
83,1127
83,1123
84,1373
84,1371
84,1341
84,1229
84,1205
84,1201
84,1199
84,1197
85,1368
85,1366
85,1343
85,1225
85,1217
85,1213
85,1211
85,1209
86,1363
86,1337
86,1298
86,1290
86,1222
86,1220
87,1361
87,1319
87,1316
87,1292
87,1283
87,1274
87,1248
87,1243
87,1239
87,1226
87,1223
88,1359
88,1332
88,1329
88,1295
88,1281
88,1277
88,1261
88,1256
88,1252
88,1230
88,1227
89,1357
89,1317
89,1247
89,1242
89,1231
90,1355
90,1326
90,1322
90,1267
90,1250
90,1245
90,1233
91,1353
91,1330
91,1260
91,1255
91,1235
92,1351
92,1313
92,1308
92,1268
92,1263
92,1258
92,1237
93,1349
93,1328
93,1325
93,1315
93,1312
93,1304
93,1270
93,1265
94,1334
94,1321
94,1307
94,1306
94,1302
95,1552
95,1550
95,1520
95,1408
95,1384
95,1380
95,1378
95,1376
96,1547
96,1545
96,1522
96,1404
96,1396
96,1392
96,1390
96,1388
97,1542
97,1516
97,1477
97,1469
97,1401
97,1399
98,1540
98,1498
98,1495
98,1471
98,1462
98,1453
98,1427
98,1422
98,1418
98,1405
98,1402
99,1538
99,1511
99,1508
99,1474
99,1460
99,1456
99,1440
99,1435
99,1431
99,1409
99,1406
100,1536
100,1496
100,1426
100,1421
100,1410
101,1534
101,1505
101,1501
101,1446
101,1429
101,1424
101,1412
102,1532
102,1509
102,1439
102,1434
102,1414
103,1530
103,1492
103,1487
103,1447
103,1442
103,1437
103,1416
104,1528
104,1507
104,1504
104,1494
104,1491
104,1483
104,1449
104,1444
105,1513
105,1500
105,1486
105,1485
105,1481
123,124
127,128
128,129
131,132
135,136
139,140
140,141
143,144
146,147
149,150
151,152
153,154
155,156
157,158
159,160
161,162
163,164
165,166
166,167
169,170
170,171
174,175
175,176
178,179
179,180
182,183
183,184
187,188
188,189
191,192
193,195
194,195
195,196
200,201
201,202
203,204
204,205
206,212
207,208
208,210
209,210
210,211
211,212
212,213
213,214
214,215
218,219
219,220
221,222
222,223
224,225
225,226
228,229
230,231
231,232
233,236
234,235
235,236
236,237
238,240
239,240
240,241
242,244
243,244
244,245
247,249
248,249
249,250
251,253
252,253
253,254
255,257
256,257
257,258
260,261
263,264
264,265
266,272
267,268
268,270
269,270
270,271
271,272
272,273
275,276
277,278
279,280
281,282
283,284
285,286
287,288
289,290
292,293
293,294
297,298
298,299
302,303
306,307
307,308
310,311
314,315
318,319
319,320
322,323
325,326
328,329
330,331
332,333
334,335
336,337
338,339
340,341
342,343
344,345
345,346
348,349
349,350
353,354
354,355
357,358
358,359
361,362
362,363
366,367
367,368
370,371
372,374
373,374
374,375
379,380
380,381
382,383
383,384
385,391
386,387
387,389
388,389
389,390
390,391
391,392
392,393
393,394
397,398
398,399
400,401
401,402
403,404
404,405
407,408
409,410
410,411
412,415
413,414
414,415
415,416
417,419
418,419
419,420
421,423
422,423
423,424
426,428
427,428
428,429
430,432
431,432
432,433
434,436
435,436
436,437
439,440
442,443
443,444
445,451
446,447
447,449
448,449
449,450
450,451
451,452
454,455
456,457
458,459
460,461
462,463
464,465
466,467
468,469
471,472
472,473
476,477
477,478
481,482
485,486
486,487
489,490
493,494
497,498
498,499
501,502
504,505
507,508
509,510
511,512
513,514
515,516
517,518
519,520
521,522
523,524
524,525
527,528
528,529
532,533
533,534
536,537
537,538
540,541
541,542
545,546
546,547
549,550
551,553
552,553
553,554
558,559
559,560
561,562
562,563
564,570
565,566
566,568
567,568
568,569
569,570
570,571
571,572
572,573
576,577
577,578
579,580
580,581
582,583
583,584
586,587
588,589
589,590
591,594
592,593
593,594
594,595
596,598
597,598
598,599
600,602
601,602
602,603
605,607
606,607
607,608
609,611
610,611
611,612
613,615
614,615
615,616
618,619
621,622
622,623
624,630
625,626
626,628
627,628
628,629
629,630
630,631
633,634
635,636
637,638
639,640
641,642
643,644
645,646
647,648
650,651
651,652
655,656
656,657
660,661
664,665
665,666
668,669
672,673
676,677
677,678
680,681
683,684
686,687
688,689
690,691
692,693
694,695
696,697
698,699
700,701
702,703
703,704
706,707
707,708
711,712
712,713
715,716
716,717
719,720
720,721
724,725
725,726
728,729
730,732
731,732
732,733
737,738
738,739
740,741
741,742
743,749
744,745
745,747
746,747
747,748
748,749
749,750
750,751
751,752
755,756
756,757
758,759
759,760
761,762
762,763
765,766
767,768
768,769
770,773
771,772
772,773
773,774
775,777
776,777
777,778
779,781
780,781
781,782
784,786
785,786
786,787
788,790
789,790
790,791
792,794
793,794
794,795
797,798
800,801
801,802
803,809
804,805
805,807
806,807
807,808
808,809
809,810
812,813
814,815
816,817
818,819
820,821
822,823
824,825
826,827
829,830
830,831
834,835
835,836
839,840
843,844
844,845
847,848
851,852
855,856
856,857
859,860
862,863
865,866
867,868
869,870
871,872
873,874
875,876
877,878
879,880
881,882
882,883
885,886
886,887
890,891
891,892
894,895
895,896
898,899
899,900
903,904
904,905
907,908
909,911
910,911
911,912
916,917
917,918
919,920
920,921
922,928
923,924
924,926
925,926
926,927
927,928
928,929
929,930
930,931
934,935
935,936
937,938
938,939
940,941
941,942
944,945
946,947
947,948
949,952
950,951
951,952
952,953
954,956
955,956
956,957
958,960
959,960
960,961
963,965
964,965
965,966
967,969
968,969
969,970
971,973
972,973
973,974
976,977
979,980
980,981
982,988
983,984
984,986
985,986
986,987
987,988
988,989
991,992
993,994
995,996
997,998
999,1000
1001,1002
1003,1004
1005,1006
1008,1009
1009,1010
1013,1014
1014,1015
1018,1019
1022,1023
1023,1024
1026,1027
1030,1031
1034,1035
1035,1036
1038,1039
1041,1042
1044,1045
1046,1047
1048,1049
1050,1051
1052,1053
1054,1055
1056,1057
1058,1059
1060,1061
1061,1062
1064,1065
1065,1066
1069,1070
1070,1071
1073,1074
1074,1075
1077,1078
1078,1079
1082,1083
1083,1084
1086,1087
1088,1090
1089,1090
1090,1091
1095,1096
1096,1097
1098,1099
1099,1100
1101,1107
1102,1103
1103,1105
1104,1105
1105,1106
1106,1107
1107,1108
1108,1109
1109,1110
1113,1114
1114,1115
1116,1117
1117,1118
1119,1120
1120,1121
1123,1124
1125,1126
1126,1127
1128,1131
1129,1130
1130,1131
1131,1132
1133,1135
1134,1135
1135,1136
1137,1139
1138,1139
1139,1140
1142,1144
1143,1144
1144,1145
1146,1148
1147,1148
1148,1149
1150,1152
1151,1152
1152,1153
1155,1156
1158,1159
1159,1160
1161,1167
1162,1163
1163,1165
1164,1165
1165,1166
1166,1167
1167,1168
1170,1171
1172,1173
1174,1175
1176,1177
1178,1179
1180,1181
1182,1183
1184,1185
1187,1188
1188,1189
1192,1193
1193,1194
1197,1198
1201,1202
1202,1203
1205,1206
1209,1210
1213,1214
1214,1215
1217,1218
1220,1221
1223,1224
1225,1226
1227,1228
1229,1230
1231,1232
1233,1234
1235,1236
1237,1238
1239,1240
1240,1241
1243,1244
1244,1245
1248,1249
1249,1250
1252,1253
1253,1254
1256,1257
1257,1258
1261,1262
1262,1263
1265,1266
1267,1269
1268,1269
1269,1270
1274,1275
1275,1276
1277,1278
1278,1279
1280,1286
1281,1282
1282,1284
1283,1284
1284,1285
1285,1286
1286,1287
1287,1288
1288,1289
1292,1293
1293,1294
1295,1296
1296,1297
1298,1299
1299,1300
1302,1303
1304,1305
1305,1306
1307,1310
1308,1309
1309,1310
1310,1311
1312,1314
1313,1314
1314,1315
1316,1318
1317,1318
1318,1319
1321,1323
1322,1323
1323,1324
1325,1327
1326,1327
1327,1328
1329,1331
1330,1331
1331,1332
1334,1335
1337,1338
1338,1339
1340,1346
1341,1342
1342,1344
1343,1344
1344,1345
1345,1346
1346,1347
1349,1350
1351,1352
1353,1354
1355,1356
1357,1358
1359,1360
1361,1362
1363,1364
1366,1367
1367,1368
1371,1372
1372,1373
1376,1377
1380,1381
1381,1382
1384,1385
1388,1389
1392,1393
1393,1394
1396,1397
1399,1400
1402,1403
1404,1405
1406,1407
1408,1409
1410,1411
1412,1413
1414,1415
1416,1417
1418,1419
1419,1420
1422,1423
1423,1424
1427,1428
1428,1429
1431,1432
1432,1433
1435,1436
1436,1437
1440,1441
1441,1442
1444,1445
1446,1448
1447,1448
1448,1449
1453,1454
1454,1455
1456,1457
1457,1458
1459,1465
1460,1461
1461,1463
1462,1463
1463,1464
1464,1465
1465,1466
1466,1467
1467,1468
1471,1472
1472,1473
1474,1475
1475,1476
1477,1478
1478,1479
1481,1482
1483,1484
1484,1485
1486,1489
1487,1488
1488,1489
1489,1490
1491,1493
1492,1493
1493,1494
1495,1497
1496,1497
1497,1498
1500,1502
1501,1502
1502,1503
1504,1506
1505,1506
1506,1507
1508,1510
1509,1510
1510,1511
1513,1514
1516,1517
1517,1518
1519,1525
1520,1521
1521,1523
1522,1523
1523,1524
1524,1525
1525,1526
1528,1529
1530,1531
1532,1533
1534,1535
1536,1537
1538,1539
1540,1541
1542,1543
1545,1546
1546,1547
1550,1551
1551,1552
