93
1,2,0,0,0,0,0,0,0,0,0,0,0
2,2,0,0,0,0,0,0,0,0,0,0,0
3,53,64,0,1,0,0,0,0,0,0,0,0
4,53,32,1,1,0,0,0,0,0,0,0,0
5,51,1,0,1,0,0,0,0,0,0,0,0
6,2,0,0,1,0,0,0,0,0,0,0,0
7,53,32,1,0,0,0,0,0,0,0,0,0
8,2,0,0,0,0,0,0,0,0,0,0,0
9,32,0,0,1,0,0,0,0,0,0,0,0
10,30,32,1,1,0,0,0,0,0,0,0,0
11,32,0,0,1,0,0,0,0,0,0,0,0
12,30,32,1,1,0,0,0,0,0,0,0,0
13,16,32,1,1,0,0,0,0,0,0,0,0
14,12,32,1,1,0,0,0,0,0,0,0,0
15,2,0,0,1,0,0,0,0,0,0,0,0
16,11,64,0,1,0,0,0,0,0,0,0,0
17,2,0,0,1,0,0,0,0,0,0,0,0
18,1,0,0,0,0,0,0,0,0,0,0,0
19,14,32,1,0,0,0,0,0,0,0,0,0
20,54,32,1,0,0,0,0,0,0,0,0,0
21,12,32,1,0,0,0,0,0,0,0,0,0
22,19,32,1,0,0,0,0,0,0,0,0,0
23,1,0,0,0,0,0,0,0,0,0,0,0
24,2,0,0,0,0,0,0,0,0,0,0,0
25,2,0,0,0,0,0,0,0,0,0,0,0
26,53,64,0,1,0,0,0,0,0,0,0,0
27,51,1,0,1,0,0,0,0,0,0,0,0
28,2,0,0,1,0,0,0,0,0,0,0,0
29,2,0,0,0,0,0,0,0,0,0,0,0
30,32,0,0,1,0,0,0,0,0,0,0,0
31,30,32,1,1,0,0,0,0,0,0,0,0
32,16,32,1,1,0,0,0,0,0,0,0,0
33,32,0,0,1,0,0,0,0,0,0,0,0
34,31,0,0,1,0,0,0,0,0,0,0,0
35,2,0,0,1,0,0,0,0,0,0,0,0
36,11,64,0,1,0,0,0,0,0,0,0,0
37,2,0,0,1,0,0,0,0,0,0,0,0
38,1,0,0,0,0,0,0,0,0,0,0,0
39,2,0,0,0,0,0,0,0,0,0,0,0
40,2,0,0,0,0,0,0,0,0,0,0,0
41,53,64,0,1,0,0,0,0,0,0,0,0
42,51,1,0,1,0,0,0,0,0,0,0,0
43,2,0,0,1,0,0,0,0,0,0,0,0
44,2,0,0,0,0,0,0,0,0,0,0,0
45,32,0,0,1,0,0,0,0,0,0,0,0
46,30,32,1,1,0,0,0,0,0,0,0,0
47,16,32,1,1,0,0,0,0,0,0,0,0
48,32,0,0,1,0,0,0,0,0,0,0,0
49,30,32,1,1,0,0,0,0,0,0,0,0
50,12,32,1,1,0,0,0,0,0,0,0,0
51,31,0,0,1,0,0,0,0,0,0,0,0
52,2,0,0,1,0,0,0,0,0,0,0,0
53,11,64,0,1,0,0,0,0,0,0,0,0
54,2,0,0,1,0,0,0,0,0,0,0,0
55,1,0,0,0,0,0,0,0,0,0,0,0
56,29,0,0,0,0,0,0,0,0,0,0,0
57,47,0,0,0,0,0,0,0,0,0,0,0
58,54,0,0,0,0,0,0,0,0,0,0,0
59,2,0,0,0,0,0,0,0,0,0,0,0
60,2,0,0,0,0,0,0,0,0,0,0,0
61,53,32,0,1,0,0,0,0,0,0,0,0
62,51,1,0,1,0,0,0,0,0,0,0,0
63,2,0,0,1,0,0,0,0,0,0,0,0
64,2,0,0,0,0,0,0,0,0,0,0,0
65,2,0,0,1,0,0,0,0,0,0,0,0
66,2,0,0,1,0,0,0,0,0,0,0,0
67,53,64,0,1,0,0,0,0,0,0,0,0
68,51,1,0,1,0,0,0,0,0,0,0,0
69,2,0,0,1,0,0,0,0,0,0,0,0
70,2,0,0,1,0,0,0,0,0,0,0,0
71,23,64,0,1,0,0,0,0,0,0,0,0
72,32,0,0,1,0,0,0,0,0,0,0,0
73,54,32,1,1,0,0,0,0,0,0,0,0
74,54,32,1,1,0,0,0,0,0,0,0,0
75,32,0,0,1,0,0,0,0,0,0,0,0
76,23,64,0,1,0,0,0,0,0,0,0,0
77,32,0,0,1,0,0,0,0,0,0,0,0
78,32,0,0,1,0,0,0,0,0,0,0,0
79,30,8,0,1,0,0,0,0,0,0,0,0
80,41,32,1,1,0,0,0,0,0,0,0,0
81,14,32,1,1,0,0,0,0,0,0,0,0
82,54,0,0,1,0,0,0,0,0,0,0,0
83,32,0,0,1,0,0,0,0,0,0,0,0
84,54,0,0,1,0,0,0,0,0,0,0,0
85,2,0,0,1,0,0,0,0,0,0,0,0
86,11,64,0,1,0,0,0,0,0,0,0,0
87,2,0,0,1,0,0,0,0,0,0,0,0
88,2,0,0,1,0,0,0,0,0,0,0,0
89,11,32,0,1,0,0,0,0,0,0,0,0
90,2,0,0,1,0,0,0,0,0,0,0,0
91,47,0,0,0,0,0,0,0,0,0,0,0
92,54,0,0,0,0,0,0,0,0,0,0,0
93,1,0,0,0,0,0,0,0,0,0,0,0
71
3,5
3,11
3,9
3,16
4,7
4,14
5,6
7,18
9,10
10,13
11,12
12,13
13,14
14,4
16,3
19,20
20,21
21,22
22,23
26,27
26,33
26,30
26,36
27,28
30,31
31,32
32,34
33,34
36,26
41,42
41,48
41,45
41,53
42,43
45,46
46,47
47,50
48,51
48,49
49,50
50,51
53,41
56,91
56,83
56,75
56,57
57,58
61,62
61,89
62,63
67,68
67,78
67,76
67,71
67,86
68,69
71,72
72,73
73,74
74,81
75,82
76,77
77,82
78,79
79,80
80,81
81,82
83,84
86,67
89,61
91,92
