38
1,2,0,0,0,0,0,0,0,0,0,0,0
2,2,0,0,0,0,0,0,0,0,0,0,0
3,53,64,0,1,0,0,0,0,0,0,0,0
4,51,1,0,1,0,0,0,0,0,0,0,0
5,2,0,0,1,0,0,0,0,0,0,0,0
6,32,0,0,1,0,0,0,0,0,0,0,0
7,30,32,0,1,0,0,0,0,0,0,0,0
8,51,1,0,1,0,0,0,0,0,0,0,0
9,2,0,0,1,0,0,0,0,0,0,0,0
10,36,32,0,1,0,0,0,0,0,0,0,0
11,54,0,0,1,0,0,0,0,0,0,0,0
12,2,0,0,1,0,0,0,0,0,0,0,0
13,2,0,0,1,0,0,0,0,0,0,0,0
14,11,64,0,1,0,0,0,0,0,0,0,0
15,2,0,0,1,0,0,0,0,0,0,0,0
16,1,0,0,0,0,0,0,0,0,0,0,0
17,2,0,0,0,0,0,0,0,0,0,0,0
18,38,64,0,0,0,0,0,0,0,0,0,0
19,2,0,0,0,0,0,0,0,0,0,0,0
20,53,64,0,1,0,0,0,0,0,0,0,0
21,51,1,0,1,0,0,0,0,0,0,0,0
22,2,0,0,1,0,0,0,0,0,0,0,0
23,15,64,0,1,0,0,0,0,0,0,0,0
24,11,64,0,1,0,0,0,0,0,0,0,0
25,32,0,0,1,0,0,0,0,0,0,0,0
26,30,32,0,1,0,0,0,0,0,0,0,0
27,32,0,0,1,0,0,0,0,0,0,0,0
28,30,32,0,1,0,0,0,0,0,0,0,0
29,15,32,0,1,0,0,0,0,0,0,0,0
30,11,64,0,1,0,0,0,0,0,0,0,0
31,32,0,0,1,0,0,0,0,0,0,0,0
32,30,32,0,1,0,0,0,0,0,0,0,0
33,11,32,0,1,0,0,0,0,0,0,0,0
34,31,0,0,1,0,0,0,0,0,0,0,0
35,2,0,0,1,0,0,0,0,0,0,0,0
36,11,64,0,1,0,0,0,0,0,0,0,0
37,2,0,0,1,0,0,0,0,0,0,0,0
38,1,0,0,0,0,0,0,0,0,0,0,0
30
3,4
3,6
3,10
3,14
4,5
6,7
7,8
8,9
10,11
14,3
18,24
20,21
20,27
20,30
20,23
20,36
21,22
23,24
24,25
25,26
26,29
27,28
28,29
29,33
30,31
31,34
31,32
32,33
33,34
36,20
