756
1,29,0,0,0,0,0,0,0,0,0,0
2,29,0,0,0,0,0,0,0,0,0,0
3,29,0,0,0,0,0,0,0,0,0,0
4,29,0,0,0,0,0,0,0,0,0,0
5,29,0,0,0,0,0,0,0,0,0,0
6,29,0,0,0,0,0,0,0,0,0,0
7,29,0,0,0,0,0,0,0,0,0,0
8,29,0,0,0,0,0,0,0,0,0,0
9,29,0,0,0,0,0,0,0,0,0,0
10,29,0,0,0,0,0,0,0,0,0,0
11,29,0,0,0,0,0,0,0,0,0,0
12,29,0,0,0,0,0,0,0,0,0,0
13,29,0,0,0,0,0,0,0,0,0,0
14,29,0,0,0,0,0,0,0,0,0,0
15,29,0,0,0,0,0,0,0,0,0,0
16,29,0,0,0,0,0,0,0,0,0,0
17,29,0,0,0,0,0,0,0,0,0,0
18,29,0,0,0,0,0,0,0,0,0,0
19,29,0,0,0,0,0,0,0,0,0,0
20,29,0,0,0,0,0,0,0,0,0,0
21,29,0,0,0,0,0,0,0,0,0,0
22,29,0,0,0,0,0,0,0,0,0,0
23,29,0,0,0,0,0,0,0,0,0,0
24,29,0,0,0,0,0,0,0,0,0,0
25,29,0,0,0,0,0,0,0,0,0,0
26,29,0,0,0,0,0,0,0,0,0,0
27,29,0,0,0,0,0,0,0,0,0,0
28,29,0,0,0,0,0,0,0,0,0,0
29,29,0,0,0,0,0,0,0,0,0,0
30,29,0,0,0,0,0,0,0,0,0,0
31,29,0,0,0,0,0,0,0,0,0,0
32,29,0,0,0,0,0,0,0,0,0,0
33,29,0,0,0,0,0,0,0,0,0,0
34,29,0,0,0,0,0,0,0,0,0,0
35,29,0,0,0,0,0,0,0,0,0,0
36,29,0,0,0,0,0,0,0,0,0,0
37,29,0,0,0,0,0,0,0,0,0,0
38,29,0,0,0,0,0,0,0,0,0,0
39,29,0,0,0,0,0,0,0,0,0,0
40,29,0,0,0,0,0,0,0,0,0,0
41,29,0,0,0,0,0,0,0,0,0,0
42,29,0,0,0,0,0,0,0,0,0,0
43,29,0,0,0,0,0,0,0,0,0,0
44,29,0,0,0,0,0,0,0,0,0,0
45,29,0,0,0,0,0,0,0,0,0,0
46,29,0,0,0,0,0,0,0,0,0,0
47,29,0,0,0,0,0,0,0,0,0,0
48,29,0,0,0,0,0,0,0,0,0,0
49,29,0,0,0,0,0,0,0,0,0,0
50,29,0,0,0,0,0,0,0,0,0,0
51,29,0,0,0,0,0,0,0,0,0,0
52,29,0,0,0,0,0,0,0,0,0,0
53,29,0,0,0,0,0,0,0,0,0,0
54,29,0,0,0,0,0,0,0,0,0,0
55,29,0,0,0,0,0,0,0,0,0,0
56,29,0,0,0,0,0,0,0,0,0,0
57,31,0,0,0,0,0,0,0,0,0,0
58,31,0,0,0,0,0,0,0,0,0,0
59,31,0,0,0,0,0,0,0,0,0,0
60,31,0,0,0,0,0,0,0,0,0,0
61,31,0,0,0,0,0,0,0,0,0,0
62,31,0,0,0,0,0,0,0,0,0,0
63,31,0,0,0,0,0,0,0,0,0,0
64,31,0,0,0,0,0,0,0,0,0,0
65,47,0,0,0,0,0,0,0,0,0,0
66,54,0,0,0,0,0,0,0,0,0,0
67,31,0,0,0,0,0,0,0,0,0,0
68,47,0,0,0,0,0,0,0,0,0,0
69,54,0,0,0,0,0,0,0,0,0,0
70,31,0,0,0,0,0,0,0,0,0,0
71,47,0,0,0,0,0,0,0,0,0,0
72,54,0,0,0,0,0,0,0,0,0,0
73,31,0,0,0,0,0,0,0,0,0,0
74,47,0,0,0,0,0,0,0,0,0,0
75,54,0,0,0,0,0,0,0,0,0,0
76,31,0,0,0,0,0,0,0,0,0,0
77,47,0,0,0,0,0,0,0,0,0,0
78,54,0,0,0,0,0,0,0,0,0,0
79,31,0,0,0,0,0,0,0,0,0,0
80,47,0,0,0,0,0,0,0,0,0,0
81,54,0,0,0,0,0,0,0,0,0,0
82,31,0,0,0,0,0,0,0,0,0,0
83,47,0,0,0,0,0,0,0,0,0,0
84,54,0,0,0,0,0,0,0,0,0,0
85,31,0,0,0,0,0,0,0,0,0,0
86,47,0,0,0,0,0,0,0,0,0,0
87,54,0,0,0,0,0,0,0,0,0,0
88,31,0,0,0,0,0,0,0,0,0,0
89,2,0,0,0,0,0,0,0,0,0,0
90,47,0,0,0,0,0,0,0,0,0,0
91,54,0,0,0,0,0,0,0,0,0,0
92,31,0,0,0,0,0,0,0,0,0,0
93,2,0,0,0,0,0,0,0,0,0,0
94,30,32,0,0,0,0,0,0,0,0,0
95,51,1,0,0,0,0,0,0,0,0,0
96,2,0,0,0,0,0,0,0,0,0,0
97,47,0,0,0,0,0,0,0,0,0,0
98,54,0,0,0,0,0,0,0,0,0,0
99,2,0,0,0,0,0,0,0,0,0,0
100,47,0,0,0,0,0,0,0,0,0,0
101,54,0,0,0,0,0,0,0,0,0,0
102,31,0,0,0,0,0,0,0,0,0,0
103,47,0,0,0,0,0,0,0,0,0,0
104,54,0,0,0,0,0,0,0,0,0,0
105,31,0,0,0,0,0,0,0,0,0,0
106,2,0,0,0,0,0,0,0,0,0,0
107,31,0,0,0,0,0,0,0,0,0,0
108,2,0,0,0,0,0,0,0,0,0,0
109,30,32,0,0,0,0,0,0,0,0,0
110,51,1,0,0,0,0,0,0,0,0,0
111,2,0,0,0,0,0,0,0,0,0,0
112,47,0,0,0,0,0,0,0,0,0,0
113,54,0,0,0,0,0,0,0,0,0,0
114,30,32,0,0,0,0,0,0,0,0,0
115,30,32,0,0,0,0,0,0,0,0,0
116,11,32,0,0,0,0,0,0,0,0,0
117,31,0,0,0,0,0,0,0,0,0,0
118,47,0,0,0,0,0,0,0,0,0,0
119,54,0,0,0,0,0,0,0,0,0,0
120,30,32,0,0,0,0,0,0,0,0,0
121,51,1,0,0,0,0,0,0,0,0,0
122,2,0,0,0,0,0,0,0,0,0,0
123,30,0,0,0,0,0,0,0,0,0,0
124,30,32,0,0,0,0,0,0,0,0,0
125,38,64,0,0,0,0,0,0,0,0,0
126,32,0,0,0,0,0,0,0,0,0,0
127,30,32,0,0,0,0,0,0,0,0,0
128,31,0,0,0,0,0,0,0,0,0,0
129,2,0,0,0,0,0,0,0,0,0,0
130,30,0,0,0,0,0,0,0,0,0,0
131,30,32,0,0,0,0,0,0,0,0,0
132,13,32,0,0,0,0,0,0,0,0,0
133,38,64,0,0,0,0,0,0,0,0,0
134,32,0,0,0,0,0,0,0,0,0,0
135,30,32,0,0,0,0,0,0,0,0,0
136,31,0,0,0,0,0,0,0,0,0,0
137,2,0,0,0,0,0,0,0,0,0,0
138,30,32,0,0,0,0,0,0,0,0,0
139,30,32,0,0,0,0,0,0,0,0,0
140,11,32,0,0,0,0,0,0,0,0,0
141,51,1,0,0,0,0,0,0,0,0,0
142,2,0,0,0,0,0,0,0,0,0,0
143,31,0,0,0,0,0,0,0,0,0,0
144,2,0,0,0,0,0,0,0,0,0,0
145,47,0,0,0,0,0,0,0,0,0,0
146,54,0,0,0,0,0,0,0,0,0,0
147,47,0,0,0,0,0,0,0,0,0,0
148,54,0,0,0,0,0,0,0,0,0,0
149,2,0,0,0,0,0,0,0,0,0,0
150,30,32,0,0,0,0,0,0,0,0,0
151,11,32,0,0,0,0,0,0,0,0,0
152,31,0,0,0,0,0,0,0,0,0,0
153,2,0,0,0,0,0,0,0,0,0,0
154,30,32,0,0,0,0,0,0,0,0,0
155,51,1,0,0,0,0,0,0,0,0,0
156,2,0,0,0,0,0,0,0,0,0,0
157,30,32,0,0,0,0,0,0,0,0,0
158,11,32,0,0,0,0,0,0,0,0,0
159,31,0,0,0,0,0,0,0,0,0,0
160,2,0,0,0,0,0,0,0,0,0,0
161,47,0,0,0,0,0,0,0,0,0,0
162,54,0,0,0,0,0,0,0,0,0,0
163,47,0,0,0,0,0,0,0,0,0,0
164,54,0,0,0,0,0,0,0,0,0,0
165,2,0,0,0,0,0,0,0,0,0,0
166,30,32,0,0,0,0,0,0,0,0,0
167,11,32,0,0,0,0,0,0,0,0,0
168,31,0,0,0,0,0,0,0,0,0,0
169,2,0,0,0,0,0,0,0,0,0,0
170,2,0,0,0,0,0,0,0,0,0,0
171,47,0,0,0,0,0,0,0,0,0,0
172,54,0,0,0,0,0,0,0,0,0,0
173,31,0,0,0,0,0,0,0,0,0,0
174,2,0,0,0,0,0,0,0,0,0,0
175,30,32,0,0,0,0,0,0,0,0,0
176,51,1,0,0,0,0,0,0,0,0,0
177,2,0,0,0,0,0,0,0,0,0,0
178,47,0,0,0,0,0,0,0,0,0,0
179,54,0,0,0,0,0,0,0,0,0,0
180,2,0,0,0,0,0,0,0,0,0,0
181,47,0,0,0,0,0,0,0,0,0,0
182,54,0,0,0,0,0,0,0,0,0,0
183,31,0,0,0,0,0,0,0,0,0,0
184,47,0,0,0,0,0,0,0,0,0,0
185,54,0,0,0,0,0,0,0,0,0,0
186,31,0,0,0,0,0,0,0,0,0,0
187,2,0,0,0,0,0,0,0,0,0,0
188,31,0,0,0,0,0,0,0,0,0,0
189,2,0,0,0,0,0,0,0,0,0,0
190,30,32,0,0,0,0,0,0,0,0,0
191,51,1,0,0,0,0,0,0,0,0,0
192,2,0,0,0,0,0,0,0,0,0,0
193,47,0,0,0,0,0,0,0,0,0,0
194,54,0,0,0,0,0,0,0,0,0,0
195,30,32,0,0,0,0,0,0,0,0,0
196,30,32,0,0,0,0,0,0,0,0,0
197,11,32,0,0,0,0,0,0,0,0,0
198,31,0,0,0,0,0,0,0,0,0,0
199,47,0,0,0,0,0,0,0,0,0,0
200,54,0,0,0,0,0,0,0,0,0,0
201,30,32,0,0,0,0,0,0,0,0,0
202,51,1,0,0,0,0,0,0,0,0,0
203,2,0,0,0,0,0,0,0,0,0,0
204,30,0,0,0,0,0,0,0,0,0,0
205,30,32,0,0,0,0,0,0,0,0,0
206,38,64,0,0,0,0,0,0,0,0,0
207,32,0,0,0,0,0,0,0,0,0,0
208,30,32,0,0,0,0,0,0,0,0,0
209,31,0,0,0,0,0,0,0,0,0,0
210,2,0,0,0,0,0,0,0,0,0,0
211,30,0,0,0,0,0,0,0,0,0,0
212,30,32,0,0,0,0,0,0,0,0,0
213,13,32,0,0,0,0,0,0,0,0,0
214,38,64,0,0,0,0,0,0,0,0,0
215,32,0,0,0,0,0,0,0,0,0,0
216,30,32,0,0,0,0,0,0,0,0,0
217,31,0,0,0,0,0,0,0,0,0,0
218,2,0,0,0,0,0,0,0,0,0,0
219,30,32,0,0,0,0,0,0,0,0,0
220,30,32,0,0,0,0,0,0,0,0,0
221,11,32,0,0,0,0,0,0,0,0,0
222,51,1,0,0,0,0,0,0,0,0,0
223,2,0,0,0,0,0,0,0,0,0,0
224,31,0,0,0,0,0,0,0,0,0,0
225,2,0,0,0,0,0,0,0,0,0,0
226,47,0,0,0,0,0,0,0,0,0,0
227,54,0,0,0,0,0,0,0,0,0,0
228,47,0,0,0,0,0,0,0,0,0,0
229,54,0,0,0,0,0,0,0,0,0,0
230,2,0,0,0,0,0,0,0,0,0,0
231,30,32,0,0,0,0,0,0,0,0,0
232,11,32,0,0,0,0,0,0,0,0,0
233,31,0,0,0,0,0,0,0,0,0,0
234,2,0,0,0,0,0,0,0,0,0,0
235,30,32,0,0,0,0,0,0,0,0,0
236,51,1,0,0,0,0,0,0,0,0,0
237,2,0,0,0,0,0,0,0,0,0,0
238,30,32,0,0,0,0,0,0,0,0,0
239,11,32,0,0,0,0,0,0,0,0,0
240,31,0,0,0,0,0,0,0,0,0,0
241,2,0,0,0,0,0,0,0,0,0,0
242,47,0,0,0,0,0,0,0,0,0,0
243,54,0,0,0,0,0,0,0,0,0,0
244,47,0,0,0,0,0,0,0,0,0,0
245,54,0,0,0,0,0,0,0,0,0,0
246,2,0,0,0,0,0,0,0,0,0,0
247,30,32,0,0,0,0,0,0,0,0,0
248,11,32,0,0,0,0,0,0,0,0,0
249,31,0,0,0,0,0,0,0,0,0,0
250,2,0,0,0,0,0,0,0,0,0,0
251,2,0,0,0,0,0,0,0,0,0,0
252,47,0,0,0,0,0,0,0,0,0,0
253,54,0,0,0,0,0,0,0,0,0,0
254,31,0,0,0,0,0,0,0,0,0,0
255,2,0,0,0,0,0,0,0,0,0,0
256,30,32,0,0,0,0,0,0,0,0,0
257,51,1,0,0,0,0,0,0,0,0,0
258,2,0,0,0,0,0,0,0,0,0,0
259,47,0,0,0,0,0,0,0,0,0,0
260,54,0,0,0,0,0,0,0,0,0,0
261,2,0,0,0,0,0,0,0,0,0,0
262,47,0,0,0,0,0,0,0,0,0,0
263,54,0,0,0,0,0,0,0,0,0,0
264,31,0,0,0,0,0,0,0,0,0,0
265,47,0,0,0,0,0,0,0,0,0,0
266,54,0,0,0,0,0,0,0,0,0,0
267,31,0,0,0,0,0,0,0,0,0,0
268,2,0,0,0,0,0,0,0,0,0,0
269,31,0,0,0,0,0,0,0,0,0,0
270,2,0,0,0,0,0,0,0,0,0,0
271,30,32,0,0,0,0,0,0,0,0,0
272,51,1,0,0,0,0,0,0,0,0,0
273,2,0,0,0,0,0,0,0,0,0,0
274,47,0,0,0,0,0,0,0,0,0,0
275,54,0,0,0,0,0,0,0,0,0,0
276,30,32,0,0,0,0,0,0,0,0,0
277,30,32,0,0,0,0,0,0,0,0,0
278,11,32,0,0,0,0,0,0,0,0,0
279,31,0,0,0,0,0,0,0,0,0,0
280,47,0,0,0,0,0,0,0,0,0,0
281,54,0,0,0,0,0,0,0,0,0,0
282,30,32,0,0,0,0,0,0,0,0,0
283,51,1,0,0,0,0,0,0,0,0,0
284,2,0,0,0,0,0,0,0,0,0,0
285,30,0,0,0,0,0,0,0,0,0,0
286,30,32,0,0,0,0,0,0,0,0,0
287,38,64,0,0,0,0,0,0,0,0,0
288,32,0,0,0,0,0,0,0,0,0,0
289,30,32,0,0,0,0,0,0,0,0,0
290,31,0,0,0,0,0,0,0,0,0,0
291,2,0,0,0,0,0,0,0,0,0,0
292,30,0,0,0,0,0,0,0,0,0,0
293,30,32,0,0,0,0,0,0,0,0,0
294,13,32,0,0,0,0,0,0,0,0,0
295,38,64,0,0,0,0,0,0,0,0,0
296,32,0,0,0,0,0,0,0,0,0,0
297,30,32,0,0,0,0,0,0,0,0,0
298,31,0,0,0,0,0,0,0,0,0,0
299,2,0,0,0,0,0,0,0,0,0,0
300,30,32,0,0,0,0,0,0,0,0,0
301,30,32,0,0,0,0,0,0,0,0,0
302,11,32,0,0,0,0,0,0,0,0,0
303,51,1,0,0,0,0,0,0,0,0,0
304,2,0,0,0,0,0,0,0,0,0,0
305,31,0,0,0,0,0,0,0,0,0,0
306,2,0,0,0,0,0,0,0,0,0,0
307,47,0,0,0,0,0,0,0,0,0,0
308,54,0,0,0,0,0,0,0,0,0,0
309,47,0,0,0,0,0,0,0,0,0,0
310,54,0,0,0,0,0,0,0,0,0,0
311,2,0,0,0,0,0,0,0,0,0,0
312,30,32,0,0,0,0,0,0,0,0,0
313,11,32,0,0,0,0,0,0,0,0,0
314,31,0,0,0,0,0,0,0,0,0,0
315,2,0,0,0,0,0,0,0,0,0,0
316,30,32,0,0,0,0,0,0,0,0,0
317,51,1,0,0,0,0,0,0,0,0,0
318,2,0,0,0,0,0,0,0,0,0,0
319,30,32,0,0,0,0,0,0,0,0,0
320,11,32,0,0,0,0,0,0,0,0,0
321,31,0,0,0,0,0,0,0,0,0,0
322,2,0,0,0,0,0,0,0,0,0,0
323,47,0,0,0,0,0,0,0,0,0,0
324,54,0,0,0,0,0,0,0,0,0,0
325,47,0,0,0,0,0,0,0,0,0,0
326,54,0,0,0,0,0,0,0,0,0,0
327,2,0,0,0,0,0,0,0,0,0,0
328,30,32,0,0,0,0,0,0,0,0,0
329,11,32,0,0,0,0,0,0,0,0,0
330,31,0,0,0,0,0,0,0,0,0,0
331,2,0,0,0,0,0,0,0,0,0,0
332,2,0,0,0,0,0,0,0,0,0,0
333,47,0,0,0,0,0,0,0,0,0,0
334,54,0,0,0,0,0,0,0,0,0,0
335,31,0,0,0,0,0,0,0,0,0,0
336,2,0,0,0,0,0,0,0,0,0,0
337,30,32,0,0,0,0,0,0,0,0,0
338,51,1,0,0,0,0,0,0,0,0,0
339,2,0,0,0,0,0,0,0,0,0,0
340,47,0,0,0,0,0,0,0,0,0,0
341,54,0,0,0,0,0,0,0,0,0,0
342,2,0,0,0,0,0,0,0,0,0,0
343,47,0,0,0,0,0,0,0,0,0,0
344,54,0,0,0,0,0,0,0,0,0,0
345,31,0,0,0,0,0,0,0,0,0,0
346,47,0,0,0,0,0,0,0,0,0,0
347,54,0,0,0,0,0,0,0,0,0,0
348,31,0,0,0,0,0,0,0,0,0,0
349,2,0,0,0,0,0,0,0,0,0,0
350,31,0,0,0,0,0,0,0,0,0,0
351,2,0,0,0,0,0,0,0,0,0,0
352,30,32,0,0,0,0,0,0,0,0,0
353,51,1,0,0,0,0,0,0,0,0,0
354,2,0,0,0,0,0,0,0,0,0,0
355,47,0,0,0,0,0,0,0,0,0,0
356,54,0,0,0,0,0,0,0,0,0,0
357,30,32,0,0,0,0,0,0,0,0,0
358,30,32,0,0,0,0,0,0,0,0,0
359,11,32,0,0,0,0,0,0,0,0,0
360,31,0,0,0,0,0,0,0,0,0,0
361,47,0,0,0,0,0,0,0,0,0,0
362,54,0,0,0,0,0,0,0,0,0,0
363,30,32,0,0,0,0,0,0,0,0,0
364,51,1,0,0,0,0,0,0,0,0,0
365,2,0,0,0,0,0,0,0,0,0,0
366,30,0,0,0,0,0,0,0,0,0,0
367,30,32,0,0,0,0,0,0,0,0,0
368,38,64,0,0,0,0,0,0,0,0,0
369,32,0,0,0,0,0,0,0,0,0,0
370,30,32,0,0,0,0,0,0,0,0,0
371,31,0,0,0,0,0,0,0,0,0,0
372,2,0,0,0,0,0,0,0,0,0,0
373,30,0,0,0,0,0,0,0,0,0,0
374,30,32,0,0,0,0,0,0,0,0,0
375,13,32,0,0,0,0,0,0,0,0,0
376,38,64,0,0,0,0,0,0,0,0,0
377,32,0,0,0,0,0,0,0,0,0,0
378,30,32,0,0,0,0,0,0,0,0,0
379,31,0,0,0,0,0,0,0,0,0,0
380,2,0,0,0,0,0,0,0,0,0,0
381,30,32,0,0,0,0,0,0,0,0,0
382,30,32,0,0,0,0,0,0,0,0,0
383,11,32,0,0,0,0,0,0,0,0,0
384,51,1,0,0,0,0,0,0,0,0,0
385,2,0,0,0,0,0,0,0,0,0,0
386,31,0,0,0,0,0,0,0,0,0,0
387,2,0,0,0,0,0,0,0,0,0,0
388,47,0,0,0,0,0,0,0,0,0,0
389,54,0,0,0,0,0,0,0,0,0,0
390,47,0,0,0,0,0,0,0,0,0,0
391,54,0,0,0,0,0,0,0,0,0,0
392,2,0,0,0,0,0,0,0,0,0,0
393,30,32,0,0,0,0,0,0,0,0,0
394,11,32,0,0,0,0,0,0,0,0,0
395,31,0,0,0,0,0,0,0,0,0,0
396,2,0,0,0,0,0,0,0,0,0,0
397,30,32,0,0,0,0,0,0,0,0,0
398,51,1,0,0,0,0,0,0,0,0,0
399,2,0,0,0,0,0,0,0,0,0,0
400,30,32,0,0,0,0,0,0,0,0,0
401,11,32,0,0,0,0,0,0,0,0,0
402,31,0,0,0,0,0,0,0,0,0,0
403,2,0,0,0,0,0,0,0,0,0,0
404,47,0,0,0,0,0,0,0,0,0,0
405,54,0,0,0,0,0,0,0,0,0,0
406,47,0,0,0,0,0,0,0,0,0,0
407,54,0,0,0,0,0,0,0,0,0,0
408,2,0,0,0,0,0,0,0,0,0,0
409,30,32,0,0,0,0,0,0,0,0,0
410,11,32,0,0,0,0,0,0,0,0,0
411,31,0,0,0,0,0,0,0,0,0,0
412,2,0,0,0,0,0,0,0,0,0,0
413,2,0,0,0,0,0,0,0,0,0,0
414,47,0,0,0,0,0,0,0,0,0,0
415,54,0,0,0,0,0,0,0,0,0,0
416,31,0,0,0,0,0,0,0,0,0,0
417,2,0,0,0,0,0,0,0,0,0,0
418,30,32,0,0,0,0,0,0,0,0,0
419,51,1,0,0,0,0,0,0,0,0,0
420,2,0,0,0,0,0,0,0,0,0,0
421,47,0,0,0,0,0,0,0,0,0,0
422,54,0,0,0,0,0,0,0,0,0,0
423,2,0,0,0,0,0,0,0,0,0,0
424,47,0,0,0,0,0,0,0,0,0,0
425,54,0,0,0,0,0,0,0,0,0,0
426,31,0,0,0,0,0,0,0,0,0,0
427,47,0,0,0,0,0,0,0,0,0,0
428,54,0,0,0,0,0,0,0,0,0,0
429,31,0,0,0,0,0,0,0,0,0,0
430,2,0,0,0,0,0,0,0,0,0,0
431,31,0,0,0,0,0,0,0,0,0,0
432,2,0,0,0,0,0,0,0,0,0,0
433,30,32,0,0,0,0,0,0,0,0,0
434,51,1,0,0,0,0,0,0,0,0,0
435,2,0,0,0,0,0,0,0,0,0,0
436,47,0,0,0,0,0,0,0,0,0,0
437,54,0,0,0,0,0,0,0,0,0,0
438,30,32,0,0,0,0,0,0,0,0,0
439,30,32,0,0,0,0,0,0,0,0,0
440,11,32,0,0,0,0,0,0,0,0,0
441,31,0,0,0,0,0,0,0,0,0,0
442,47,0,0,0,0,0,0,0,0,0,0
443,54,0,0,0,0,0,0,0,0,0,0
444,30,32,0,0,0,0,0,0,0,0,0
445,51,1,0,0,0,0,0,0,0,0,0
446,2,0,0,0,0,0,0,0,0,0,0
447,30,0,0,0,0,0,0,0,0,0,0
448,30,32,0,0,0,0,0,0,0,0,0
449,38,64,0,0,0,0,0,0,0,0,0
450,32,0,0,0,0,0,0,0,0,0,0
451,30,32,0,0,0,0,0,0,0,0,0
452,31,0,0,0,0,0,0,0,0,0,0
453,2,0,0,0,0,0,0,0,0,0,0
454,30,0,0,0,0,0,0,0,0,0,0
455,30,32,0,0,0,0,0,0,0,0,0
456,13,32,0,0,0,0,0,0,0,0,0
457,38,64,0,0,0,0,0,0,0,0,0
458,32,0,0,0,0,0,0,0,0,0,0
459,30,32,0,0,0,0,0,0,0,0,0
460,31,0,0,0,0,0,0,0,0,0,0
461,2,0,0,0,0,0,0,0,0,0,0
462,30,32,0,0,0,0,0,0,0,0,0
463,30,32,0,0,0,0,0,0,0,0,0
464,11,32,0,0,0,0,0,0,0,0,0
465,51,1,0,0,0,0,0,0,0,0,0
466,2,0,0,0,0,0,0,0,0,0,0
467,31,0,0,0,0,0,0,0,0,0,0
468,2,0,0,0,0,0,0,0,0,0,0
469,47,0,0,0,0,0,0,0,0,0,0
470,54,0,0,0,0,0,0,0,0,0,0
471,47,0,0,0,0,0,0,0,0,0,0
472,54,0,0,0,0,0,0,0,0,0,0
473,2,0,0,0,0,0,0,0,0,0,0
474,30,32,0,0,0,0,0,0,0,0,0
475,11,32,0,0,0,0,0,0,0,0,0
476,31,0,0,0,0,0,0,0,0,0,0
477,2,0,0,0,0,0,0,0,0,0,0
478,30,32,0,0,0,0,0,0,0,0,0
479,51,1,0,0,0,0,0,0,0,0,0
480,2,0,0,0,0,0,0,0,0,0,0
481,30,32,0,0,0,0,0,0,0,0,0
482,11,32,0,0,0,0,0,0,0,0,0
483,31,0,0,0,0,0,0,0,0,0,0
484,2,0,0,0,0,0,0,0,0,0,0
485,47,0,0,0,0,0,0,0,0,0,0
486,54,0,0,0,0,0,0,0,0,0,0
487,47,0,0,0,0,0,0,0,0,0,0
488,54,0,0,0,0,0,0,0,0,0,0
489,2,0,0,0,0,0,0,0,0,0,0
490,30,32,0,0,0,0,0,0,0,0,0
491,11,32,0,0,0,0,0,0,0,0,0
492,31,0,0,0,0,0,0,0,0,0,0
493,2,0,0,0,0,0,0,0,0,0,0
494,2,0,0,0,0,0,0,0,0,0,0
495,47,0,0,0,0,0,0,0,0,0,0
496,54,0,0,0,0,0,0,0,0,0,0
497,31,0,0,0,0,0,0,0,0,0,0
498,2,0,0,0,0,0,0,0,0,0,0
499,30,32,0,0,0,0,0,0,0,0,0
500,51,1,0,0,0,0,0,0,0,0,0
501,2,0,0,0,0,0,0,0,0,0,0
502,47,0,0,0,0,0,0,0,0,0,0
503,54,0,0,0,0,0,0,0,0,0,0
504,2,0,0,0,0,0,0,0,0,0,0
505,47,0,0,0,0,0,0,0,0,0,0
506,54,0,0,0,0,0,0,0,0,0,0
507,31,0,0,0,0,0,0,0,0,0,0
508,47,0,0,0,0,0,0,0,0,0,0
509,54,0,0,0,0,0,0,0,0,0,0
510,31,0,0,0,0,0,0,0,0,0,0
511,2,0,0,0,0,0,0,0,0,0,0
512,31,0,0,0,0,0,0,0,0,0,0
513,2,0,0,0,0,0,0,0,0,0,0
514,30,32,0,0,0,0,0,0,0,0,0
515,51,1,0,0,0,0,0,0,0,0,0
516,2,0,0,0,0,0,0,0,0,0,0
517,47,0,0,0,0,0,0,0,0,0,0
518,54,0,0,0,0,0,0,0,0,0,0
519,30,32,0,0,0,0,0,0,0,0,0
520,30,32,0,0,0,0,0,0,0,0,0
521,11,32,0,0,0,0,0,0,0,0,0
522,31,0,0,0,0,0,0,0,0,0,0
523,47,0,0,0,0,0,0,0,0,0,0
524,54,0,0,0,0,0,0,0,0,0,0
525,30,32,0,0,0,0,0,0,0,0,0
526,51,1,0,0,0,0,0,0,0,0,0
527,2,0,0,0,0,0,0,0,0,0,0
528,30,0,0,0,0,0,0,0,0,0,0
529,30,32,0,0,0,0,0,0,0,0,0
530,38,64,0,0,0,0,0,0,0,0,0
531,32,0,0,0,0,0,0,0,0,0,0
532,30,32,0,0,0,0,0,0,0,0,0
533,31,0,0,0,0,0,0,0,0,0,0
534,2,0,0,0,0,0,0,0,0,0,0
535,30,0,0,0,0,0,0,0,0,0,0
536,30,32,0,0,0,0,0,0,0,0,0
537,13,32,0,0,0,0,0,0,0,0,0
538,38,64,0,0,0,0,0,0,0,0,0
539,32,0,0,0,0,0,0,0,0,0,0
540,30,32,0,0,0,0,0,0,0,0,0
541,31,0,0,0,0,0,0,0,0,0,0
542,2,0,0,0,0,0,0,0,0,0,0
543,30,32,0,0,0,0,0,0,0,0,0
544,30,32,0,0,0,0,0,0,0,0,0
545,11,32,0,0,0,0,0,0,0,0,0
546,51,1,0,0,0,0,0,0,0,0,0
547,2,0,0,0,0,0,0,0,0,0,0
548,31,0,0,0,0,0,0,0,0,0,0
549,2,0,0,0,0,0,0,0,0,0,0
550,47,0,0,0,0,0,0,0,0,0,0
551,54,0,0,0,0,0,0,0,0,0,0
552,47,0,0,0,0,0,0,0,0,0,0
553,54,0,0,0,0,0,0,0,0,0,0
554,2,0,0,0,0,0,0,0,0,0,0
555,30,32,0,0,0,0,0,0,0,0,0
556,11,32,0,0,0,0,0,0,0,0,0
557,31,0,0,0,0,0,0,0,0,0,0
558,2,0,0,0,0,0,0,0,0,0,0
559,30,32,0,0,0,0,0,0,0,0,0
560,51,1,0,0,0,0,0,0,0,0,0
561,2,0,0,0,0,0,0,0,0,0,0
562,30,32,0,0,0,0,0,0,0,0,0
563,11,32,0,0,0,0,0,0,0,0,0
564,31,0,0,0,0,0,0,0,0,0,0
565,2,0,0,0,0,0,0,0,0,0,0
566,47,0,0,0,0,0,0,0,0,0,0
567,54,0,0,0,0,0,0,0,0,0,0
568,47,0,0,0,0,0,0,0,0,0,0
569,54,0,0,0,0,0,0,0,0,0,0
570,2,0,0,0,0,0,0,0,0,0,0
571,30,32,0,0,0,0,0,0,0,0,0
572,11,32,0,0,0,0,0,0,0,0,0
573,31,0,0,0,0,0,0,0,0,0,0
574,2,0,0,0,0,0,0,0,0,0,0
575,2,0,0,0,0,0,0,0,0,0,0
576,47,0,0,0,0,0,0,0,0,0,0
577,54,0,0,0,0,0,0,0,0,0,0
578,31,0,0,0,0,0,0,0,0,0,0
579,2,0,0,0,0,0,0,0,0,0,0
580,30,32,0,0,0,0,0,0,0,0,0
581,51,1,0,0,0,0,0,0,0,0,0
582,2,0,0,0,0,0,0,0,0,0,0
583,47,0,0,0,0,0,0,0,0,0,0
584,54,0,0,0,0,0,0,0,0,0,0
585,2,0,0,0,0,0,0,0,0,0,0
586,47,0,0,0,0,0,0,0,0,0,0
587,54,0,0,0,0,0,0,0,0,0,0
588,31,0,0,0,0,0,0,0,0,0,0
589,47,0,0,0,0,0,0,0,0,0,0
590,54,0,0,0,0,0,0,0,0,0,0
591,31,0,0,0,0,0,0,0,0,0,0
592,2,0,0,0,0,0,0,0,0,0,0
593,31,0,0,0,0,0,0,0,0,0,0
594,2,0,0,0,0,0,0,0,0,0,0
595,30,32,0,0,0,0,0,0,0,0,0
596,51,1,0,0,0,0,0,0,0,0,0
597,2,0,0,0,0,0,0,0,0,0,0
598,47,0,0,0,0,0,0,0,0,0,0
599,54,0,0,0,0,0,0,0,0,0,0
600,30,32,0,0,0,0,0,0,0,0,0
601,30,32,0,0,0,0,0,0,0,0,0
602,11,32,0,0,0,0,0,0,0,0,0
603,31,0,0,0,0,0,0,0,0,0,0
604,47,0,0,0,0,0,0,0,0,0,0
605,54,0,0,0,0,0,0,0,0,0,0
606,30,32,0,0,0,0,0,0,0,0,0
607,51,1,0,0,0,0,0,0,0,0,0
608,2,0,0,0,0,0,0,0,0,0,0
609,30,0,0,0,0,0,0,0,0,0,0
610,30,32,0,0,0,0,0,0,0,0,0
611,38,64,0,0,0,0,0,0,0,0,0
612,32,0,0,0,0,0,0,0,0,0,0
613,30,32,0,0,0,0,0,0,0,0,0
614,31,0,0,0,0,0,0,0,0,0,0
615,2,0,0,0,0,0,0,0,0,0,0
616,30,0,0,0,0,0,0,0,0,0,0
617,30,32,0,0,0,0,0,0,0,0,0
618,13,32,0,0,0,0,0,0,0,0,0
619,38,64,0,0,0,0,0,0,0,0,0
620,32,0,0,0,0,0,0,0,0,0,0
621,30,32,0,0,0,0,0,0,0,0,0
622,31,0,0,0,0,0,0,0,0,0,0
623,2,0,0,0,0,0,0,0,0,0,0
624,30,32,0,0,0,0,0,0,0,0,0
625,30,32,0,0,0,0,0,0,0,0,0
626,11,32,0,0,0,0,0,0,0,0,0
627,51,1,0,0,0,0,0,0,0,0,0
628,2,0,0,0,0,0,0,0,0,0,0
629,31,0,0,0,0,0,0,0,0,0,0
630,2,0,0,0,0,0,0,0,0,0,0
631,47,0,0,0,0,0,0,0,0,0,0
632,54,0,0,0,0,0,0,0,0,0,0
633,47,0,0,0,0,0,0,0,0,0,0
634,54,0,0,0,0,0,0,0,0,0,0
635,2,0,0,0,0,0,0,0,0,0,0
636,30,32,0,0,0,0,0,0,0,0,0
637,11,32,0,0,0,0,0,0,0,0,0
638,31,0,0,0,0,0,0,0,0,0,0
639,2,0,0,0,0,0,0,0,0,0,0
640,30,32,0,0,0,0,0,0,0,0,0
641,51,1,0,0,0,0,0,0,0,0,0
642,2,0,0,0,0,0,0,0,0,0,0
643,30,32,0,0,0,0,0,0,0,0,0
644,11,32,0,0,0,0,0,0,0,0,0
645,31,0,0,0,0,0,0,0,0,0,0
646,2,0,0,0,0,0,0,0,0,0,0
647,47,0,0,0,0,0,0,0,0,0,0
648,54,0,0,0,0,0,0,0,0,0,0
649,47,0,0,0,0,0,0,0,0,0,0
650,54,0,0,0,0,0,0,0,0,0,0
651,2,0,0,0,0,0,0,0,0,0,0
652,30,32,0,0,0,0,0,0,0,0,0
653,11,32,0,0,0,0,0,0,0,0,0
654,31,0,0,0,0,0,0,0,0,0,0
655,2,0,0,0,0,0,0,0,0,0,0
656,2,0,0,0,0,0,0,0,0,0,0
657,47,0,0,0,0,0,0,0,0,0,0
658,54,0,0,0,0,0,0,0,0,0,0
659,31,0,0,0,0,0,0,0,0,0,0
660,2,0,0,0,0,0,0,0,0,0,0
661,30,32,0,0,0,0,0,0,0,0,0
662,51,1,0,0,0,0,0,0,0,0,0
663,2,0,0,0,0,0,0,0,0,0,0
664,47,0,0,0,0,0,0,0,0,0,0
665,54,0,0,0,0,0,0,0,0,0,0
666,2,0,0,0,0,0,0,0,0,0,0
667,47,0,0,0,0,0,0,0,0,0,0
668,54,0,0,0,0,0,0,0,0,0,0
669,31,0,0,0,0,0,0,0,0,0,0
670,47,0,0,0,0,0,0,0,0,0,0
671,54,0,0,0,0,0,0,0,0,0,0
672,31,0,0,0,0,0,0,0,0,0,0
673,2,0,0,0,0,0,0,0,0,0,0
674,31,0,0,0,0,0,0,0,0,0,0
675,2,0,0,0,0,0,0,0,0,0,0
676,30,32,0,0,0,0,0,0,0,0,0
677,51,1,0,0,0,0,0,0,0,0,0
678,2,0,0,0,0,0,0,0,0,0,0
679,47,0,0,0,0,0,0,0,0,0,0
680,54,0,0,0,0,0,0,0,0,0,0
681,30,32,0,0,0,0,0,0,0,0,0
682,30,32,0,0,0,0,0,0,0,0,0
683,11,32,0,0,0,0,0,0,0,0,0
684,31,0,0,0,0,0,0,0,0,0,0
685,47,0,0,0,0,0,0,0,0,0,0
686,54,0,0,0,0,0,0,0,0,0,0
687,30,0,0,0,0,0,0,0,0,0,0
688,30,32,0,0,0,0,0,0,0,0,0
689,38,64,0,0,0,0,0,0,0,0,0
690,32,0,0,0,0,0,0,0,0,0,0
691,30,32,0,0,0,0,0,0,0,0,0
692,31,0,0,0,0,0,0,0,0,0,0
693,30,32,0,0,0,0,0,0,0,0,0
694,30,32,0,0,0,0,0,0,0,0,0
695,11,32,0,0,0,0,0,0,0,0,0
696,51,1,0,0,0,0,0,0,0,0,0
697,2,0,0,0,0,0,0,0,0,0,0
698,31,0,0,0,0,0,0,0,0,0,0
699,2,0,0,0,0,0,0,0,0,0,0
700,47,0,0,0,0,0,0,0,0,0,0
701,54,0,0,0,0,0,0,0,0,0,0
702,47,0,0,0,0,0,0,0,0,0,0
703,54,0,0,0,0,0,0,0,0,0,0
704,2,0,0,0,0,0,0,0,0,0,0
705,30,32,0,0,0,0,0,0,0,0,0
706,11,32,0,0,0,0,0,0,0,0,0
707,31,0,0,0,0,0,0,0,0,0,0
708,2,0,0,0,0,0,0,0,0,0,0
709,30,32,0,0,0,0,0,0,0,0,0
710,51,1,0,0,0,0,0,0,0,0,0
711,2,0,0,0,0,0,0,0,0,0,0
712,30,32,0,0,0,0,0,0,0,0,0
713,11,32,0,0,0,0,0,0,0,0,0
714,31,0,0,0,0,0,0,0,0,0,0
715,2,0,0,0,0,0,0,0,0,0,0
716,47,0,0,0,0,0,0,0,0,0,0
717,54,0,0,0,0,0,0,0,0,0,0
718,47,0,0,0,0,0,0,0,0,0,0
719,54,0,0,0,0,0,0,0,0,0,0
720,2,0,0,0,0,0,0,0,0,0,0
721,30,32,0,0,0,0,0,0,0,0,0
722,11,32,0,0,0,0,0,0,0,0,0
723,31,0,0,0,0,0,0,0,0,0,0
724,2,0,0,0,0,0,0,0,0,0,0
725,30,32,0,0,0,0,0,0,0,0,0
726,30,32,0,0,0,0,0,0,0,0,0
727,11,32,0,0,0,0,0,0,0,0,0
728,30,32,0,0,0,0,0,0,0,0,0
729,11,32,0,0,0,0,0,0,0,0,0
730,30,32,0,0,0,0,0,0,0,0,0
731,11,32,0,0,0,0,0,0,0,0,0
732,30,32,0,0,0,0,0,0,0,0,0
733,11,32,0,0,0,0,0,0,0,0,0
734,30,32,0,0,0,0,0,0,0,0,0
735,11,32,0,0,0,0,0,0,0,0,0
736,30,32,0,0,0,0,0,0,0,0,0
737,11,32,0,0,0,0,0,0,0,0,0
738,30,32,0,0,0,0,0,0,0,0,0
739,11,32,0,0,0,0,0,0,0,0,0
740,47,0,0,0,0,0,0,0,0,0,0
741,54,0,0,0,0,0,0,0,0,0,0
742,47,0,0,0,0,0,0,0,0,0,0
743,54,0,0,0,0,0,0,0,0,0,0
744,47,0,0,0,0,0,0,0,0,0,0
745,54,0,0,0,0,0,0,0,0,0,0
746,47,0,0,0,0,0,0,0,0,0,0
747,54,0,0,0,0,0,0,0,0,0,0
748,47,0,0,0,0,0,0,0,0,0,0
749,54,0,0,0,0,0,0,0,0,0,0
750,47,0,0,0,0,0,0,0,0,0,0
751,54,0,0,0,0,0,0,0,0,0,0
752,47,0,0,0,0,0,0,0,0,0,0
753,54,0,0,0,0,0,0,0,0,0,0
754,47,0,0,0,0,0,0,0,0,0,0
755,54,0,0,0,0,0,0,0,0,0,0
756,1,0,0,0,0,0,0,0,0,0,0
683
1,123
1,57
2,204
2,130
2,58
3,285
3,211
3,59
4,366
4,292
4,60
5,447
5,373
5,61
6,528
6,454
6,62
7,609
7,535
7,63
8,687
8,616
8,64
9,754
9,725
9,159
9,157
9,67
9,65
10,752
10,726
10,240
10,238
10,70
10,68
11,750
11,728
11,321
11,319
11,73
11,71
12,748
12,730
12,402
12,400
12,76
12,74
13,746
13,732
13,483
13,481
13,79
13,77
14,744
14,734
14,564
14,562
14,82
14,80
15,742
15,736
15,645
15,643
15,85
15,83
16,740
16,738
16,714
16,712
16,88
16,86
17,168
17,166
17,114
17,97
17,94
17,92
17,90
18,163
18,152
18,150
18,139
18,115
18,109
18,107
18,102
18,100
19,161
19,154
19,143
19,105
19,103
20,147
20,131
20,124
20,120
20,117
20,112
21,145
21,138
21,136
21,128
21,118
22,249
22,247
22,195
22,178
22,175
22,173
22,171
23,244
23,233
23,231
23,220
23,196
23,190
23,188
23,183
23,181
24,242
24,235
24,224
24,186
24,184
25,228
25,212
25,205
25,201
25,198
25,193
26,226
26,219
26,217
26,209
26,199
27,330
27,328
27,276
27,259
27,256
27,254
27,252
28,325
28,314
28,312
28,301
28,277
28,271
28,269
28,264
28,262
29,323
29,316
29,305
29,267
29,265
30,309
30,293
30,286
30,282
30,279
30,274
31,307
31,300
31,298
31,290
31,280
32,411
32,409
32,357
32,340
32,337
32,335
32,333
33,406
33,395
33,393
33,382
33,358
33,352
33,350
33,345
33,343
34,404
34,397
34,386
34,348
34,346
35,390
35,374
35,367
35,363
35,360
35,355
36,388
36,381
36,379
36,371
36,361
37,492
37,490
37,438
37,421
37,418
37,416
37,414
38,487
38,476
38,474
38,463
38,439
38,433
38,431
38,426
38,424
39,485
39,478
39,467
39,429
39,427
40,471
40,455
40,448
40,444
40,441
40,436
41,469
41,462
41,460
41,452
41,442
42,573
42,571
42,519
42,502
42,499
42,497
42,495
43,568
43,557
43,555
43,544
43,520
43,514
43,512
43,507
43,505
44,566
44,559
44,548
44,510
44,508
45,552
45,536
45,529
45,525
45,522
45,517
46,550
46,543
46,541
46,533
46,523
47,654
47,652
47,600
47,583
47,580
47,578
47,576
48,649
48,638
48,636
48,625
48,601
48,595
48,593
48,588
48,586
49,647
49,640
49,629
49,591
49,589
50,633
50,617
50,610
50,606
50,603
50,598
51,631
51,624
51,622
51,614
51,604
52,723
52,721
52,681
52,664
52,661
52,659
52,657
53,718
53,707
53,705
53,694
53,682
53,676
53,674
53,669
53,667
54,716
54,709
54,698
54,672
54,670
55,702
55,688
55,684
55,679
56,700
56,693
56,692
56,685
65,66
68,69
71,72
74,75
77,78
80,81
83,84
86,87
90,91
94,95
95,96
97,98
100,101
103,104
109,110
110,111
112,113
114,116
115,116
116,117
118,119
120,121
121,122
123,126
124,125
125,126
126,127
127,128
130,134
131,132
132,133
133,134
134,135
135,136
138,141
139,140
140,141
141,142
145,146
147,148
150,151
151,152
154,155
155,156
157,158
158,159
161,162
163,164
166,167
167,168
171,172
175,176
176,177
178,179
181,182
184,185
190,191
191,192
193,194
195,197
196,197
197,198
199,200
201,202
202,203
204,207
205,206
206,207
207,208
208,209
211,215
212,213
213,214
214,215
215,216
216,217
219,222
220,221
221,222
222,223
226,227
228,229
231,232
232,233
235,236
236,237
238,239
239,240
242,243
244,245
247,248
248,249
252,253
256,257
257,258
259,260
262,263
265,266
271,272
272,273
274,275
276,278
277,278
278,279
280,281
282,283
283,284
285,288
286,287
287,288
288,289
289,290
292,296
293,294
294,295
295,296
296,297
297,298
300,303
301,302
302,303
303,304
307,308
309,310
312,313
313,314
316,317
317,318
319,320
320,321
323,324
325,326
328,329
329,330
333,334
337,338
338,339
340,341
343,344
346,347
352,353
353,354
355,356
357,359
358,359
359,360
361,362
363,364
364,365
366,369
367,368
368,369
369,370
370,371
373,377
374,375
375,376
376,377
377,378
378,379
381,384
382,383
383,384
384,385
388,389
390,391
393,394
394,395
397,398
398,399
400,401
401,402
404,405
406,407
409,410
410,411
414,415
418,419
419,420
421,422
424,425
427,428
433,434
434,435
436,437
438,440
439,440
440,441
442,443
444,445
445,446
447,450
448,449
449,450
450,451
451,452
454,458
455,456
456,457
457,458
458,459
459,460
462,465
463,464
464,465
465,466
469,470
471,472
474,475
475,476
478,479
479,480
481,482
482,483
485,486
487,488
490,491
491,492
495,496
499,500
500,501
502,503
505,506
508,509
514,515
515,516
517,518
519,521
520,521
521,522
523,524
525,526
526,527
528,531
529,530
530,531
531,532
532,533
535,539
536,537
537,538
538,539
539,540
540,541
543,546
544,545
545,546
546,547
550,551
552,553
555,556
556,557
559,560
560,561
562,563
563,564
566,567
568,569
571,572
572,573
576,577
580,581
581,582
583,584
586,587
589,590
595,596
596,597
598,599
600,602
601,602
602,603
604,605
606,607
607,608
609,612
610,611
611,612
612,613
613,614
616,620
617,618
618,619
619,620
620,621
621,622
624,627
625,626
626,627
627,628
631,632
633,634
636,637
637,638
640,641
641,642
643,644
644,645
647,648
649,650
652,653
653,654
657,658
661,662
662,663
664,665
667,668
670,671
676,677
677,678
679,680
681,683
682,683
683,684
685,686
687,690
688,689
689,690
690,691
691,692
693,696
694,695
695,696
696,697
700,701
702,703
705,706
706,707
709,710
710,711
712,713
713,714
716,717
718,719
721,722
722,723
725,727
726,727
727,729
728,729
729,731
730,731
731,733
732,733
733,735
734,735
735,737
736,737
737,739
738,739
739,756
740,741
742,743
744,745
746,747
748,749
750,751
752,753
754,755
