82
1,29,0,0,0,0,0,0,0,0,0,0
2,29,0,0,0,0,0,0,0,0,0,0
3,29,0,0,0,0,0,0,0,0,0,0
4,29,0,0,0,0,0,0,0,0,0,0
5,29,0,0,0,0,0,0,0,0,0,0
6,29,0,0,0,0,0,0,0,0,0,0
7,29,0,0,0,0,0,0,0,0,0,0
8,31,0,0,0,0,0,0,0,0,0,0
9,31,0,0,0,0,0,0,0,0,0,0
10,47,0,0,0,0,0,0,0,0,0,0
11,54,0,0,0,0,0,0,0,0,0,0
12,31,0,0,0,0,0,0,0,0,0,0
13,2,0,0,0,0,0,0,0,0,0,0
14,47,0,0,0,0,0,0,0,0,0,0
15,54,0,0,0,0,0,0,0,0,0,0
16,31,0,0,0,0,0,0,0,0,0,0
17,2,0,0,0,0,0,0,0,0,0,0
18,30,32,0,0,0,0,0,0,0,0,0
19,51,1,0,0,0,0,0,0,0,0,0
20,2,0,0,0,0,0,0,0,0,0,0
21,31,0,0,0,0,0,0,0,0,0,0
22,47,0,0,0,0,0,0,0,0,0,0
23,54,0,0,0,0,0,0,0,0,0,0
24,2,0,0,0,0,0,0,0,0,0,0
25,47,0,0,0,0,0,0,0,0,0,0
26,54,0,0,0,0,0,0,0,0,0,0
27,30,0,0,0,0,0,0,0,0,0,0
28,30,32,0,0,0,0,0,0,0,0,0
29,38,64,0,0,0,0,0,0,0,0,0
30,32,0,0,0,0,0,0,0,0,0,0
31,30,32,0,0,0,0,0,0,0,0,0
32,31,0,0,0,0,0,0,0,0,0,0
33,2,0,0,0,0,0,0,0,0,0,0
34,47,0,0,0,0,0,0,0,0,0,0
35,54,0,0,0,0,0,0,0,0,0,0
36,31,0,0,0,0,0,0,0,0,0,0
37,2,0,0,0,0,0,0,0,0,0,0
38,30,32,0,0,0,0,0,0,0,0,0
39,30,32,0,0,0,0,0,0,0,0,0
40,51,1,0,0,0,0,0,0,0,0,0
41,2,0,0,0,0,0,0,0,0,0,0
42,31,0,0,0,0,0,0,0,0,0,0
43,47,0,0,0,0,0,0,0,0,0,0
44,54,0,0,0,0,0,0,0,0,0,0
45,2,0,0,0,0,0,0,0,0,0,0
46,30,0,0,0,0,0,0,0,0,0,0
47,30,32,0,0,0,0,0,0,0,0,0
48,30,32,0,0,0,0,0,0,0,0,0
49,11,32,0,0,0,0,0,0,0,0,0
50,38,64,0,0,0,0,0,0,0,0,0
51,32,0,0,0,0,0,0,0,0,0,0
52,30,32,0,0,0,0,0,0,0,0,0
53,30,32,0,0,0,0,0,0,0,0,0
54,12,32,0,0,0,0,0,0,0,0,0
55,31,0,0,0,0,0,0,0,0,0,0
56,2,0,0,0,0,0,0,0,0,0,0
57,30,32,0,0,0,0,0,0,0,0,0
58,11,32,0,0,0,0,0,0,0,0,0
59,31,0,0,0,0,0,0,0,0,0,0
60,2,0,0,0,0,0,0,0,0,0,0
61,30,32,0,0,0,0,0,0,0,0,0
62,30,0,0,0,0,0,0,0,0,0,0
63,30,32,0,0,0,0,0,0,0,0,0
64,30,32,0,0,0,0,0,0,0,0,0
65,15,32,0,0,0,0,0,0,0,0,0
66,11,32,0,0,0,0,0,0,0,0,0
67,38,64,0,0,0,0,0,0,0,0,0
68,32,0,0,0,0,0,0,0,0,0,0
69,31,0,0,0,0,0,0,0,0,0,0
70,30,32,0,0,0,0,0,0,0,0,0
71,11,32,0,0,0,0,0,0,0,0,0
72,31,0,0,0,0,0,0,0,0,0,0
73,47,0,0,0,0,0,0,0,0,0,0
74,54,0,0,0,0,0,0,0,0,0,0
75,2,0,0,0,0,0,0,0,0,0,0
76,30,32,0,0,0,0,0,0,0,0,0
77,11,32,0,0,0,0,0,0,0,0,0
78,31,0,0,0,0,0,0,0,0,0,0
79,2,0,0,0,0,0,0,0,0,0,0
80,47,0,0,0,0,0,0,0,0,0,0
81,54,0,0,0,0,0,0,0,0,0,0
82,1,0,0,0,0,0,0,0,0,0,0
77
1,46
1,8
2,62
2,27
2,9
3,80
3,72
3,70
3,47
3,12
3,10
4,78
4,76
4,64
4,63
4,39
4,28
4,22
4,18
4,16
4,14
5,42
5,21
6,73
6,61
6,55
6,53
6,32
6,25
7,59
7,57
7,48
7,43
7,38
7,36
7,34
10,11
14,15
18,19
19,20
22,23
25,26
27,30
28,29
29,30
30,31
31,32
34,35
38,40
39,40
40,41
43,44
46,51
47,49
48,49
49,50
50,51
51,52
52,54
53,54
54,55
57,58
58,59
61,69
62,68
63,65
64,65
65,66
66,67
67,68
68,69
70,71
71,72
73,74
76,77
77,78
80,81
