37
1,2,0,0,0,0,0,0,0,0,0,0,0
2,2,0,0,0,0,0,0,0,0,0,0,0
3,53,64,0,1,0,0,0,0,0,0,0,0
4,51,1,0,1,0,0,0,0,0,0,0,0
5,2,0,0,1,0,0,0,0,0,0,0,0
6,2,0,0,0,0,0,0,0,0,0,0,0
7,32,0,0,1,0,0,0,0,0,0,0,0
8,30,32,0,1,0,0,0,0,0,0,0,0
9,51,1,0,1,0,0,0,0,0,0,0,0
10,2,0,0,1,0,0,0,0,0,0,0,0
11,54,32,0,1,0,0,0,0,0,0,0,0
12,32,0,0,1,0,0,0,0,0,0,0,0
13,30,32,0,1,0,0,0,0,0,0,0,0
14,38,64,0,1,0,0,0,0,0,0,0,0
15,32,0,0,1,0,0,0,0,0,0,0,0
16,31,0,0,1,0,0,0,0,0,0,0,0
17,2,0,0,1,0,0,0,0,0,0,0,0
18,2,0,0,1,0,0,0,0,0,0,0,0
19,11,64,0,1,0,0,0,0,0,0,0,0
20,2,0,0,1,0,0,0,0,0,0,0,0
21,1,0,0,0,0,0,0,0,0,0,0,0
22,11,32,0,0,0,0,0,0,0,0,0,0
23,15,32,0,0,0,0,0,0,0,0,0,0
24,11,32,0,0,0,0,0,0,0,0,0,0
25,15,32,0,0,0,0,0,0,0,0,0,0
26,11,32,0,0,0,0,0,0,0,0,0,0
27,15,32,0,0,0,0,0,0,0,0,0,0
28,11,32,0,0,0,0,0,0,0,0,0,0
29,15,32,0,0,0,0,0,0,0,0,0,0
30,11,32,0,0,0,0,0,0,0,0,0,0
31,15,32,0,0,0,0,0,0,0,0,0,0
32,11,32,0,0,0,0,0,0,0,0,0,0
33,15,32,0,0,0,0,0,0,0,0,0,0
34,11,32,0,0,0,0,0,0,0,0,0,0
35,15,32,0,0,0,0,0,0,0,0,0,0
36,11,32,0,0,0,0,0,0,0,0,0,0
37,1,0,0,0,0,0,0,0,0,0,0,0
30
3,4
3,12
3,7
3,19
4,5
7,8
8,9
8,11
9,10
11,16
12,13
13,14
14,15
15,16
19,3
22,23
23,24
24,25
25,26
26,27
27,28
28,29
29,30
30,31
31,32
32,33
33,34
34,35
35,36
36,37
