70
1,29,0,0,0,0,0,0,0,0,0,0
2,29,0,0,0,0,0,0,0,0,0,0
3,29,0,0,0,0,0,0,0,0,0,0
4,29,0,0,0,0,0,0,0,0,0,0
5,29,0,0,0,0,0,0,0,0,0,0
6,31,0,0,0,0,0,0,0,0,0,0
7,31,0,0,0,0,0,0,0,0,0,0
8,31,0,0,0,0,0,0,0,0,0,0
9,2,0,0,0,0,0,0,0,0,0,0
10,47,0,0,0,0,0,0,0,0,0,0
11,54,0,0,0,0,0,0,0,0,0,0
12,31,0,0,0,0,0,0,0,0,0,0
13,2,0,0,0,0,0,0,0,0,0,0
14,30,32,0,0,0,0,0,0,0,0,0
15,51,1,0,0,0,0,0,0,0,0,0
16,2,0,0,0,0,0,0,0,0,0,0
17,47,0,0,0,0,0,0,0,0,0,0
18,54,0,0,0,0,0,0,0,0,0,0
19,2,0,0,0,0,0,0,0,0,0,0
20,47,0,0,0,0,0,0,0,0,0,0
21,54,0,0,0,0,0,0,0,0,0,0
22,30,0,0,0,0,0,0,0,0,0,0
23,30,0,0,0,0,0,0,0,0,0,0
24,30,32,0,0,0,0,0,0,0,0,0
25,38,64,0,0,0,0,0,0,0,0,0
26,32,0,0,0,0,0,0,0,0,0,0
27,30,32,0,0,0,0,0,0,0,0,0
28,38,64,0,0,0,0,0,0,0,0,0
29,32,0,0,0,0,0,0,0,0,0,0
30,30,32,0,0,0,0,0,0,0,0,0
31,31,0,0,0,0,0,0,0,0,0,0
32,30,32,0,0,0,0,0,0,0,0,0
33,54,32,0,0,0,0,0,0,0,0,0
34,30,0,0,0,0,0,0,0,0,0,0
35,30,0,0,0,0,0,0,0,0,0,0
36,30,32,0,0,0,0,0,0,0,0,0
37,38,64,0,0,0,0,0,0,0,0,0
38,32,0,0,0,0,0,0,0,0,0,0
39,30,32,0,0,0,0,0,0,0,0,0
40,38,64,0,0,0,0,0,0,0,0,0
41,32,0,0,0,0,0,0,0,0,0,0
42,31,0,0,0,0,0,0,0,0,0,0
43,47,0,0,0,0,0,0,0,0,0,0
44,54,0,0,0,0,0,0,0,0,0,0
45,2,0,0,0,0,0,0,0,0,0,0
46,30,32,0,0,0,0,0,0,0,0,0
47,11,32,0,0,0,0,0,0,0,0,0
48,31,0,0,0,0,0,0,0,0,0,0
49,2,0,0,0,0,0,0,0,0,0,0
50,1,0,0,0,0,0,0,0,0,0,0
51,29,0,0,0,0,0,0,0,0,0,0
52,31,0,0,0,0,0,0,0,0,0,0
53,30,32,0,0,0,0,0,0,0,0,0
54,12,32,0,0,0,0,0,0,0,0,0
55,30,32,0,0,0,0,0,0,0,0,0
56,16,32,0,0,0,0,0,0,0,0,0
57,12,32,0,0,0,0,0,0,0,0,0
58,30,32,0,0,0,0,0,0,0,0,0
59,16,32,0,0,0,0,0,0,0,0,0
60,12,32,0,0,0,0,0,0,0,0,0
61,30,32,0,0,0,0,0,0,0,0,0
62,16,32,0,0,0,0,0,0,0,0,0
63,12,32,0,0,0,0,0,0,0,0,0
64,30,32,0,0,0,0,0,0,0,0,0
65,16,32,0,0,0,0,0,0,0,0,0
66,12,32,0,0,0,0,0,0,0,0,0
67,30,32,0,0,0,0,0,0,0,0,0
68,16,32,0,0,0,0,0,0,0,0,0
69,12,32,0,0,0,0,0,0,0,0,0
70,1,0,0,0,0,0,0,0,0,0,0
70
1,34
1,22
1,6
2,23
2,7
3,35
3,8
4,48
4,46
4,36
4,24
4,17
4,14
4,12
4,10
5,43
5,32
5,31
5,20
10,11
14,15
15,16
17,18
20,21
22,29
23,26
24,25
25,26
26,27
27,28
28,29
29,30
30,31
32,33
33,42
34,41
35,38
36,37
37,38
38,39
39,40
40,41
41,42
43,44
46,47
47,48
51,67
51,64
51,61
51,58
51,55
51,53
51,52
53,54
54,56
55,56
56,57
57,59
58,59
59,60
60,62
61,62
62,63
63,65
64,65
65,66
66,68
67,68
68,69
69,70
