-1
0
0
-1
-1
0
-1
-1
0
0
-1
-2
-2
-5
0
-4
-2
-5
-4
-18
-10
4
-33
-120
-93
8
-95
-399
-478
-409
-783
-1513
-1722
-1298
-1307
-1805
-2063
-2015
-2056
-2071
-2021
-1979
-1665
-1265
-930
-472
-116
46
142
291
674
804
1141
1065
1344
1508
1347
1403
1936
1684
1399
1122
284
-247
145
-73
-512
-636
-789
-660
-585
-759
-493
-694
-1675
-1729
-1367
-1044
-1552
-932
-641
-26
-320
505
1358
1166
1834
1286
2427
2660
2830
3650
3777
3955
3848
4302
4737
4303
4415
4191
3672
3248
2060
1987
1821
1071
11
-414
-1656
-2082
-2115
-2575
-3115
-3854
-4620
-4719
-4585
-4811
-4848
-4657
-5115
-4733
-4252
-4435
-3583
-3207
-3279
-3438
-2758
-2860
-2674
-2908
-2332
-2261
-1354
-336
212
289
-344
-1184
-752
-1153
-1235
-1758
-2331
-3361
-2664
-1673
-1557
-706
-314
-543
-443
113
313
329
84
288
18
273
1217
913
1255
1598
1204
657
244
-58
-278
-435
-355
-1244
-1783
-1593
-942
-750
-683
-1106
-1593
-1881
-2361
-1909
-1407
-1726
-1652
-1189
-741
-196
489
663
1344
1690
1099
1284
1803
2200
2608
2842
3573
3534
3092
2998
3089
3238
3059
2281
1741
1516
1240
1206
864
926
-170
-1051
-1192
-1339
-939
-1930
-1902
-2253
-2407
-2458
-2562
-1829
-2565
-2567
-2291
-1777
-1547
-2242
-2001
-813
-435
-943
-1048
-668
-714
-1023
-900
-1248
-1398
-958
-1010
-1165
-652
161
-222
-737
-1311
-1593
-1283
-1116
-1926
-2419
-2850
-2609
-2331
-1588
-583
-1071
-184
304
510
324
496
851
914
87
148
348
-58
728
1731
1764
1191
635
398
196
713
857
521
-333
-837
-244
-90
-450
-397
36
-426
-974
-683
-999
-766
-495
-512
-758
-677
47
243
-21
-95
243
171
252
1052
950
825
664
592
1288
1100
1170
1430
2170
1541
1018
1341
1749
1809
1551
1026
714
1422
1502
1121
447
615
1436
1156
41
-239
534
390
66
-410
-473
-576
-19
-459
-1644
-1032
-287
-146
-983
-1453
-662
-1033
-1377
-1305
-1020
-931
-814
-1449
-1578
-1538
-1744
-1340
-736
-573
-1729
-1970
-938
-654
-1526
-1747
-1515
-1080
-1776
-2204
-2315
-2160
-1733
-1604
-1167
-868
-1868
-1959
-583
-159
-474
-1115
-185
-724
-905
-363
3
569
520
-27
-39
-318
683
918
786
789
1282
1260
327
698
1559
1676
656
313
856
895
435
862
1460
1021
824
1009
1086
947
368
616
1500
1106
569
409
941
1422
1399
1103
827
1546
1669
1397
778
1060
2096
2332
1614
1217
861
1341
2000
1861
871
570
1381
1005
273
-183
313
338
313
134
-214
-699
-413
-148
-435
-652
-489
-614
-914
-1059
-1155
-1019
-597
-761
-1432
-1409
-1386
-1368
-1629
-1234
-1124
-1187
-1720
-1795
-1916
-1649
-1043
-1297
-2284
-2093
-1008
-1696
-3059
-3412
-2270
-2166
-2710
-3108
-3135
-2813
-2637
-2504
-3434
-3608
-2999
-3198
-3317
-3500
-3719
-3052
-1914
-1497
-1478
-1084
-189
317
262
641
1121
1398
1955
2381
1530
1484
2798
3145
2828
3059
3722
4125
2842
2808
3167
3559
3914
3757
3080
2487
2626
2681
2517
1795
1725
1885
1600
1091
924
937
894
1115
302
-84
313
-100
-174
-18
-272
-249
-91
-330
-448
-359
-129
135
-19
-41
-31
-353
-819
-1020
-428
-415
-1420
-1289
-833
-910
-1517
-1328
-574
-449
-1167
-1337
-691
-642
-632
-576
-154
-71
37
319
-226
-142
207
243
-141
-248
129
729
508
416
586
653
913
394
33
-168
-475
-442
-427
-615
-702
-808
-945
-791
-1210
-1346
-1445
-1234
-1411
-1817
-2133
-1884
-1761
-2288
-2062
-2100
-1982
-1890
-2050
-1609
-1829
-1983
-1588
-1264
-1335
-1121
-971
-892
-953
-1007
-630
-154
246
223
608
1097
1315
1335
1372
1403
1593
1678
1585
1871
1777
1557
1441
1736
1693
1424
1314
1390
1367
898
552
183
377
302
-37
-100
-285
-177
-638
-492
-414
-513
-366
-423
-289
-295
-249
-120
-297
-216
-403
-359
44
179
-194
-14
138
55
35
-54
-254
151
280
-49
-453
-266
-194
-91
-222
-376
-450
-428
-372
-307
-537
-300
-100
-110
-45
-151
-88
208
415
644
733
309
225
84
60
41
446
593
456
594
885
911
1217
1395
1533
1414
944
973
855
687
716
737
539
360
208
291
537
339
311
202
-98
-353
173
-16
-454
-90
-296
-334
-547
-585
-278
-235
-298
-323
-520
-562
-580
-325
-623
-909
-576
-968
-1069
-1109
-1063
-875
-1173
-1351
-1285
-1451
-1047
-839
-922
-891
-1056
-1020
-854
-1093
-906
-1015
-1320
-1465
-1391
-1228
-1112
-1095
-1290
-1427
-1379
-1232
-1144
-1001
-910
-973
-1100
-931
-727
-766
-508
-341
-62
-77
122
397
646
726
567
842
799
807
715
906
799
864
1115
1016
791
1077
1376
913
510
807
736
540
532
525
373
283
676
646
149
127
677
514
290
492
757
791
649
787
1067
782
547
857
562
291
559
734
475
239
564
764
600
448
189
300
121
-172
-260
-52
-330
-679
-458
-479
-676
-612
-420
-154
-106
-242
-134
-25
-42
-81
-277
-497
-421
-480
-266
-282
-213
-100
-102
-65
-281
-58
41
-97
-189
-287
-452
-580
-488
-453
-732
-563
-374
-708
-1238
-1003
-646
-711
-1210
-1518
-1293
-1240
-991
-872
-1240
-1436
-1152
-1070
-1166
-1387
-1154
-881
-909
-945
-1096
-788
-711
-297
-218
-442
-832
-432
-23
113
92
121
583
605
376
345
617
643
840
1127
539
466
1140
902
405
913
1014
980
761
657
734
566
500
650
589
556
637
491
372
68
-107
-81
146
198
6
6
-333
32
534
236
231
233
321
147
-152
-152
-234
58
-144
-179
-168
-96
-19
-72
-48
-175
-473
-821
-983
-868
-1178
-1233
-867
-992
-901
-723
-339
-643
-810
-776
-544
-565
-882
-845
-611
-652
-445
-125
-131
-182
-130
280
183
105
425
282
-275
-353
164
145
98
286
391
518
537
562
725
284
-113
-145
-205
-184
-297
-374
-467
-475
-273
-213
-253
-147
56
-103
-131
-448
-513
-356
-112
5
-64
64
270
212
445
446
576
711
424
268
123
128
77
136
263
124
261
404
195
445
679
391
427
477
48
272
328
66
-16
184
543
300
399
407
447
527
613
734
472
833
1121
768
1157
730
712
768
648
660
221
191
173
216
70
-80
246
-189
-46
-256
-253
236
-842
-1397
-1874
-1498
-2022
-2167
-1728
-1848
-1756
-798
-602
-330
-129
-533
-718
-1076
-858
-1313
-859
-616
-695
-388
-596
-404
-287
-35
513
549
228
364
159
-41
197
163
195
183
349
198
-139
297
460
518
488
289
21
-244
-287
150
132
248
359
444
285
415
199
243
428
455
212
126
291
521
826
860
379
311
205
208
463
557
600
684
682
458
208
216
449
558
774
798
479
331
297
331
174
274
180
110
147
13
239
176
-39
-206
-196
-446
-915
-765
-505
-688
-761
-913
-932
-808
-753
-783
-812
-790
-966
-832
-811
-697
-446
-133
-334
-260
75
27
-239
63
427
249
339
238
136
372
540
397
219
96
70
167
80
27
35
-7
116
112
336
371
268
174
232
-40
-275
-33
-144
306
466
346
352
112
-69
-30
-82
10
-483
-357
-402
-558
-519
-855
-1045
-1264
-1283
-1571
-1906
-2103
-2165
-2111
-2171
-2038
-1641
-1180
-955
-1316
-1482
-1760
-1406
-975
-636
-538
-524
-82
588
863
1119
1521
1949
2267
2579
2368
2401
2870
3287
3450
3063
2624
2271
2194
2022
1943
1479
1132
990
491
216
27
-150
-45
-127
-407
-1259
-1648
-1399
-1055
-1009
-1249
-1395
-1264
-949
-565
-398
-231
113
189
382
596
947
863
751
1116
1187
1103
748
564
723
783
451
-79
-622
-556
-357
-717
-1208
-1674
-2074
-2526
-2940
-3330
-3774
-4062
-4289
-4748
-5317
-5296
-4621
-4059
-3914
-3820
-3464
-2599
-1969
-2355
-3120
-3185
-2802
-1734
-596
-115
-286
536
1890
2692
2737
2576
2604
2998
3628
3721
3489
3660
4420
5034
4951
3931
2608
2095
2291
1927
1058
357
107
240
477
32
-928
-1293
-1098
-1597
-2649
-3154
-3160
-2508
-1867
-1415
-1005
-582
-31
589
1061
894
809
1126
1915
2529
3209
3814
4439
4733
4953
4524
3422
3389
3738
3454
2350
1825
1901
1595
753
-361
-1321
-1897
-2212
-2946
-4159
-5255
-5488
-5234
-5248
-5983
-6994
-7142
-6882
-6591
-6461
-6694
-6639
-6054
-5594
-5796
-6764
-6554
-5032
-4123
-3416
-1774
424
2287
2772
1393
-979
-2205
-1583
-467
159
187
224
838
2051
3571
4554
4343
3177
2166
1602
872
434
1569
3522
4454
4052
2543
976
717
1308
1242
-165
-1311
-1484
-1108
-516
-512
-775
-440
-204
-1290
-2681
-3174
-2703
-1233
283
535
-29
355
1815
3033
3494
3106
2667
2633
3131
3879
5111
6133
6437
6070
5298
4348
3648
4096
4988
4696
3277
2232
2081
1874
1530
741
-632
-2078
-3353
-4821
-5664
-5248
-4376
-4558
-5950
-7048
-7197
-7039
-7186
-6747
-5870
-5560
-5781
-5404
-4603
-3955
-3642
-4265
-5131
-5511
-4910
-4042
-3040
-2168
-1948
-2464
-2889
-611
3160
3177
-720
-4055
-5274
-4148
-1973
-922
-1436
-1350
150
851
1056
977
906
2024
2761
1767
46
320
2212
5432
7906
6873
3243
1861
2897
3573
3375
2525
1749
1744
1902
517
-1464
-1620
-362
77
-1147
-3341
-4959
-4170
-1486
-317
-1048
-1930
-1936
-1388
-452
139
745
2040
3492
4281
4400
4765
5074
5748
6254
5818
4788
4530
5495
6876
7182
6250
4492
2541
1186
283
-327
-382
-649
-1448
-2508
-3155
-3475
-4037
-5115
-5776
-6177
-6793
-6916
-5647
-3906
-3164
-4007
-5057
-5112
-4865
-4274
-3750
-3669
-3624
-3509
-3714
-4746
-4874
-4449
-4220
-4310
-4807
-4951
-4747
-3094
-313
1620
1193
-1557
-4137
-5388
-3806
-1088
-862
-2758
-2816
-441
968
1112
2170
4052
4895
4745
3299
2730
5002
8747
10151
7861
4635
2637
2728
4169
4762
3638
2451
1486
155
-980
-1318
-1338
-2330
-4247
-6414
-7363
-6912
-5644
-3665
-2730
-2938
-4201
-4732
-3395
-1116
1273
2952
3722
3413
2911
4118
6199
7769
8083
7437
6693
6902
8262
9320
9226
8543
7228
5043
2824
1099
695
1623
2120
153
-3476
-5609
-5445
-4638
-4978
-6821
-8525
-8423
-7011
-6201
-6823
-6435
-4884
-4361
-4963
-5125
-4156
-2653
-893
-292
-1081
-1275
-725
-572
-1138
-1209
-1081
-469
-400
-1853
-2778
-2291
-366
2270
3051
-1442
-7555
-8475
-4321
-2588
-4172
-5380
-3964
-2304
-1910
-1743
-1261
-104
867
909
511
388
1669
4824
7659
6517
3085
1339
2821
5703
7609
6709
3939
2609
3026
2547
732
-526
-1093
-1559
-2634
-4261
-5236
-3777
-1719
-2078
-4805
-6629
-6253
-5044
-3952
-2884
-1914
-1292
-872
-387
487
2221
3842
4233
4015
3690
4022
5448
7170
7423
6224
5245
5012
5282
5491
5040
4214
4089
4278
3065
858
-214
-80
-441
-1764
-2812
-3125
-2918
-2472
-2870
-4155
-4761
-4357
-4172
-4436
-4295
-3917
-3833
-4013
-3822
-3094
-3107
-4048
-4849
-5182
-5018
-4869
-4611
-4638
-4209
-3091
-3089
-3137
-1077
1418
76
-4022
-6479
-5755
-2776
-181
-509
-2859
-3141
-1054
913
1638
2157
2670
3177
3304
3287
3728
4912
5517
5383
4368
1700
-122
1341
4131
4202
1241
-1887
-3132
-2639
-2087
-2668
-4425
-6194
-6806
-6070
-5230
-4765
-4769
-4872
-4701
-4263
-3467
-2446
-1086
791
2357
3021
2874
3309
4867
6561
7299
7077
6276
6300
7554
8373
7902
7439
6871
5835
4923
4483
4729
4483
3286
1933
571
-564
-1841
-2622
-3417
-4280
-5049
-5364
-5566
-5154
-4496
-4712
-5441
-5937
-5718
-4859
-3852
-3260
-2755
-2769
-2941
-2088
-784
-458
-919
-1027
-802
-1070
-2111
-2432
-1696
-1486
-2480
-3621
-4193
-3702
-2460
-570
264
-2465
-6442
-7893
-5579
-3426
-2941
-3377
-3861
-4280
-3594
-583
2856
2681
-411
-841
1545
3159
2940
3316
4463
4782
4187
3185
3037
4576
6588
6207
3365
561
-297
805
2361
2574
955
-1033
-2299
-2168
-1327
-988
-1821
-3245
-4362
-4612
-3622
-2824
-2238
-1741
-1034
-1330
-2011
-1276
594
2039
2326
2133
1841
2095
2822
3615
3934
4206
4031
3453
2942
3283
4102
4506
4024
2407
957
1163
2745
2675
840
-158
215
157
-777
-1163
-998
-1634
-2697
-2816
-2379
-1972
-2300
-2828
-3132
-3228
-3221
-3744
-4319
-4200
-3075
-3086
-3872
-3885
-3408
-3097
-3336
-3794
-4412
-4910
-4961
-4160
-3246
-2858
-3169
-2027
-187
1010
479
-1965
-4695
-4724
-2237
-536
-549
-1276
-1123
-924
-436
666
1610
1580
994
864
1479
2984
4141
3874
2113
1523
2192
1986
1152
1722
3527
3902
2549
45
-1896
-1282
801
983
-1012
-2492
-1974
-609
4
-124
-887
-1847
-2379
-1962
-930
-718
-774
-16
1162
1526
967
673
1197
2577
3537
3249
2240
2107
3129
3464
2915
2901
3581
3308
2350
2385
3180
3129
1904
647
-137
187
856
528
-951
-1357
-698
-987
-2249
-2655
-1771
-1954
-2966
-3866
-3935
-3669
-3268
-3095
-3277
-2911
-2297
-2214
-2749
-2189
-1100
-1190
-2249
-2635
-2337
-2395
-2570
-2520
-2778
-2883
-2901
-3547
-4785
-4995
-4106
-2842
-2358
-1312
-911
-3579
-7343
-7742
-4646
-2922
-3793
-4700
-4006
-2678
-1348
-238
365
143
41
436
1386
2661
3898
4932
5009
4683
4299
3742
3542
4634
5989
5546
3556
1890
1355
1500
1660
818
-408
-711
-114
35
-756
-1586
-2272
-3143
-4179
-4060
-2817
-1981
-1776
-1151
-328
-297
-726
-494
816
2927
4624
4264
2792
2949
4604
5425
4886
4427
4718
5445
5822
5747
5145
4307
3367
2670
2004
1606
1286
1456
1416
-40
-2361
-3459
-3045
-2681
-3059
-4021
-4781
-4862
-4668
-4737
-5019
-4620
-4126
-3927
-4038
-3778
-2972
-2336
-2418
-2871
-3230
-3358
-3044
-2420
-2020
-2207
-2899
-3735
-4571
-4504
-3634
-3253
-2882
-1631
-536
-2006
-5107
-7791
-8405
-5316
-1744
-2814
-7111
-6734
-1879
-331
-3135
-4303
-2068
745
2568
2955
3010
4549
6627
5736
2753
1433
3086
5698
7049
6457
4601
2942
2296
3053
3704
2896
1108
476
1259
1323
138
-901
-1542
-1957
-2289
-2640
-2589
-1850
-583
-153
-722
-1428
-1320
329
2672
4233
4118
3228
2553
3232
5089
6258
6428
6388
6568
6723
6928
6818
6385
5450
4183
2792
1960
2102
2645
2325
711
-1205
-2765
-3324
-3212
-3048
-3500
-4709
-5915
-6261
-5825
-5733
-6484
-6885
-6578
-5802
-5074
-4306
-3791
-3218
-2942
-3730
-4666
-4167
-2897
-2939
-3749
-4313
-4011
-3792
-4206
-4102
-3025
-2939
-3129
-1465
509
-1530
-5802
-7257
-5204
-2910
-2438
-3373
-4606
-4167
-2594
-2036
-2589
-1822
197
946
306
146
1615
3547
4639
4127
2864
1954
2364
4492
6839
7121
5174
3348
2751
2568
2434
2801
3302
3059
2049
924
181
125
55
-476
-1272
-1738
-1239
-730
-284
-67
86
371
878
1399
1848
3041
4527
5073
4754
4177
3854
4285
5261
6226
6647
6469
5964
5620
5479
4938
4257
3715
3078
2104
811
-416
-1296
-1504
-1554
-2477
-3803
-4363
-3983
-3697
-4055
-4613
-5550
-6974
-7971
-7572
-6099
-5280
-5783
-5826
-4999
-4560
-4728
-4733
-4425
-4114
-3666
-4139
-4809
-4929
-4039
-3436
-3556
-4185
-4487
-4564
-4386
-2816
-998
-405
-2103
-3547
-4547
-4914
-4701
-3868
-2839
-2645
-3088
-3328
-2336
-1227
-16
578
616
539
1251
2779
4536
5519
5256
4477
3872
4176
5279
6532
6729
6444
5621
4050
2340
1831
2485
2752
2319
1385
947
814
876
732
173
-217
-218
-111
227
682
926
515
-21
188
1155
2655
3693
4322
4604
4782
5180
5121
4695
4956
5936
6515
6420
6054
5586
4926
4248
3300
2545
2521
2469
1786
320
-969
-2009
-3178
-4480
-4878
-4731
-4746
-5071
-5308
-5465
-5855
-6768
-7561
-7782
-7359
-6573
-5966
-6018
-5728
-5015
-5057
-5215
-4600
-3258
-2153
-1403
-1574
-2784
-1987
-622
-680
-2849
-2521
-401
133
-2311
-2534
-1283
-559
-1711
-4181
-5748
-5709
-2908
-2399
-3914
-4892
-4298
-3938
-3978
-3662
-3064
-2079
-1456
-1583
-2111
-1658
-936
427
1998
2471
2396
3661
5779
7200
6794
6268
6293
5764
4892
4466
4810
4654
4056
3768
3230
2975
2821
2888
2981
2521
1547
738
-160
-755
-1127
-1101
-1017
-637
-233
-483
-332
-332
525
1251
1896
2267
2482
2444
2096
2670
3471
3946
3727
3653
4021
4682
4697
4676
3999
3090
2390
1741
1422
733
576
-508
-1227
-2126
-2862
-3044
-3747
-3575
-3582
-3958
-5197
-5446
-5028
-5210
-5773
-5600
-4960
-4029
-3000
-3264
-3280
-3477
-2319
-1381
-948
-659
-713
640
1278
1143
-117
196
851
1293
1465
1028
1001
824
1112
-88
-561
-1663
-1138
-1090
-1289
-2125
-3119
-3445
-2386
-2312
-3435
-3785
-3570
-2958
-2756
-3125
-3102
-2596
-2390
-2613
-3054
-3055
-1414
-896
-1298
-1460
-643
174
209
1180
1356
1455
1256
1217
1463
1358
1650
1653
2822
2957
2829
2619
2671
3043
2392
2834
3187
3639
2964
3059
2639
2288
2394
2027
2939
1892
1788
1012
1440
1134
833
321
-213
-364
-1248
-610
-986
-254
-435
-1072
-2055
-2203
-979
-1352
-1239
-1800
-57
-1090
-1372
-1577
-219
618
253
-301
208
681
361
827
-339
-72
604
1011
943
54
814
668
1680
721
696
758
-455
4
491
724
-1132
-839
-351
424
-494
-23
-736
-40
27
-412
-977
-1484
-614
-711
-820
-707
103
542
178
277
-46
308
-163
-604
-92
-128
146
-578
206
275
799
-174
-76
-24
221
-1
-398
-327
224
88
-976
-706
-458
-462
-385
256
-866
-1206
-323
-612
568
-159
-649
24
-448
44
-472
-188
-476
-179
-580
-745
-293
481
-933
-419
-1651
-1792
-2068
-1444
-1238
-1818
-2274
-2306
-3767
-2684
-2981
-2837
-3069
-3544
-2825
-4200
-2317
-3170
-3182
-2603
-3392
-2438
-2448
-1259
-716
-680
-930
-1073
-535
-38
-225
907
81
670
893
540
2510
1215
2345
1802
1853
2157
2348
2779
2597
2763
3091
1650
2471
920
2882
2355
1554
2198
730
1060
690
1399
136
441
608
68
-537
394
77
857
1082
-142
759
942
602
1984
1414
2032
1654
1801
1634
1980
2623
1147
1595
2288
1088
1644
1108
1872
1150
1336
417
602
1437
-74
290
-178
21
-498
-541
-353
211
-529
-942
224
313
-1451
-448
-475
118
194
-168
-964
-1569
-91
-1467
-619
-960
-1505
-2150
-1884
-1516
-1261
-2009
-2248
-4138
-3406
-2041
-2908
-3334
-4193
-2150
-3613
-3693
-2420
-3098
-2373
-3163
-2609
-2220
-1580
-1597
-2920
-309
-1031
-1831
-1600
197
-920
-1866
558
905
614
-141
-483
382
1554
1017
309
-212
614
1824
861
504
-538
778
-611
410
-191
185
25
-424
907
-1297
701
-187
162
-109
611
729
960
887
1924
970
1723
2560
1117
1925
1345
2414
2668
2642
1827
409
926
1947
3030
2142
647
470
178
612
1049
835
645
1277
270
-579
129
186
330
702
207
-795
397
1149
277
922
117
283
-837
447
20
141
862
56
128
-2029
-2798
916
-73
67
-1824
-1298
-887
-1089
-956
-3873
-1404
-578
-1772
-616
-2482
-1857
-2299
-873
-1851
-2292
-1700
-892
290
-1020
-735
-110
172
-1206
-786
484
907
888
678
892
490
744
413
1124
1802
440
-318
205
-297
945
-586
-631
-1059
-1335
309
-1293
-1403
-2752
-2987
-143
-1141
-2126
-3445
-841
-930
-2508
-1655
-438
-531
-504
-1326
-372
201
517
1440
-193
348
-85
1035
1020
936
696
325
1176
1357
-915
-42
23
532
481
-497
-204
-1614
830
-1038
-282
-317
-661
469
-113
-8
-571
-355
-367
634
211
-348
-354
5
-168
384
828
-559
626
-715
1146
-584
-259
-619
-1013
-839
-1360
-989
-918
-817
-1125
-1635
-2056
-1743
-1463
-1343
-1266
-2026
-409
-1464
-797
-791
-83
-511
-109
607
1014
386
1354
874
691
2133
31
2166
1311
1684
1690
1571
1698
701
1784
1397
282
1393
-980
1173
388
-125
-689
-952
494
-1495
121
-916
-578
32
-1222
-602
-1439
-553
-764
-802
-1043
-428
-481
-802
-494
-33
-319
980
223
615
1106
883
620
609
1221
-39
595
909
898
814
392
138
630
178
633
744
-69
738
-364
906
-659
-418
-653
-763
-733
-1491
180
-1009
-337
-359
-701
-653
-246
-1150
-994
-1279
-1241
-1583
-1153
-2275
-1628
-1949
-2222
-2201
-1038
-1725
-961
-1328
-1970
-995
-1151
-2616
-1821
-1971
-1063
-1600
-2259
-992
-1131
99
-1283
643
-1089
1072
535
263
847
636
18
233
1458
-50
1069
666
1771
328
1667
686
860
668
837
648
248
516
-366
1015
-1285
378
-1216
81
343
167
615
65
37
-137
-360
-63
-685
-425
437
-465
307
181
-93
1435
-194
1697
-272
856
923
736
1195
549
804
279
1252
60
632
345
1072
961
1579
337
704
865
1205
-209
-187
-340
462
-842
-609
-688
-657
-116
-1214
236
-755
-474
-1151
72
-1120
-1876
-1645
-1261
-1114
-1593
-2134
-987
-1796
-1851
-690
-1665
-1314
-1555
-1143
-1842
-2614
-1210
-2587
-1881
-2453
-2163
-1080
-1305
-1077
-1026
-365
-360
-240
276
-125
256
-139
765
814
221
1704
344
1546
-408
1621
1118
413
1759
131
641
1833
386
-263
1196
-49
199
-498
201
-430
-379
-172
-438
-492
-1544
-642
-593
-378
-891
-1112
-580
408
-669
-1392
-45
518
-624
229
671
439
-147
745
794
883
330
754
794
1413
28
752
1070
517
484
46
512
49
-245
-113
-1110
-244
-996
-768
-1340
-738
-1536
-949
-1229
-1819
-827
-667
-1439
-488
-702
-963
-1166
-1322
-1085
-1139
-1028
-267
-779
-401
-422
215
-1185
-28
-1269
117
-356
-642
-267
487
-583
-500
-129
-447
-620
92
212
-275
647
427
-676
675
498
1021
375
415
950
1834
385
202
959
1946
351
591
1014
1241
779
622
1240
1338
-196
1406
313
1084
-47
-593
1003
-470
-41
-721
358
-492
-328
-1128
243
-628
-454
460
-747
-107
-59
-390
-608
-464
-590
-109
-125
-244
137
-748
-27
-810
-167
75
48
-756
67
-518
-346
-682
-538
-830
-635
-871
-673
-532
-1534
-158
-1343
-825
-1332
-352
-444
-1046
-76
-270
-1282
-798
-272
-1482
-404
-1187
-316
-1689
-174
-1425
-1336
369
-1079
-747
592
-809
-221
-814
73
-543
-1067
-489
-774
-415
-626
-610
-163
-334
-380
-181
476
665
423
940
-48
1402
268
1441
950
504
1834
856
1720
1733
725
2737
811
1104
2569
421
1252
2417
429
659
751
2289
-433
741
1106
933
100
397
520
559
-312
-48
699
-1230
303
704
-1047
540
-20
100
231
394
304
-627
962
-1047
-405
-198
-518
-561
-747
-599
-1105
-1019
-780
-603
-785
-1321
-247
-650
-2415
-4
-1096
-806
-985
-1818
-1177
-965
-1087
-1234
-1443
-898
-1120
-1805
-602
-1227
-863
-955
-1248
-457
-1828
-71
-1431
-517
-1125
-1376
-1399
-350
-1377
-1186
-797
-880
-873
-1061
733
-1626
-274
-834
-779
360
-165
-53
-191
-236
-361
1126
-147
398
285
1538
359
1451
995
531
1177
1243
1864
132
1348
1101
978
847
982
898
751
558
453
1569
327
672
192
1006
-102
367
704
879
-397
583
572
552
116
627
725
108
937
-225
473
1347
-23
-74
-377
-218
16
700
836
-180
-630
566
132
1020
-794
-249
-475
88
-442
-1119
-651
-506
-323
-1872
-1002
-920
-308
482
-209
-826
-1184
-69
122
-908
-1504
-1096
-456
-424
-1526
-1903
-728
-339
-768
-1364
-801
-507
308
-670
-927
-758
-1418
-680
-730
-1475
-1948
-889
-536
-1342
-892
-764
-1237
261
-848
-558
-859
724
-420
-1192
301
-462
-919
-670
-411
668
-1118
491
223
-90
-90
343
418
-224
37
-605
621
-85
-624
-518
82
189
-388
204
-765
920
-357
-590
914
-1427
479
-293
-170
-148
459
464
-403
671
334
192
466
567
414
908
-306
1290
-77
398
