15|54|0|0|0|1|0|0.000000|0.000000|0.000000|0.000000
14|30|0|0|0|1|1|0.000000|0.000000|0.000000|0.000000
13|32|0|0|0|1|1|0.000000|0.000000|0.000000|0.000000
12|30|0|0|0|1|1|0.000000|0.000000|0.000000|0.000000
11|54|0|0|0|1|0|0.000000|0.000000|0.000000|0.000000
1449|54|0|0|0|1|0|0.000000|0.000000|0.000000|0.000000
1448|47|0|0|0|1|1|0.000000|0.000000|0.000000|0.000000
1447|54|0|0|0|1|0|0.000000|0.000000|0.000000|0.000000
1446|47|0|0|0|1|1|0.000000|0.000000|0.000000|0.000000
1444|31|0|0|0|4000|0|0.000000|0.000000|0.000000|0.000000
1443|11|1|0|32|4000|1|4001.000000|5331333.500000|2308.968060|85365336000.000000
1442|30|0|0|32|4000|1|0.000000|0.000000|0.000000|0.000000
1440|31|0|0|0|4000|0|0.000000|0.000000|0.000000|0.000000
1439|32|0|0|0|4000|1|0.000000|0.000000|0.000000|0.000000
1438|38|0|0|64|4000|1|0.000000|0.000000|0.000000|0.000000
1437|11|1|0|32|4000|1|4000.000000|5331333.500000|2308.968060|85333332000.000000
1436|30|0|0|32|4000|1|0.000000|0.000000|0.000000|0.000000
1435|30|0|0|0|4000|1|0.000000|0.000000|0.000000|0.000000
1434|30|0|0|32|4000|1|0.000000|0.000000|0.000000|0.000000
1433|31|0|0|0|4000|0|0.000000|0.000000|0.000000|0.000000
1432|32|0|0|0|4000|1|0.000000|0.000000|0.000000|0.000000
1431|38|0|0|64|4000|1|0.000000|0.000000|0.000000|0.000000
1430|30|0|0|32|4000|1|0.000000|0.000000|0.000000|0.000000
1429|30|0|0|0|4000|1|0.000000|0.000000|0.000000|0.000000
1428|30|0|0|32|4000|1|0.000000|0.000000|0.000000|0.000000
1427|54|0|0|0|4000|0|0.000000|0.000000|0.000000|0.000000
1244|54|0|0|0|4000|0|0.000000|0.000000|0.000000|0.000000
1243|47|0|0|0|4000|1|0.000000|0.000000|0.000000|0.000000
1242|54|0|0|0|4000|0|0.000000|0.000000|0.000000|0.000000
1241|47|0|0|0|4000|1|0.000000|0.000000|0.000000|0.000000
1240|54|0|0|0|4000|0|0.000000|0.000000|0.000000|0.000000
1239|47|0|0|0|4000|1|0.000000|0.000000|0.000000|0.000000
1238|54|0|0|0|4000|0|0.000000|0.000000|0.000000|0.000000
1237|47|0|0|0|4000|1|0.000000|0.000000|0.000000|0.000000
1236|54|0|0|0|4000|0|0.000000|0.000000|0.000000|0.000000
1235|47|0|0|0|4000|1|0.000000|0.000000|0.000000|0.000000
1234|54|0|0|0|4000|0|0.000000|0.000000|0.000000|0.000000
1233|47|0|0|0|4000|1|0.000000|0.000000|0.000000|0.000000
1232|54|0|0|0|4000|0|0.000000|0.000000|0.000000|0.000000
1231|47|0|0|0|4000|1|0.000000|0.000000|0.000000|0.000000
1230|54|0|0|0|4000|0|0.000000|0.000000|0.000000|0.000000
1229|47|0|0|0|4000|1|0.000000|0.000000|0.000000|0.000000
1228|31|0|0|0|4000|0|0.000000|0.000000|0.000000|0.000000
1227|30|0|0|0|4000|1|0.000000|0.000000|0.000000|0.000000
1226|30|0|0|32|4000|1|0.000000|0.000000|0.000000|0.000000
1225|31|0|0|0|4000|0|0.000000|0.000000|0.000000|0.000000
1224|30|0|0|0|4000|1|0.000000|0.000000|0.000000|0.000000
1223|30|0|0|32|4000|1|0.000000|0.000000|0.000000|0.000000
1221|31|0|0|0|40000|0|0.000000|0.000000|0.000000|0.000000
1220|11|1|0|32|40000|1|5.500000|8.248022|2.871937|1540000.000000
1219|30|0|0|32|40000|1|0.000000|0.000000|0.000000|0.000000
1217|31|0|0|0|40000|0|0.000000|0.000000|0.000000|0.000000
1216|31|0|0|0|40000|0|0.000000|0.000000|0.000000|0.000000
1215|32|0|0|0|40000|1|0.000000|0.000000|0.000000|0.000000
1214|30|0|0|0|40000|2|0.000000|0.000000|0.000000|0.000000
1213|30|0|0|32|40000|1|0.000000|0.000000|0.000000|0.000000
1212|31|0|0|0|40000|0|0.000000|0.000000|0.000000|0.000000
1211|32|0|0|0|40000|1|0.000000|0.000000|0.000000|0.000000
1210|30|0|0|0|40000|2|0.000000|0.000000|0.000000|0.000000
1209|31|0|0|0|40000|0|0.000000|0.000000|0.000000|0.000000
1208|31|0|0|0|40000|0|0.000000|0.000000|0.000000|0.000000
1207|32|0|0|0|40000|1|0.000000|0.000000|0.000000|0.000000
1206|30|0|0|0|40000|2|0.000000|0.000000|0.000000|0.000000
1205|30|0|0|32|40000|1|0.000000|0.000000|0.000000|0.000000
1204|31|0|0|0|40000|0|0.000000|0.000000|0.000000|0.000000
1203|32|0|0|0|40000|1|0.000000|0.000000|0.000000|0.000000
1202|30|0|0|0|40000|2|0.000000|0.000000|0.000000|0.000000
1200|51|0|0|1|44000|1|0.000000|0.000000|0.000000|0.000000
1199|30|0|0|32|44000|1|0.000000|0.000000|0.000000|0.000000
1197|31|0|0|0|4000|0|0.000000|0.000000|0.000000|0.000000
1195|31|0|0|0|4000|0|0.000000|0.000000|0.000000|0.000000
1194|32|0|0|0|4000|1|0.000000|0.000000|0.000000|0.000000
1193|30|0|0|0|4000|1|0.000000|0.000000|0.000000|0.000000
1192|31|0|0|0|4000|0|0.000000|0.000000|0.000000|0.000000
1191|32|0|0|0|4000|1|0.000000|0.000000|0.000000|0.000000
1190|30|0|0|0|4000|1|0.000000|0.000000|0.000000|0.000000
1189|31|0|0|0|4000|0|0.000000|0.000000|0.000000|0.000000
1188|36|0|0|32|4000|1|0.000000|0.000000|0.000000|0.000000
1187|25|1|0|64|4000|1|-196.180250|5765250.659115|2401.093638|23240058083.000000
1186|30|0|0|64|4000|1|0.000000|0.000000|0.000000|0.000000
1185|31|0|0|0|4000|0|0.000000|0.000000|0.000000|0.000000
1184|36|0|0|32|4000|1|0.000000|0.000000|0.000000|0.000000
1183|25|1|0|64|4000|1|-210.064250|5742428.195164|2396.336411|23171217717.000000
1182|30|0|0|64|4000|1|0.000000|0.000000|0.000000|0.000000
1181|31|0|0|0|4000|0|0.000000|0.000000|0.000000|0.000000
1180|11|1|0|64|4000|1|-3205955.244000|1547600706559632.750000|39339556.511985|6238255417574668288.000000
1179|30|0|0|64|4000|1|0.000000|0.000000|0.000000|0.000000
1178|15|1|0|64|4000|1|-2345.547000|830068301.473395|28810.905947|3345754618224.000000
1177|38|0|0|64|4000|1|0.000000|0.000000|0.000000|0.000000
1176|30|0|0|32|4000|1|0.000000|0.000000|0.000000|0.000000
1175|31|0|0|0|4000|0|0.000000|0.000000|0.000000|0.000000
1174|32|0|0|0|4000|1|0.000000|0.000000|0.000000|0.000000
1173|30|0|0|0|4000|2|0.000000|0.000000|0.000000|0.000000
1172|38|0|0|64|4000|1|0.000000|0.000000|0.000000|0.000000
1171|30|0|0|32|4000|1|0.000000|0.000000|0.000000|0.000000
1170|30|0|0|0|4000|1|0.000000|0.000000|0.000000|0.000000
1169|31|0|0|0|4000|0|0.000000|0.000000|0.000000|0.000000
1168|11|1|0|64|4000|1|-3433510.261000|1541479298108481.500000|39261677.219758|6219783243458335744.000000
1167|30|0|0|64|4000|1|0.000000|0.000000|0.000000|0.000000
1166|15|1|0|64|4000|1|9200.565000|11115460206.449568|105429.882891|44847112643696.000000
1165|38|0|0|64|4000|1|0.000000|0.000000|0.000000|0.000000
1164|30|0|0|32|4000|1|0.000000|0.000000|0.000000|0.000000
1163|31|0|0|0|4000|0|0.000000|0.000000|0.000000|0.000000
1162|32|0|0|0|4000|1|0.000000|0.000000|0.000000|0.000000
1161|30|0|0|0|4000|2|0.000000|0.000000|0.000000|0.000000
1160|38|0|0|64|4000|1|0.000000|0.000000|0.000000|0.000000
1159|30|0|0|32|4000|1|0.000000|0.000000|0.000000|0.000000
1158|30|0|0|0|4000|1|0.000000|0.000000|0.000000|0.000000
1156|31|0|0|0|40000|0|0.000000|0.000000|0.000000|0.000000
1155|11|1|0|32|40000|1|5.500000|8.248022|2.871937|1540000.000000
1154|30|0|0|32|40000|1|0.000000|0.000000|0.000000|0.000000
1152|31|0|0|0|40000|0|0.000000|0.000000|0.000000|0.000000
1151|11|1|0|64|40000|1|-1843843.210800|901581020217871.125000|30026338.774780|36203163996654186496.000000
1150|30|0|0|64|40000|1|0.000000|0.000000|0.000000|0.000000
1149|15|1|0|64|40000|1|-321221.805500|155824554926198.812500|12482970.597025|6237799257632596992.000000
1148|38|0|0|64|40000|1|0.000000|0.000000|0.000000|0.000000
1147|30|0|0|32|40000|1|0.000000|0.000000|0.000000|0.000000
1146|31|0|0|0|40000|0|0.000000|0.000000|0.000000|0.000000
1145|32|0|0|0|40000|1|0.000000|0.000000|0.000000|0.000000
1144|30|0|0|0|40000|2|0.000000|0.000000|0.000000|0.000000
1143|38|0|0|64|40000|1|0.000000|0.000000|0.000000|0.000000
1142|30|0|0|32|40000|1|0.000000|0.000000|0.000000|0.000000
1141|31|0|0|0|40000|0|0.000000|0.000000|0.000000|0.000000
1140|32|0|0|0|40000|1|0.000000|0.000000|0.000000|0.000000
1139|30|0|0|0|40000|2|0.000000|0.000000|0.000000|0.000000
1138|31|0|0|0|40000|0|0.000000|0.000000|0.000000|0.000000
1137|11|1|0|64|40000|1|-1802910.099500|804893580642350.125000|28370646.461481|32329304373628100608.000000
1136|30|0|0|64|40000|1|0.000000|0.000000|0.000000|0.000000
1135|15|1|0|64|40000|1|-344019.165400|155347453055595.093750|12463845.837285|6219314830987031552.000000
1134|38|0|0|64|40000|1|0.000000|0.000000|0.000000|0.000000
1133|30|0|0|32|40000|1|0.000000|0.000000|0.000000|0.000000
1132|31|0|0|0|40000|0|0.000000|0.000000|0.000000|0.000000
1131|32|0|0|0|40000|1|0.000000|0.000000|0.000000|0.000000
1130|30|0|0|0|40000|2|0.000000|0.000000|0.000000|0.000000
1129|38|0|0|64|40000|1|0.000000|0.000000|0.000000|0.000000
1128|30|0|0|32|40000|1|0.000000|0.000000|0.000000|0.000000
1127|31|0|0|0|40000|0|0.000000|0.000000|0.000000|0.000000
1126|32|0|0|0|40000|1|0.000000|0.000000|0.000000|0.000000
1125|30|0|0|0|40000|2|0.000000|0.000000|0.000000|0.000000
1123|51|0|0|1|44000|1|0.000000|0.000000|0.000000|0.000000
1122|30|0|0|32|44000|1|0.000000|0.000000|0.000000|0.000000
1120|31|0|0|0|4000|0|0.000000|0.000000|0.000000|0.000000
1118|31|0|0|0|4000|0|0.000000|0.000000|0.000000|0.000000
1117|15|1|0|64|4000|1|8608.358000|11158935857.339550|105635.864446|44982945677472.000000
1116|38|0|0|64|4000|1|0.000000|0.000000|0.000000|0.000000
1115|30|0|0|32|4000|1|0.000000|0.000000|0.000000|0.000000
1114|31|0|0|0|4000|0|0.000000|0.000000|0.000000|0.000000
1113|32|0|0|0|4000|1|0.000000|0.000000|0.000000|0.000000
1112|30|0|0|0|4000|2|0.000000|0.000000|0.000000|0.000000
1111|38|0|0|64|4000|1|0.000000|0.000000|0.000000|0.000000
1110|30|0|0|32|4000|1|0.000000|0.000000|0.000000|0.000000
1109|31|0|0|0|4000|0|0.000000|0.000000|0.000000|0.000000
1108|15|1|0|64|4000|1|-2519.172000|826780586.165674|28753.792553|3336286191840.000000
1107|38|0|0|64|4000|1|0.000000|0.000000|0.000000|0.000000
1106|30|0|0|32|4000|1|0.000000|0.000000|0.000000|0.000000
1105|31|0|0|0|4000|0|0.000000|0.000000|0.000000|0.000000
1104|32|0|0|0|4000|1|0.000000|0.000000|0.000000|0.000000
1103|30|0|0|0|4000|2|0.000000|0.000000|0.000000|0.000000
1102|38|0|0|64|4000|1|0.000000|0.000000|0.000000|0.000000
1101|30|0|0|32|4000|1|0.000000|0.000000|0.000000|0.000000
1100|31|0|0|0|4000|0|0.000000|0.000000|0.000000|0.000000
1099|31|0|0|0|4000|0|0.000000|0.000000|0.000000|0.000000
1098|31|0|0|0|4000|0|0.000000|0.000000|0.000000|0.000000
1097|31|0|0|0|4000|0|0.000000|0.000000|0.000000|0.000000
1096|11|1|0|32|4000|1|-195.644500|5763913.149452|2400.815101|23234992602.000000
1095|30|0|0|32|4000|1|0.000000|0.000000|0.000000|0.000000
1094|30|0|0|32|4000|1|0.000000|0.000000|0.000000|0.000000
1093|31|0|0|0|4000|0|0.000000|0.000000|0.000000|0.000000
1092|13|1|0|32|4000|1|-209.931000|5741531.848373|2396.149379|23168654110.000000
1091|30|0|0|32|4000|1|0.000000|0.000000|0.000000|0.000000
1090|30|0|0|32|4000|1|0.000000|0.000000|0.000000|0.000000
1089|31|0|0|0|4000|0|0.000000|0.000000|0.000000|0.000000
1088|30|0|0|32|4000|1|0.000000|0.000000|0.000000|0.000000
1087|31|0|0|0|4000|0|0.000000|0.000000|0.000000|0.000000
1086|30|0|0|32|4000|1|0.000000|0.000000|0.000000|0.000000
1085|31|0|0|0|4000|0|0.000000|0.000000|0.000000|0.000000
1084|30|0|0|32|4000|1|0.000000|0.000000|0.000000|0.000000
1083|31|0|0|0|4000|0|0.000000|0.000000|0.000000|0.000000
1082|30|0|0|32|4000|1|0.000000|0.000000|0.000000|0.000000
1081|31|0|0|0|4000|0|0.000000|0.000000|0.000000|0.000000
1080|11|1|0|32|4000|1|7.143250|970927.507281|985.356538|3885200725.000000
1079|30|0|0|32|4000|1|0.000000|0.000000|0.000000|0.000000
1078|30|0|0|32|4000|1|0.000000|0.000000|0.000000|0.000000
1077|31|0|0|0|4000|0|0.000000|0.000000|0.000000|0.000000
1076|54|0|0|32|4000|1|0.000000|0.000000|0.000000|0.000000
1075|30|0|0|32|4000|1|0.000000|0.000000|0.000000|0.000000
1074|30|0|0|32|4000|1|0.000000|0.000000|0.000000|0.000000
1073|30|0|0|32|4000|1|0.000000|0.000000|0.000000|0.000000
1072|30|0|0|32|4000|1|0.000000|0.000000|0.000000|0.000000
1071|31|0|0|0|4000|0|0.000000|0.000000|0.000000|0.000000
1070|54|0|0|32|4000|1|0.000000|0.000000|0.000000|0.000000
1069|30|0|0|32|4000|1|0.000000|0.000000|0.000000|0.000000
1068|30|0|0|32|4000|1|0.000000|0.000000|0.000000|0.000000
1067|30|0|0|32|4000|1|0.000000|0.000000|0.000000|0.000000
1066|30|0|0|32|4000|1|0.000000|0.000000|0.000000|0.000000
1065|30|0|0|32|4000|1|0.000000|0.000000|0.000000|0.000000
1064|54|0|0|0|4000|0|0.000000|0.000000|0.000000|0.000000
1063|30|0|0|32|4000|1|0.000000|0.000000|0.000000|0.000000
1062|31|0|0|0|4000|0|0.000000|0.000000|0.000000|0.000000
1061|11|1|0|32|4000|1|8.895250|951833.484348|975.619539|3808908801.000000
1060|30|0|0|32|4000|1|0.000000|0.000000|0.000000|0.000000
1059|30|0|0|32|4000|1|0.000000|0.000000|0.000000|0.000000
1058|31|0|0|0|4000|0|0.000000|0.000000|0.000000|0.000000
1057|54|0|0|32|4000|1|0.000000|0.000000|0.000000|0.000000
1056|30|0|0|32|4000|1|0.000000|0.000000|0.000000|0.000000
1055|31|0|0|0|4000|0|0.000000|0.000000|0.000000|0.000000
1054|54|0|0|32|4000|1|0.000000|0.000000|0.000000|0.000000
1053|30|0|0|32|4000|1|0.000000|0.000000|0.000000|0.000000
1052|30|0|0|32|4000|1|0.000000|0.000000|0.000000|0.000000
1051|31|0|0|0|4000|0|0.000000|0.000000|0.000000|0.000000
1050|36|0|0|32|4000|1|0.000000|0.000000|0.000000|0.000000
1049|25|1|0|64|4000|1|14.516500|866969.360508|931.111895|3469870332.000000
1048|15|1|0|64|4000|1|491757.376000|930852631640775.875000|30509877.607765|3725612558064123904.000000
1047|38|0|0|64|4000|1|0.000000|0.000000|0.000000|0.000000
1046|30|0|0|32|4000|1|0.000000|0.000000|0.000000|0.000000
1045|32|0|0|0|4000|1|0.000000|0.000000|0.000000|0.000000
1044|38|0|0|64|4000|1|0.000000|0.000000|0.000000|0.000000
1043|30|0|0|32|4000|1|0.000000|0.000000|0.000000|0.000000
1042|38|0|0|64|4000|1|0.000000|0.000000|0.000000|0.000000
1041|30|0|0|32|4000|1|0.000000|0.000000|0.000000|0.000000
1040|31|0|0|0|4000|0|0.000000|0.000000|0.000000|0.000000
1039|11|1|0|32|4000|1|-7.373250|95402.931180|308.873649|381953291.000000
1038|30|0|0|32|4000|1|0.000000|0.000000|0.000000|0.000000
1037|30|0|0|32|4000|1|0.000000|0.000000|0.000000|0.000000
1036|31|0|0|0|4000|0|0.000000|0.000000|0.000000|0.000000
1035|54|0|0|32|4000|1|0.000000|0.000000|0.000000|0.000000
1034|30|0|0|32|4000|1|0.000000|0.000000|0.000000|0.000000
1033|30|0|0|32|4000|1|0.000000|0.000000|0.000000|0.000000
1032|30|0|0|32|4000|1|0.000000|0.000000|0.000000|0.000000
1031|30|0|0|32|4000|1|0.000000|0.000000|0.000000|0.000000
1030|31|0|0|0|4000|0|0.000000|0.000000|0.000000|0.000000
1029|54|0|0|32|4000|1|0.000000|0.000000|0.000000|0.000000
1028|31|0|0|0|4000|0|0.000000|0.000000|0.000000|0.000000
1027|30|0|0|32|4000|1|0.000000|0.000000|0.000000|0.000000
1026|31|0|0|0|4000|0|0.000000|0.000000|0.000000|0.000000
1025|30|0|0|32|4000|1|0.000000|0.000000|0.000000|0.000000
1024|31|0|0|0|4000|0|0.000000|0.000000|0.000000|0.000000
1023|30|0|0|32|4000|1|0.000000|0.000000|0.000000|0.000000
1022|31|0|0|0|4000|0|0.000000|0.000000|0.000000|0.000000
1021|30|0|0|32|4000|1|0.000000|0.000000|0.000000|0.000000
1020|31|0|0|0|4000|0|0.000000|0.000000|0.000000|0.000000
1019|11|1|0|32|4000|1|0.809500|6312268.393889|2512.422814|25308553634.000000
1018|30|0|0|32|4000|1|0.000000|0.000000|0.000000|0.000000
1017|30|0|0|32|4000|1|0.000000|0.000000|0.000000|0.000000
1016|31|0|0|0|4000|0|0.000000|0.000000|0.000000|0.000000
1015|54|0|0|32|4000|1|0.000000|0.000000|0.000000|0.000000
1014|30|0|0|32|4000|1|0.000000|0.000000|0.000000|0.000000
1013|30|0|0|32|4000|1|0.000000|0.000000|0.000000|0.000000
1012|30|0|0|32|4000|1|0.000000|0.000000|0.000000|0.000000
1011|30|0|0|32|4000|1|0.000000|0.000000|0.000000|0.000000
1010|31|0|0|0|4000|0|0.000000|0.000000|0.000000|0.000000
1009|54|0|0|32|4000|1|0.000000|0.000000|0.000000|0.000000
1008|30|0|0|32|4000|1|0.000000|0.000000|0.000000|0.000000
1007|30|0|0|32|4000|1|0.000000|0.000000|0.000000|0.000000
1006|30|0|0|32|4000|1|0.000000|0.000000|0.000000|0.000000
1005|30|0|0|32|4000|1|0.000000|0.000000|0.000000|0.000000
1004|30|0|0|32|4000|1|0.000000|0.000000|0.000000|0.000000
1003|54|0|0|0|4000|0|0.000000|0.000000|0.000000|0.000000
1002|30|0|0|32|4000|1|0.000000|0.000000|0.000000|0.000000
1001|31|0|0|0|4000|0|0.000000|0.000000|0.000000|0.000000
1000|11|1|0|32|4000|1|9.140000|2197015.070538|1482.233136|8822520682.000000
999|30|0|0|32|4000|1|0.000000|0.000000|0.000000|0.000000
998|30|0|0|32|4000|1|0.000000|0.000000|0.000000|0.000000
997|31|0|0|0|4000|0|0.000000|0.000000|0.000000|0.000000
996|54|0|0|32|4000|1|0.000000|0.000000|0.000000|0.000000
995|30|0|0|32|4000|1|0.000000|0.000000|0.000000|0.000000
994|31|0|0|0|4000|0|0.000000|0.000000|0.000000|0.000000
993|54|0|0|32|4000|1|0.000000|0.000000|0.000000|0.000000
992|30|0|0|32|4000|1|0.000000|0.000000|0.000000|0.000000
991|30|0|0|32|4000|1|0.000000|0.000000|0.000000|0.000000
990|31|0|0|0|4000|0|0.000000|0.000000|0.000000|0.000000
989|11|1|0|32|4000|1|-202.787750|4781794.991631|2186.731577|19316622631.000000
988|30|0|0|32|4000|1|0.000000|0.000000|0.000000|0.000000
987|30|0|0|32|4000|1|0.000000|0.000000|0.000000|0.000000
986|31|0|0|0|4000|0|0.000000|0.000000|0.000000|0.000000
985|36|0|0|32|4000|1|0.000000|0.000000|0.000000|0.000000
984|25|1|0|64|4000|1|-199.647000|12412.227866|111.410178|209250346.000000
983|15|1|0|64|4000|1|-6527010.880000|13338545363228.611328|3652197.333555|223939954443878400.000000
982|38|0|0|64|4000|1|0.000000|0.000000|0.000000|0.000000
981|30|0|0|32|4000|1|0.000000|0.000000|0.000000|0.000000
980|32|0|0|0|4000|1|0.000000|0.000000|0.000000|0.000000
979|38|0|0|64|4000|1|0.000000|0.000000|0.000000|0.000000
978|30|0|0|32|4000|1|0.000000|0.000000|0.000000|0.000000
977|38|0|0|64|4000|1|0.000000|0.000000|0.000000|0.000000
976|30|0|0|32|4000|1|0.000000|0.000000|0.000000|0.000000
975|31|0|0|0|4000|0|0.000000|0.000000|0.000000|0.000000
974|36|0|0|32|4000|1|0.000000|0.000000|0.000000|0.000000
973|25|1|0|64|4000|1|3.950250|870864.915260|933.201433|3507252135.000000
972|15|1|0|64|4000|1|143236.544000|935085036120234.875000|30579160.160479|3765902429370155008.000000
971|38|0|0|64|4000|1|0.000000|0.000000|0.000000|0.000000
970|30|0|0|32|4000|1|0.000000|0.000000|0.000000|0.000000
969|32|0|0|0|4000|1|0.000000|0.000000|0.000000|0.000000
968|38|0|0|64|4000|1|0.000000|0.000000|0.000000|0.000000
967|25|1|0|32|4000|1|9.738000|15.901186|3.987629|443068.000000
966|30|0|0|32|4000|1|0.000000|0.000000|0.000000|0.000000
965|38|0|0|64|4000|1|0.000000|0.000000|0.000000|0.000000
964|30|0|0|32|4000|1|0.000000|0.000000|0.000000|0.000000
963|31|0|0|0|4000|0|0.000000|0.000000|0.000000|0.000000
962|11|1|0|32|4000|1|-3.140750|4778479.055801|2185.973251|19138817303.000000
961|30|0|0|32|4000|1|0.000000|0.000000|0.000000|0.000000
960|30|0|0|32|4000|1|0.000000|0.000000|0.000000|0.000000
959|31|0|0|0|4000|0|0.000000|0.000000|0.000000|0.000000
958|54|0|0|32|4000|1|0.000000|0.000000|0.000000|0.000000
957|30|0|0|32|4000|1|0.000000|0.000000|0.000000|0.000000
956|30|0|0|32|4000|1|0.000000|0.000000|0.000000|0.000000
955|30|0|0|32|4000|1|0.000000|0.000000|0.000000|0.000000
954|30|0|0|32|4000|1|0.000000|0.000000|0.000000|0.000000
953|31|0|0|0|4000|0|0.000000|0.000000|0.000000|0.000000
952|54|0|0|32|4000|1|0.000000|0.000000|0.000000|0.000000
951|31|0|0|0|4000|0|0.000000|0.000000|0.000000|0.000000
950|25|1|0|32|4000|1|1.671750|1.219791|1.104442|16069.000000
949|30|0|0|32|4000|1|0.000000|0.000000|0.000000|0.000000
948|31|0|0|0|4000|0|0.000000|0.000000|0.000000|0.000000
947|26|1|0|32|4000|1|40.526500|254.167615|15.942635|7588656.000000
946|30|0|0|32|4000|1|0.000000|0.000000|0.000000|0.000000
945|54|0|0|0|4000|0|0.000000|0.000000|0.000000|0.000000
944|47|0|0|0|4000|1|0.000000|0.000000|0.000000|0.000000
943|54|0|0|0|4000|0|0.000000|0.000000|0.000000|0.000000
942|47|0|0|0|4000|1|0.000000|0.000000|0.000000|0.000000
941|54|0|0|0|4000|0|0.000000|0.000000|0.000000|0.000000
940|47|0|0|0|4000|1|0.000000|0.000000|0.000000|0.000000
939|54|0|0|0|4000|0|0.000000|0.000000|0.000000|0.000000
938|47|0|0|0|4000|1|0.000000|0.000000|0.000000|0.000000
937|54|0|0|0|4000|0|0.000000|0.000000|0.000000|0.000000
936|47|0|0|0|4000|1|0.000000|0.000000|0.000000|0.000000
935|54|0|0|0|4000|0|0.000000|0.000000|0.000000|0.000000
934|47|0|0|0|4000|1|0.000000|0.000000|0.000000|0.000000
933|54|0|0|0|4000|0|0.000000|0.000000|0.000000|0.000000
932|47|0|0|0|4000|1|0.000000|0.000000|0.000000|0.000000
931|54|0|0|0|4000|0|0.000000|0.000000|0.000000|0.000000
930|47|0|0|0|4000|1|0.000000|0.000000|0.000000|0.000000
929|31|0|0|0|4000|0|0.000000|0.000000|0.000000|0.000000
928|29|0|0|0|4000|5|0.000000|0.000000|0.000000|0.000000
927|29|0|0|0|4000|10|0.000000|0.000000|0.000000|0.000000
926|29|0|0|0|4000|5|0.000000|0.000000|0.000000|0.000000
925|29|0|0|0|4000|10|0.000000|0.000000|0.000000|0.000000
924|29|0|0|0|4000|15|0.000000|0.000000|0.000000|0.000000
923|29|0|0|0|4000|8|0.000000|0.000000|0.000000|0.000000
922|29|0|0|0|4000|8|0.000000|0.000000|0.000000|0.000000
921|29|0|0|0|4000|10|0.000000|0.000000|0.000000|0.000000
920|29|0|0|0|4000|3|0.000000|0.000000|0.000000|0.000000
1426|30|0|0|32|4000|1|0.000000|0.000000|0.000000|0.000000
1425|32|0|0|0|4000|1|0.000000|0.000000|0.000000|0.000000
1424|38|0|0|64|4000|1|0.000000|0.000000|0.000000|0.000000
1423|18|1|0|32|4000|1|1999.500000|1332833.375000|1154.484030|21325334000.000000
1422|30|0|0|32|4000|1|0.000000|0.000000|0.000000|0.000000
1421|30|0|0|0|4000|1|0.000000|0.000000|0.000000|0.000000
1419|51|0|0|1|4001|1|0.000000|0.000000|0.000000|0.000000
1418|30|0|0|32|4001|1|0.000000|0.000000|0.000000|0.000000
1416|31|0|0|0|1|0|0.000000|0.000000|0.000000|0.000000
914|31|0|0|0|218|0|0.000000|0.000000|0.000000|0.000000
867|31|0|0|0|68|0|0.000000|0.000000|0.000000|0.000000
866|30|0|0|32|68|1|0.000000|0.000000|0.000000|0.000000
810|31|0|0|0|1212|0|0.000000|0.000000|0.000000|0.000000
567|31|0|0|0|110|0|0.000000|0.000000|0.000000|0.000000
792|31|0|0|0|6468|0|0.000000|0.000000|0.000000|0.000000
791|13|1|0|64|6468|1|-121.249536|70323.024320|265.184887|550326778.000000
790|30|0|0|64|6468|1|0.000000|0.000000|0.000000|0.000000
857|31|0|0|0|7184|0|0.000000|0.000000|0.000000|0.000000
856|13|1|0|32|7184|1|2756.611637|61289750.812823|7828.777096|495255237146.000000
855|36|0|0|32|7184|1|0.000000|0.000000|0.000000|0.000000
854|30|0|0|64|7184|1|0.000000|0.000000|0.000000|0.000000
675|31|0|0|0|41662|0|0.000000|0.000000|0.000000|0.000000
526|31|0|0|0|1989|0|0.000000|0.000000|0.000000|0.000000
525|30|0|0|32|1989|1|0.000000|0.000000|0.000000|0.000000
524|32|0|0|0|1989|1|0.000000|0.000000|0.000000|0.000000
523|38|0|0|64|1989|1|0.000000|0.000000|0.000000|0.000000
522|30|0|0|32|1989|1|0.000000|0.000000|0.000000|0.000000
300|31|0|0|0|1411|0|0.000000|0.000000|0.000000|0.000000
299|11|1|0|32|1411|1|1.031892|0.993823|0.996907|2912.000000
298|30|0|0|32|1411|1|0.000000|0.000000|0.000000|0.000000
30|31|0|0|0|3940|0|0.000000|0.000000|0.000000|0.000000
29|13|1|0|32|3940|1|580.229949|636207.112629|797.625923|3854741230.000000
28|30|0|0|32|3940|1|0.000000|0.000000|0.000000|0.000000
285|31|0|0|0|1951|0|0.000000|0.000000|0.000000|0.000000
698|31|0|0|0|90276|0|0.000000|0.000000|0.000000|0.000000
697|11|1|0|32|90276|1|3.500000|2.916318|1.707723|1369186.000000
696|30|0|0|32|90276|1|0.000000|0.000000|0.000000|0.000000
694|31|0|0|0|90276|0|0.000000|0.000000|0.000000|0.000000
693|32|0|0|0|90276|1|0.000000|0.000000|0.000000|0.000000
692|38|0|0|64|90276|1|0.000000|0.000000|0.000000|0.000000
691|30|0|0|32|90276|1|0.000000|0.000000|0.000000|0.000000
690|30|0|0|0|90276|1|0.000000|0.000000|0.000000|0.000000
689|11|1|0|32|90276|1|1977.266339|12846543.181640|3584.207469|1512735569028.000000
688|30|0|0|32|90276|1|0.000000|0.000000|0.000000|0.000000
687|30|0|0|32|90276|1|0.000000|0.000000|0.000000|0.000000
686|31|0|0|0|90276|0|0.000000|0.000000|0.000000|0.000000
685|36|0|0|32|90276|1|0.000000|0.000000|0.000000|0.000000
684|25|1|0|64|90276|1|1967.409278|12734425.830706|3568.532728|1499103164548.000000
683|15|1|0|64|90276|1|503783.848199|834562767045.386963|913544.069569|98256731054648192.000000
682|38|0|0|64|90276|1|0.000000|0.000000|0.000000|0.000000
681|30|0|0|32|90276|1|0.000000|0.000000|0.000000|0.000000
680|32|0|0|0|90276|1|0.000000|0.000000|0.000000|0.000000
679|38|0|0|64|90276|1|0.000000|0.000000|0.000000|0.000000
678|30|0|0|32|90276|1|0.000000|0.000000|0.000000|0.000000
677|30|0|0|0|90276|1|0.000000|0.000000|0.000000|0.000000
673|31|0|0|0|48614|0|0.000000|0.000000|0.000000|0.000000
671|51|0|0|1|90276|1|0.000000|0.000000|0.000000|0.000000
670|15|1|0|64|90276|1|49649.270260|2743803455028.296875|1656443.012913|248002594293104704.000000
669|38|0|0|64|90276|1|0.000000|0.000000|0.000000|0.000000
668|30|0|0|32|90276|1|0.000000|0.000000|0.000000|0.000000
667|32|0|0|0|90276|1|0.000000|0.000000|0.000000|0.000000
666|38|0|0|64|90276|1|0.000000|0.000000|0.000000|0.000000
665|30|0|0|32|90276|1|0.000000|0.000000|0.000000|0.000000
664|30|0|0|0|90276|1|0.000000|0.000000|0.000000|0.000000
663|38|0|0|64|90276|1|0.000000|0.000000|0.000000|0.000000
662|30|0|0|32|90276|1|0.000000|0.000000|0.000000|0.000000
660|51|0|0|1|105322|1|0.000000|0.000000|0.000000|0.000000
659|30|0|0|32|105322|1|0.000000|0.000000|0.000000|0.000000
657|31|0|0|0|15046|0|0.000000|0.000000|0.000000|0.000000
511|31|0|0|0|32867|0|0.000000|0.000000|0.000000|0.000000
510|11|1|0|32|32867|1|6.539599|21.847707|4.674153|2124017.000000
509|30|0|0|32|32867|1|0.000000|0.000000|0.000000|0.000000
1413|31|0|0|0|4000|0|0.000000|0.000000|0.000000|0.000000
1412|11|1|0|32|4000|1|4001.000000|5331333.500000|2308.968060|85365336000.000000
1411|30|0|0|32|4000|1|0.000000|0.000000|0.000000|0.000000
1409|31|0|0|0|4000|0|0.000000|0.000000|0.000000|0.000000
1408|32|0|0|0|4000|1|0.000000|0.000000|0.000000|0.000000
1407|38|0|0|64|4000|1|0.000000|0.000000|0.000000|0.000000
1406|18|1|0|32|4000|1|1999.500000|1332833.375000|1154.484030|21325334000.000000
1405|30|0|0|32|4000|1|0.000000|0.000000|0.000000|0.000000
1404|30|0|0|0|4000|1|0.000000|0.000000|0.000000|0.000000
1403|54|0|0|32|4000|1|0.000000|0.000000|0.000000|0.000000
368|54|0|0|0|4000|0|0.000000|0.000000|0.000000|0.000000
367|47|0|0|0|4000|1|0.000000|0.000000|0.000000|0.000000
366|54|0|0|0|4000|0|0.000000|0.000000|0.000000|0.000000
365|47|0|0|0|4000|1|0.000000|0.000000|0.000000|0.000000
364|54|0|0|0|4000|0|0.000000|0.000000|0.000000|0.000000
363|47|0|0|0|4000|1|0.000000|0.000000|0.000000|0.000000
362|54|0|0|0|4000|0|0.000000|0.000000|0.000000|0.000000
361|47|0|0|0|4000|1|0.000000|0.000000|0.000000|0.000000
360|54|0|0|0|4000|0|0.000000|0.000000|0.000000|0.000000
359|47|0|0|0|4000|1|0.000000|0.000000|0.000000|0.000000
358|54|0|0|0|4000|0|0.000000|0.000000|0.000000|0.000000
357|47|0|0|0|4000|1|0.000000|0.000000|0.000000|0.000000
356|54|0|0|0|4000|0|0.000000|0.000000|0.000000|0.000000
355|47|0|0|0|4000|1|0.000000|0.000000|0.000000|0.000000
354|27|1|0|32|4000|1|147.518500|5255.496372|72.494802|108116016.000000
353|23|1|0|32|4000|1|106.992000|4996.265668|70.684267|65818624.000000
352|30|0|0|32|4000|1|0.000000|0.000000|0.000000|0.000000
351|30|0|0|32|4000|1|0.000000|0.000000|0.000000|0.000000
350|31|0|0|0|4000|0|0.000000|0.000000|0.000000|0.000000
349|30|0|0|32|4000|1|0.000000|0.000000|0.000000|0.000000
348|31|0|0|0|4000|0|0.000000|0.000000|0.000000|0.000000
347|30|0|0|32|4000|1|0.000000|0.000000|0.000000|0.000000
346|31|0|0|0|4000|0|0.000000|0.000000|0.000000|0.000000
345|30|0|0|32|4000|1|0.000000|0.000000|0.000000|0.000000
344|31|0|0|0|4000|0|0.000000|0.000000|0.000000|0.000000
343|30|0|0|32|4000|1|0.000000|0.000000|0.000000|0.000000
342|31|0|0|0|4000|0|0.000000|0.000000|0.000000|0.000000
341|11|1|0|32|4000|1|7.143250|970927.507281|985.356538|3885200725.000000
340|30|0|0|32|4000|1|0.000000|0.000000|0.000000|0.000000
339|30|0|0|32|4000|1|0.000000|0.000000|0.000000|0.000000
338|31|0|0|0|4000|0|0.000000|0.000000|0.000000|0.000000
337|54|0|0|32|4000|1|0.000000|0.000000|0.000000|0.000000
336|30|0|0|32|4000|1|0.000000|0.000000|0.000000|0.000000
335|30|0|0|32|4000|1|0.000000|0.000000|0.000000|0.000000
334|30|0|0|32|4000|1|0.000000|0.000000|0.000000|0.000000
333|30|0|0|32|4000|1|0.000000|0.000000|0.000000|0.000000
332|31|0|0|0|4000|0|0.000000|0.000000|0.000000|0.000000
331|54|0|0|32|4000|1|0.000000|0.000000|0.000000|0.000000
330|30|0|0|32|4000|1|0.000000|0.000000|0.000000|0.000000
329|30|0|0|32|4000|1|0.000000|0.000000|0.000000|0.000000
328|30|0|0|32|4000|1|0.000000|0.000000|0.000000|0.000000
327|30|0|0|32|4000|1|0.000000|0.000000|0.000000|0.000000
326|30|0|0|32|4000|1|0.000000|0.000000|0.000000|0.000000
325|54|0|0|0|4000|0|0.000000|0.000000|0.000000|0.000000
324|30|0|0|32|4000|1|0.000000|0.000000|0.000000|0.000000
323|31|0|0|0|4000|0|0.000000|0.000000|0.000000|0.000000
322|11|1|0|32|4000|1|8.895250|951833.484348|975.619539|3808908801.000000
321|30|0|0|32|4000|1|0.000000|0.000000|0.000000|0.000000
320|30|0|0|32|4000|1|0.000000|0.000000|0.000000|0.000000
319|31|0|0|0|4000|0|0.000000|0.000000|0.000000|0.000000
318|54|0|0|32|4000|1|0.000000|0.000000|0.000000|0.000000
317|30|0|0|32|4000|1|0.000000|0.000000|0.000000|0.000000
316|31|0|0|0|4000|0|0.000000|0.000000|0.000000|0.000000
315|54|0|0|32|4000|1|0.000000|0.000000|0.000000|0.000000
918|54|0|0|0|8000|0|0.000000|0.000000|0.000000|0.000000
917|47|0|0|0|8000|1|0.000000|0.000000|0.000000|0.000000
916|30|0|0|32|8000|1|0.000000|0.000000|0.000000|0.000000
912|51|0|0|1|8000|1|0.000000|0.000000|0.000000|0.000000
911|30|0|0|32|8000|1|0.000000|0.000000|0.000000|0.000000
909|31|0|0|0|2|0|0.000000|0.000000|0.000000|0.000000
907|51|0|0|1|8000|1|0.000000|0.000000|0.000000|0.000000
906|30|0|0|32|8000|1|0.000000|0.000000|0.000000|0.000000
905|31|0|0|0|8000|0|0.000000|0.000000|0.000000|0.000000
904|11|1|0|32|8000|1|16547.978000|15023680.268861|3876.039250|2310962403000.000000
903|30|0|0|32|8000|1|0.000000|0.000000|0.000000|0.000000
902|32|0|0|0|8000|1|0.000000|0.000000|0.000000|0.000000
901|38|0|0|64|8000|1|0.000000|0.000000|0.000000|0.000000
900|30|0|0|32|8000|1|0.000000|0.000000|0.000000|0.000000
899|30|0|0|32|8000|1|0.000000|0.000000|0.000000|0.000000
898|31|0|0|0|8000|0|0.000000|0.000000|0.000000|0.000000
897|36|0|0|32|8000|1|0.000000|0.000000|0.000000|0.000000
896|25|1|0|64|8000|1|16404.995000|14745269.680107|3839.956989|2271043426856.000000
895|15|1|0|64|8000|1|2099896.105000|241577894794.499603|491505.742382|37210613205009280.000000
894|38|0|0|64|8000|1|0.000000|0.000000|0.000000|0.000000
893|30|0|0|32|8000|1|0.000000|0.000000|0.000000|0.000000
892|54|0|0|0|8000|0|0.000000|0.000000|0.000000|0.000000
891|47|0|0|0|8000|1|0.000000|0.000000|0.000000|0.000000
890|31|0|0|0|8000|0|0.000000|0.000000|0.000000|0.000000
889|31|0|0|0|8000|0|0.000000|0.000000|0.000000|0.000000
888|29|0|0|0|8000|4|0.000000|0.000000|0.000000|0.000000
887|29|0|0|0|8000|8|0.000000|0.000000|0.000000|0.000000
886|29|0|0|0|8000|2|0.000000|0.000000|0.000000|0.000000
314|30|0|0|32|4000|1|0.000000|0.000000|0.000000|0.000000
313|30|0|0|32|4000|1|0.000000|0.000000|0.000000|0.000000
312|31|0|0|0|4000|0|0.000000|0.000000|0.000000|0.000000
311|36|0|0|32|4000|1|0.000000|0.000000|0.000000|0.000000
310|25|1|0|64|4000|1|14.516500|866969.360508|931.111895|3469870332.000000
309|15|1|0|64|4000|1|491757.376000|930852631640775.875000|30509877.607765|3725612558064123904.000000
308|38|0|0|64|4000|1|0.000000|0.000000|0.000000|0.000000
307|30|0|0|32|4000|1|0.000000|0.000000|0.000000|0.000000
306|32|0|0|0|4000|1|0.000000|0.000000|0.000000|0.000000
305|38|0|0|64|4000|1|0.000000|0.000000|0.000000|0.000000
304|30|0|0|32|4000|1|0.000000|0.000000|0.000000|0.000000
303|38|0|0|64|4000|1|0.000000|0.000000|0.000000|0.000000
302|30|0|0|32|4000|1|0.000000|0.000000|0.000000|0.000000
296|51|0|0|1|4000|1|0.000000|0.000000|0.000000|0.000000
295|30|0|0|32|4000|1|0.000000|0.000000|0.000000|0.000000
294|54|0|0|32|4000|1|0.000000|0.000000|0.000000|0.000000
293|30|0|0|32|4000|1|0.000000|0.000000|0.000000|0.000000
292|31|0|0|0|4000|0|0.000000|0.000000|0.000000|0.000000
291|36|0|0|32|4000|1|0.000000|0.000000|0.000000|0.000000
290|25|1|0|64|4000|1|612.606000|456396.874992|675.571517|3327332226.000000
289|15|1|0|64|4000|1|2511397.248000|7657418584907.191406|2767204.109730|55868210895403008.000000
288|38|0|0|64|4000|1|0.000000|0.000000|0.000000|0.000000
287|30|0|0|32|4000|1|0.000000|0.000000|0.000000|0.000000
283|31|0|0|0|2049|0|0.000000|0.000000|0.000000|0.000000
281|51|0|0|1|4000|1|0.000000|0.000000|0.000000|0.000000
280|30|0|0|32|4000|1|0.000000|0.000000|0.000000|0.000000
279|31|0|0|0|4000|0|0.000000|0.000000|0.000000|0.000000
278|13|1|0|32|4000|1|20.208750|1047176.844110|1023.316590|4192656361.000000
277|30|0|0|32|4000|1|0.000000|0.000000|0.000000|0.000000
276|30|0|0|32|4000|1|0.000000|0.000000|0.000000|0.000000
275|31|0|0|0|4000|0|0.000000|0.000000|0.000000|0.000000
274|11|1|0|32|4000|1|-7.373250|95402.931180|308.873649|381953291.000000
273|30|0|0|32|4000|1|0.000000|0.000000|0.000000|0.000000
272|30|0|0|32|4000|1|0.000000|0.000000|0.000000|0.000000
271|31|0|0|0|4000|0|0.000000|0.000000|0.000000|0.000000
270|54|0|0|32|4000|1|0.000000|0.000000|0.000000|0.000000
269|30|0|0|32|4000|1|0.000000|0.000000|0.000000|0.000000
268|30|0|0|32|4000|1|0.000000|0.000000|0.000000|0.000000
267|30|0|0|32|4000|1|0.000000|0.000000|0.000000|0.000000
266|30|0|0|32|4000|1|0.000000|0.000000|0.000000|0.000000
265|31|0|0|0|4000|0|0.000000|0.000000|0.000000|0.000000
264|54|0|0|32|4000|1|0.000000|0.000000|0.000000|0.000000
263|31|0|0|0|4000|0|0.000000|0.000000|0.000000|0.000000
262|30|0|0|32|4000|1|0.000000|0.000000|0.000000|0.000000
261|31|0|0|0|4000|0|0.000000|0.000000|0.000000|0.000000
260|30|0|0|32|4000|1|0.000000|0.000000|0.000000|0.000000
259|31|0|0|0|4000|0|0.000000|0.000000|0.000000|0.000000
258|30|0|0|32|4000|1|0.000000|0.000000|0.000000|0.000000
257|31|0|0|0|4000|0|0.000000|0.000000|0.000000|0.000000
256|30|0|0|32|4000|1|0.000000|0.000000|0.000000|0.000000
255|31|0|0|0|4000|0|0.000000|0.000000|0.000000|0.000000
254|11|1|0|32|4000|1|0.809500|6312268.393889|2512.422814|25308553634.000000
253|30|0|0|32|4000|1|0.000000|0.000000|0.000000|0.000000
252|30|0|0|32|4000|1|0.000000|0.000000|0.000000|0.000000
251|31|0|0|0|4000|0|0.000000|0.000000|0.000000|0.000000
250|54|0|0|32|4000|1|0.000000|0.000000|0.000000|0.000000
884|54|0|0|0|16000|0|0.000000|0.000000|0.000000|0.000000
883|47|0|0|0|16000|1|0.000000|0.000000|0.000000|0.000000
882|54|0|0|0|16000|0|0.000000|0.000000|0.000000|0.000000
881|47|0|0|0|16000|1|0.000000|0.000000|0.000000|0.000000
880|54|0|0|0|16000|0|0.000000|0.000000|0.000000|0.000000
879|47|0|0|0|16000|1|0.000000|0.000000|0.000000|0.000000
878|30|0|0|32|16000|1|0.000000|0.000000|0.000000|0.000000
872|51|0|0|1|16000|1|0.000000|0.000000|0.000000|0.000000
871|13|1|0|32|16000|1|-17112.150625|29536157.566052|5434.717800|5157908603802.000000
870|30|0|0|32|16000|1|0.000000|0.000000|0.000000|0.000000
869|30|0|0|32|16000|1|0.000000|0.000000|0.000000|0.000000
864|51|0|0|1|16000|1|0.000000|0.000000|0.000000|0.000000
863|30|0|0|32|16000|1|0.000000|0.000000|0.000000|0.000000
862|30|0|0|32|16000|1|0.000000|0.000000|0.000000|0.000000
861|31|0|0|0|16000|0|0.000000|0.000000|0.000000|0.000000
860|13|1|0|32|16000|1|17112.150625|29536157.566052|5434.717800|5157908603802.000000
859|30|0|0|32|16000|1|0.000000|0.000000|0.000000|0.000000
852|31|0|0|0|8816|0|0.000000|0.000000|0.000000|0.000000
851|11|1|0|32|8816|1|6292.892695|84504256.014148|9192.619649|1094534103118.000000
850|36|0|0|32|8816|1|0.000000|0.000000|0.000000|0.000000
849|30|0|0|64|8816|1|0.000000|0.000000|0.000000|0.000000
847|51|0|0|1|16000|1|0.000000|0.000000|0.000000|0.000000
846|15|1|0|64|16000|1|572813.327375|9892696232079.664062|3145265.685452|163759604948639840.000000
845|38|0|0|64|16000|1|0.000000|0.000000|0.000000|0.000000
844|30|0|0|32|16000|1|0.000000|0.000000|0.000000|0.000000
843|38|0|0|64|16000|1|0.000000|0.000000|0.000000|0.000000
842|30|0|0|32|16000|1|0.000000|0.000000|0.000000|0.000000
841|31|0|0|0|16000|0|0.000000|0.000000|0.000000|0.000000
840|25|1|0|64|16000|1|4685.518500|76562098.144546|8749.977037|1576680100968.000000
839|15|1|0|64|16000|1|1199619.195000|5017578057610.570312|2239995.102140|103334231664880272.000000
838|38|0|0|64|16000|1|0.000000|0.000000|0.000000|0.000000
837|30|0|0|32|16000|1|0.000000|0.000000|0.000000|0.000000
836|54|0|0|0|16000|0|0.000000|0.000000|0.000000|0.000000
835|47|0|0|0|16000|1|0.000000|0.000000|0.000000|0.000000
834|54|0|0|0|16000|0|0.000000|0.000000|0.000000|0.000000
833|47|0|0|0|16000|1|0.000000|0.000000|0.000000|0.000000
832|54|0|0|0|16000|0|0.000000|0.000000|0.000000|0.000000
831|47|0|0|0|16000|1|0.000000|0.000000|0.000000|0.000000
830|31|0|0|0|16000|0|0.000000|0.000000|0.000000|0.000000
829|31|0|0|0|16000|0|0.000000|0.000000|0.000000|0.000000
828|31|0|0|0|16000|0|0.000000|0.000000|0.000000|0.000000
827|31|0|0|0|16000|0|0.000000|0.000000|0.000000|0.000000
826|29|0|0|0|16000|9|0.000000|0.000000|0.000000|0.000000
825|29|0|0|0|16000|7|0.000000|0.000000|0.000000|0.000000
824|29|0|0|0|16000|5|0.000000|0.000000|0.000000|0.000000
823|29|0|0|0|16000|2|0.000000|0.000000|0.000000|0.000000
822|29|0|0|0|16000|2|0.000000|0.000000|0.000000|0.000000
821|29|0|0|0|16000|2|0.000000|0.000000|0.000000|0.000000
820|29|0|0|0|16000|2|0.000000|0.000000|0.000000|0.000000
249|30|0|0|32|4000|1|0.000000|0.000000|0.000000|0.000000
248|30|0|0|32|4000|1|0.000000|0.000000|0.000000|0.000000
247|30|0|0|32|4000|1|0.000000|0.000000|0.000000|0.000000
246|30|0|0|32|4000|1|0.000000|0.000000|0.000000|0.000000
245|31|0|0|0|4000|0|0.000000|0.000000|0.000000|0.000000
244|54|0|0|32|4000|1|0.000000|0.000000|0.000000|0.000000
818|54|0|0|0|16000|0|0.000000|0.000000|0.000000|0.000000
817|47|0|0|0|16000|1|0.000000|0.000000|0.000000|0.000000
816|54|0|0|0|16000|0|0.000000|0.000000|0.000000|0.000000
815|47|0|0|0|16000|1|0.000000|0.000000|0.000000|0.000000
814|54|0|0|0|16000|0|0.000000|0.000000|0.000000|0.000000
813|47|0|0|0|16000|1|0.000000|0.000000|0.000000|0.000000
812|30|0|0|32|16000|1|0.000000|0.000000|0.000000|0.000000
808|51|0|0|1|16000|1|0.000000|0.000000|0.000000|0.000000
807|30|0|0|32|16000|1|0.000000|0.000000|0.000000|0.000000
803|51|0|0|1|16000|1|0.000000|0.000000|0.000000|0.000000
802|30|0|0|32|16000|1|0.000000|0.000000|0.000000|0.000000
801|31|0|0|0|16000|0|0.000000|0.000000|0.000000|0.000000
800|36|0|0|32|16000|1|0.000000|0.000000|0.000000|0.000000
799|11|1|0|64|16000|1|-1779.360500|30119416.075401|5488.115895|532690482404.000000
798|25|1|0|64|16000|1|-1739.468875|29069296.698365|5391.595005|513637673954.000000
797|15|1|0|64|16000|1|-222593.916000|476284722995.847534|690133.844262|8415239670777320.000000
796|38|0|0|64|16000|1|0.000000|0.000000|0.000000|0.000000
795|30|0|0|32|16000|1|0.000000|0.000000|0.000000|0.000000
794|30|0|0|64|16000|1|0.000000|0.000000|0.000000|0.000000
788|31|0|0|0|9532|0|0.000000|0.000000|0.000000|0.000000
787|11|1|0|64|9532|1|15.314310|102366.528105|319.947696|978522848.000000
786|30|0|0|64|9532|1|0.000000|0.000000|0.000000|0.000000
784|51|0|0|1|16000|1|0.000000|0.000000|0.000000|0.000000
783|15|1|0|64|16000|1|444719.472500|8792646009701.766602|2965239.620958|144034110665175040.000000
782|38|0|0|64|16000|1|0.000000|0.000000|0.000000|0.000000
781|30|0|0|32|16000|1|0.000000|0.000000|0.000000|0.000000
780|38|0|0|64|16000|1|0.000000|0.000000|0.000000|0.000000
779|30|0|0|32|16000|1|0.000000|0.000000|0.000000|0.000000
778|31|0|0|0|16000|0|0.000000|0.000000|0.000000|0.000000
777|25|1|0|64|16000|1|-64.403625|92874.089557|304.752505|1552857818.000000
776|30|0|0|64|16000|1|0.000000|0.000000|0.000000|0.000000
774|31|0|0|0|8816|0|0.000000|0.000000|0.000000|0.000000
773|13|1|0|64|8816|1|-24501.259528|1362694152.066966|36914.687484|17312738800768.000000
772|30|0|0|64|8816|1|0.000000|0.000000|0.000000|0.000000
770|51|0|0|1|16000|1|0.000000|0.000000|0.000000|0.000000
769|15|1|0|64|16000|1|572813.327375|9892696232079.664062|3145265.685452|163759604948639840.000000
768|38|0|0|64|16000|1|0.000000|0.000000|0.000000|0.000000
767|30|0|0|32|16000|1|0.000000|0.000000|0.000000|0.000000
766|38|0|0|64|16000|1|0.000000|0.000000|0.000000|0.000000
765|30|0|0|32|16000|1|0.000000|0.000000|0.000000|0.000000
764|31|0|0|0|16000|0|0.000000|0.000000|0.000000|0.000000
763|15|1|0|64|16000|1|18817.556000|1234621282.918412|35137.178073|25426339202432.000000
762|38|0|0|64|16000|1|0.000000|0.000000|0.000000|0.000000
761|30|0|0|32|16000|1|0.000000|0.000000|0.000000|0.000000
760|54|0|0|0|16000|0|0.000000|0.000000|0.000000|0.000000
759|47|0|0|0|16000|1|0.000000|0.000000|0.000000|0.000000
758|54|0|0|0|16000|0|0.000000|0.000000|0.000000|0.000000
757|47|0|0|0|16000|1|0.000000|0.000000|0.000000|0.000000
756|54|0|0|0|16000|0|0.000000|0.000000|0.000000|0.000000
755|47|0|0|0|16000|1|0.000000|0.000000|0.000000|0.000000
754|31|0|0|0|16000|0|0.000000|0.000000|0.000000|0.000000
753|31|0|0|0|16000|0|0.000000|0.000000|0.000000|0.000000
752|31|0|0|0|16000|0|0.000000|0.000000|0.000000|0.000000
751|31|0|0|0|16000|0|0.000000|0.000000|0.000000|0.000000
750|31|0|0|0|16000|0|0.000000|0.000000|0.000000|0.000000
749|29|0|0|0|16000|8|0.000000|0.000000|0.000000|0.000000
748|29|0|0|0|16000|5|0.000000|0.000000|0.000000|0.000000
747|29|0|0|0|16000|9|0.000000|0.000000|0.000000|0.000000
746|29|0|0|0|16000|2|0.000000|0.000000|0.000000|0.000000
745|29|0|0|0|16000|2|0.000000|0.000000|0.000000|0.000000
744|29|0|0|0|16000|3|0.000000|0.000000|0.000000|0.000000
743|29|0|0|0|16000|2|0.000000|0.000000|0.000000|0.000000
742|29|0|0|0|16000|2|0.000000|0.000000|0.000000|0.000000
243|30|0|0|32|4000|1|0.000000|0.000000|0.000000|0.000000
242|30|0|0|32|4000|1|0.000000|0.000000|0.000000|0.000000
241|30|0|0|32|4000|1|0.000000|0.000000|0.000000|0.000000
240|30|0|0|32|4000|1|0.000000|0.000000|0.000000|0.000000
239|30|0|0|32|4000|1|0.000000|0.000000|0.000000|0.000000
238|54|0|0|0|4000|0|0.000000|0.000000|0.000000|0.000000
740|54|0|0|0|16000|0|0.000000|0.000000|0.000000|0.000000
739|47|0|0|0|16000|1|0.000000|0.000000|0.000000|0.000000
738|54|0|0|0|16000|0|0.000000|0.000000|0.000000|0.000000
737|47|0|0|0|16000|1|0.000000|0.000000|0.000000|0.000000
736|54|0|0|0|16000|0|0.000000|0.000000|0.000000|0.000000
735|47|0|0|0|16000|1|0.000000|0.000000|0.000000|0.000000
734|31|0|0|0|16000|0|0.000000|0.000000|0.000000|0.000000
733|32|0|0|0|16000|1|0.000000|0.000000|0.000000|0.000000
732|30|0|0|0|16000|1|0.000000|0.000000|0.000000|0.000000
731|30|0|0|32|16000|1|0.000000|0.000000|0.000000|0.000000
730|31|0|0|0|16000|0|0.000000|0.000000|0.000000|0.000000
729|32|0|0|0|16000|1|0.000000|0.000000|0.000000|0.000000
728|30|0|0|0|16000|1|0.000000|0.000000|0.000000|0.000000
727|30|0|0|32|16000|1|0.000000|0.000000|0.000000|0.000000
726|32|0|0|0|16000|1|0.000000|0.000000|0.000000|0.000000
725|30|0|0|0|16000|1|0.000000|0.000000|0.000000|0.000000
724|31|0|0|0|16000|0|0.000000|0.000000|0.000000|0.000000
723|32|0|0|0|16000|1|0.000000|0.000000|0.000000|0.000000
722|30|0|0|0|16000|1|0.000000|0.000000|0.000000|0.000000
721|30|0|0|32|16000|1|0.000000|0.000000|0.000000|0.000000
720|32|0|0|0|16000|1|0.000000|0.000000|0.000000|0.000000
719|30|0|0|0|16000|1|0.000000|0.000000|0.000000|0.000000
718|31|0|0|0|16000|0|0.000000|0.000000|0.000000|0.000000
717|32|0|0|0|16000|1|0.000000|0.000000|0.000000|0.000000
716|30|0|0|0|16000|1|0.000000|0.000000|0.000000|0.000000
715|30|0|0|32|16000|1|0.000000|0.000000|0.000000|0.000000
714|32|0|0|0|16000|1|0.000000|0.000000|0.000000|0.000000
713|30|0|0|0|16000|1|0.000000|0.000000|0.000000|0.000000
712|31|0|0|0|16000|0|0.000000|0.000000|0.000000|0.000000
711|32|0|0|0|16000|1|0.000000|0.000000|0.000000|0.000000
710|30|0|0|0|16000|1|0.000000|0.000000|0.000000|0.000000
709|30|0|0|32|16000|1|0.000000|0.000000|0.000000|0.000000
708|32|0|0|0|16000|1|0.000000|0.000000|0.000000|0.000000
707|30|0|0|0|16000|1|0.000000|0.000000|0.000000|0.000000
706|31|0|0|0|16000|0|0.000000|0.000000|0.000000|0.000000
705|32|0|0|0|16000|1|0.000000|0.000000|0.000000|0.000000
704|30|0|0|0|16000|1|0.000000|0.000000|0.000000|0.000000
703|30|0|0|32|16000|1|0.000000|0.000000|0.000000|0.000000
702|32|0|0|0|16000|1|0.000000|0.000000|0.000000|0.000000
701|30|0|0|0|16000|1|0.000000|0.000000|0.000000|0.000000
653|31|0|0|0|5724|0|0.000000|0.000000|0.000000|0.000000
652|11|1|0|32|5724|1|3.500000|2.912567|1.706624|86814.000000
651|30|0|0|32|5724|1|0.000000|0.000000|0.000000|0.000000
649|31|0|0|0|5724|0|0.000000|0.000000|0.000000|0.000000
648|32|0|0|0|5724|1|0.000000|0.000000|0.000000|0.000000
647|38|0|0|64|5724|1|0.000000|0.000000|0.000000|0.000000
646|30|0|0|32|5724|1|0.000000|0.000000|0.000000|0.000000
645|30|0|0|0|5724|1|0.000000|0.000000|0.000000|0.000000
644|36|0|0|32|5724|1|0.000000|0.000000|0.000000|0.000000
643|25|1|0|64|5724|1|4815.627883|8264704.325326|2874.839878|180083392962.000000
642|15|1|0|64|5724|1|1232928.207547|541637051912.203369|735959.952655|11803752350483544.000000
641|38|0|0|64|5724|1|0.000000|0.000000|0.000000|0.000000
640|30|0|0|32|5724|1|0.000000|0.000000|0.000000|0.000000
639|32|0|0|0|5724|1|0.000000|0.000000|0.000000|0.000000
638|38|0|0|64|5724|1|0.000000|0.000000|0.000000|0.000000
637|30|0|0|32|5724|1|0.000000|0.000000|0.000000|0.000000
636|30|0|0|0|5724|1|0.000000|0.000000|0.000000|0.000000
634|51|0|0|1|6678|1|0.000000|0.000000|0.000000|0.000000
633|30|0|0|32|6678|1|0.000000|0.000000|0.000000|0.000000
631|31|0|0|0|954|0|0.000000|0.000000|0.000000|0.000000
628|51|0|0|1|16000|1|0.000000|0.000000|0.000000|0.000000
627|30|0|0|32|16000|1|0.000000|0.000000|0.000000|0.000000
626|54|0|0|0|16000|0|0.000000|0.000000|0.000000|0.000000
625|47|0|0|0|16000|1|0.000000|0.000000|0.000000|0.000000
624|54|0|0|0|16000|0|0.000000|0.000000|0.000000|0.000000
623|47|0|0|0|16000|1|0.000000|0.000000|0.000000|0.000000
622|54|0|0|0|16000|0|0.000000|0.000000|0.000000|0.000000
621|47|0|0|0|16000|1|0.000000|0.000000|0.000000|0.000000
620|31|0|0|0|16000|0|0.000000|0.000000|0.000000|0.000000
619|31|0|0|0|16000|0|0.000000|0.000000|0.000000|0.000000
618|31|0|0|0|16000|0|0.000000|0.000000|0.000000|0.000000
617|29|0|0|0|16000|4|0.000000|0.000000|0.000000|0.000000
616|29|0|0|0|16000|5|0.000000|0.000000|0.000000|0.000000
615|29|0|0|0|16000|15|0.000000|0.000000|0.000000|0.000000
614|29|0|0|0|16000|5|0.000000|0.000000|0.000000|0.000000
613|29|0|0|0|16000|13|0.000000|0.000000|0.000000|0.000000
612|29|0|0|0|16000|4|0.000000|0.000000|0.000000|0.000000
237|30|0|0|32|4000|1|0.000000|0.000000|0.000000|0.000000
236|31|0|0|0|4000|0|0.000000|0.000000|0.000000|0.000000
235|11|1|0|32|4000|1|9.140000|2197015.070538|1482.233136|8822520682.000000
234|30|0|0|32|4000|1|0.000000|0.000000|0.000000|0.000000
233|30|0|0|32|4000|1|0.000000|0.000000|0.000000|0.000000
232|31|0|0|0|4000|0|0.000000|0.000000|0.000000|0.000000
231|54|0|0|32|4000|1|0.000000|0.000000|0.000000|0.000000
610|54|0|0|0|16000|0|0.000000|0.000000|0.000000|0.000000
609|47|0|0|0|16000|1|0.000000|0.000000|0.000000|0.000000
608|54|0|0|0|16000|0|0.000000|0.000000|0.000000|0.000000
607|47|0|0|0|16000|1|0.000000|0.000000|0.000000|0.000000
606|54|0|0|0|16000|0|0.000000|0.000000|0.000000|0.000000
605|47|0|0|0|16000|1|0.000000|0.000000|0.000000|0.000000
604|23|1|0|32|16000|1|5365.061000|19038647.859030|4363.329905|765386011008.000000
603|30|0|0|32|16000|1|0.000000|0.000000|0.000000|0.000000
602|31|0|0|0|16000|0|0.000000|0.000000|0.000000|0.000000
601|25|1|0|32|16000|1|670.632625|297478.872797|545.416238|11959156422.000000
600|13|1|0|32|16000|1|2.738500|2.612021|1.616175|161836.000000
599|30|0|0|32|16000|1|0.000000|0.000000|0.000000|0.000000
598|11|1|0|32|16000|1|10.000000|0.999393|0.999696|1616000.000000
597|30|0|0|32|16000|1|0.000000|0.000000|0.000000|0.000000
596|30|0|0|32|16000|1|0.000000|0.000000|0.000000|0.000000
595|32|0|0|0|16000|1|0.000000|0.000000|0.000000|0.000000
594|38|0|0|64|16000|1|0.000000|0.000000|0.000000|0.000000
593|30|0|0|32|16000|1|0.000000|0.000000|0.000000|0.000000
592|31|0|0|0|16000|0|0.000000|0.000000|0.000000|0.000000
591|25|1|0|32|16000|1|7.261500|2.247851|1.499283|879668.000000
590|30|0|0|32|16000|1|0.000000|0.000000|0.000000|0.000000
589|31|0|0|0|16000|0|0.000000|0.000000|0.000000|0.000000
588|26|1|0|32|16000|1|15.124500|88.697670|9.417944|5080028.000000
587|25|1|0|32|16000|1|247.492500|2242.807860|47.358292|1015958364.000000
586|30|0|0|32|16000|1|0.000000|0.000000|0.000000|0.000000
585|54|0|0|0|16000|0|0.000000|0.000000|0.000000|0.000000
584|47|0|0|0|16000|1|0.000000|0.000000|0.000000|0.000000
583|54|0|0|0|16000|0|0.000000|0.000000|0.000000|0.000000
582|47|0|0|0|16000|1|0.000000|0.000000|0.000000|0.000000
581|54|0|0|0|16000|0|0.000000|0.000000|0.000000|0.000000
580|47|0|0|0|16000|1|0.000000|0.000000|0.000000|0.000000
579|31|0|0|0|16000|0|0.000000|0.000000|0.000000|0.000000
578|31|0|0|0|16000|0|0.000000|0.000000|0.000000|0.000000
577|29|0|0|0|16000|4|0.000000|0.000000|0.000000|0.000000
576|29|0|0|0|16000|4|0.000000|0.000000|0.000000|0.000000
575|29|0|0|0|16000|4|0.000000|0.000000|0.000000|0.000000
574|29|0|0|0|16000|2|0.000000|0.000000|0.000000|0.000000
573|29|0|0|0|16000|3|0.000000|0.000000|0.000000|0.000000
230|30|0|0|32|4000|1|0.000000|0.000000|0.000000|0.000000
229|31|0|0|0|4000|0|0.000000|0.000000|0.000000|0.000000
228|54|0|0|32|4000|1|0.000000|0.000000|0.000000|0.000000
571|54|0|0|0|8000|0|0.000000|0.000000|0.000000|0.000000
570|47|0|0|0|8000|1|0.000000|0.000000|0.000000|0.000000
569|30|0|0|32|8000|1|0.000000|0.000000|0.000000|0.000000
565|51|0|0|1|8000|1|0.000000|0.000000|0.000000|0.000000
564|30|0|0|32|8000|1|0.000000|0.000000|0.000000|0.000000
562|31|0|0|0|2|0|0.000000|0.000000|0.000000|0.000000
560|51|0|0|1|8000|1|0.000000|0.000000|0.000000|0.000000
559|30|0|0|32|8000|1|0.000000|0.000000|0.000000|0.000000
558|31|0|0|0|8000|0|0.000000|0.000000|0.000000|0.000000
557|11|1|0|32|8000|1|15207.770250|2597806.510973|1611.771234|1871109531310.000000
556|30|0|0|32|8000|1|0.000000|0.000000|0.000000|0.000000
555|32|0|0|0|8000|1|0.000000|0.000000|0.000000|0.000000
554|38|0|0|64|8000|1|0.000000|0.000000|0.000000|0.000000
553|25|1|0|32|8000|1|9.738000|15.918385|3.989785|886136.000000
552|30|0|0|32|8000|1|0.000000|0.000000|0.000000|0.000000
551|36|0|0|32|8000|1|0.000000|0.000000|0.000000|0.000000
550|30|0|0|64|8000|1|0.000000|0.000000|0.000000|0.000000
549|31|0|0|0|8000|0|0.000000|0.000000|0.000000|0.000000
548|25|1|0|64|8000|1|15080.518750|2574437.655508|1604.505424|1840091432982.000000
547|15|1|0|64|8000|1|1930369.043750|42178905566.436737|205375.036376|30149987381030824.000000
546|38|0|0|64|8000|1|0.000000|0.000000|0.000000|0.000000
545|30|0|0|32|8000|1|0.000000|0.000000|0.000000|0.000000
544|54|0|0|0|8000|0|0.000000|0.000000|0.000000|0.000000
543|47|0|0|0|8000|1|0.000000|0.000000|0.000000|0.000000
542|31|0|0|0|8000|0|0.000000|0.000000|0.000000|0.000000
541|31|0|0|0|8000|0|0.000000|0.000000|0.000000|0.000000
540|29|0|0|0|8000|4|0.000000|0.000000|0.000000|0.000000
539|29|0|0|0|8000|8|0.000000|0.000000|0.000000|0.000000
538|29|0|0|0|8000|2|0.000000|0.000000|0.000000|0.000000
227|30|0|0|32|4000|1|0.000000|0.000000|0.000000|0.000000
226|30|0|0|32|4000|1|0.000000|0.000000|0.000000|0.000000
225|31|0|0|0|4000|0|0.000000|0.000000|0.000000|0.000000
224|36|0|0|32|4000|1|0.000000|0.000000|0.000000|0.000000
223|25|1|0|64|4000|1|3.950250|870864.915260|933.201433|3507252135.000000
222|15|1|0|64|4000|1|143236.544000|935085036120234.875000|30579160.160479|3765902429370155008.000000
221|38|0|0|64|4000|1|0.000000|0.000000|0.000000|0.000000
220|30|0|0|32|4000|1|0.000000|0.000000|0.000000|0.000000
219|32|0|0|0|4000|1|0.000000|0.000000|0.000000|0.000000
218|38|0|0|64|4000|1|0.000000|0.000000|0.000000|0.000000
217|25|1|0|32|4000|1|9.738000|15.901186|3.987629|443068.000000
216|30|0|0|32|4000|1|0.000000|0.000000|0.000000|0.000000
215|38|0|0|64|4000|1|0.000000|0.000000|0.000000|0.000000
214|30|0|0|32|4000|1|0.000000|0.000000|0.000000|0.000000
213|31|0|0|0|4000|0|0.000000|0.000000|0.000000|0.000000
212|54|0|0|32|4000|1|0.000000|0.000000|0.000000|0.000000
536|54|0|0|0|4000|0|0.000000|0.000000|0.000000|0.000000
535|47|0|0|0|4000|1|0.000000|0.000000|0.000000|0.000000
534|54|0|0|0|4000|0|0.000000|0.000000|0.000000|0.000000
533|47|0|0|0|4000|1|0.000000|0.000000|0.000000|0.000000
532|54|0|0|0|4000|0|0.000000|0.000000|0.000000|0.000000
531|47|0|0|0|4000|1|0.000000|0.000000|0.000000|0.000000
530|54|0|0|0|4000|0|0.000000|0.000000|0.000000|0.000000
529|47|0|0|0|4000|1|0.000000|0.000000|0.000000|0.000000
528|30|0|0|32|4000|1|0.000000|0.000000|0.000000|0.000000
520|31|0|0|0|2011|0|0.000000|0.000000|0.000000|0.000000
519|30|0|0|32|2011|1|0.000000|0.000000|0.000000|0.000000
518|32|0|0|0|2011|1|0.000000|0.000000|0.000000|0.000000
517|38|0|0|64|2011|1|0.000000|0.000000|0.000000|0.000000
516|30|0|0|32|2011|1|0.000000|0.000000|0.000000|0.000000
514|51|0|0|1|4000|1|0.000000|0.000000|0.000000|0.000000
513|30|0|0|32|4000|1|0.000000|0.000000|0.000000|0.000000
505|51|0|0|1|36862|1|0.000000|0.000000|0.000000|0.000000
504|30|0|0|64|36862|1|0.000000|0.000000|0.000000|0.000000
503|30|0|0|64|36862|1|0.000000|0.000000|0.000000|0.000000
502|31|0|0|0|36862|0|0.000000|0.000000|0.000000|0.000000
501|25|1|0|64|36862|1|452.133037|286240.858980|535.014821|18091093256.000000
500|15|1|0|64|36862|1|14831315.478270|307329031989659.500000|17530802.377235|19441723982760321024.000000
499|38|0|0|64|36862|1|0.000000|0.000000|0.000000|0.000000
498|30|0|0|32|36862|1|0.000000|0.000000|0.000000|0.000000
497|38|0|0|64|36862|1|0.000000|0.000000|0.000000|0.000000
496|30|0|0|32|36862|1|0.000000|0.000000|0.000000|0.000000
495|32|0|0|0|36862|1|0.000000|0.000000|0.000000|0.000000
494|38|0|0|64|36862|1|0.000000|0.000000|0.000000|0.000000
493|30|0|0|32|36862|1|0.000000|0.000000|0.000000|0.000000
491|51|0|0|1|36867|1|0.000000|0.000000|0.000000|0.000000
490|30|0|0|32|36867|1|0.000000|0.000000|0.000000|0.000000
488|31|0|0|0|4000|0|0.000000|0.000000|0.000000|0.000000
486|31|0|0|0|4000|0|0.000000|0.000000|0.000000|0.000000
485|38|0|0|64|4000|1|0.000000|0.000000|0.000000|0.000000
484|54|0|0|32|4000|1|0.000000|0.000000|0.000000|0.000000
34|54|0|0|0|8000|0|0.000000|0.000000|0.000000|0.000000
33|47|0|0|0|8000|1|0.000000|0.000000|0.000000|0.000000
32|30|0|0|32|8000|1|0.000000|0.000000|0.000000|0.000000
26|31|0|0|0|4060|0|0.000000|0.000000|0.000000|0.000000
25|30|0|0|32|4060|1|0.000000|0.000000|0.000000|0.000000
23|51|0|0|1|8000|1|0.000000|0.000000|0.000000|0.000000
22|30|0|0|32|8000|1|0.000000|0.000000|0.000000|0.000000
21|54|0|0|0|8000|0|0.000000|0.000000|0.000000|0.000000
20|47|0|0|0|8000|1|0.000000|0.000000|0.000000|0.000000
19|31|0|0|0|8000|0|0.000000|0.000000|0.000000|0.000000
18|29|0|0|0|8000|5|0.000000|0.000000|0.000000|0.000000
17|29|0|0|0|8000|4|0.000000|0.000000|0.000000|0.000000
483|30|0|0|32|4000|1|0.000000|0.000000|0.000000|0.000000
482|54|0|0|0|4000|0|0.000000|0.000000|0.000000|0.000000
481|47|0|0|0|4000|1|0.000000|0.000000|0.000000|0.000000
480|54|0|0|0|4000|0|0.000000|0.000000|0.000000|0.000000
479|47|0|0|0|4000|1|0.000000|0.000000|0.000000|0.000000
478|54|0|0|0|4000|0|0.000000|0.000000|0.000000|0.000000
477|47|0|0|0|4000|1|0.000000|0.000000|0.000000|0.000000
476|54|0|0|0|4000|0|0.000000|0.000000|0.000000|0.000000
475|47|0|0|0|4000|1|0.000000|0.000000|0.000000|0.000000
474|31|0|0|0|4000|0|0.000000|0.000000|0.000000|0.000000
473|31|0|0|0|4000|0|0.000000|0.000000|0.000000|0.000000
472|29|0|0|0|4000|4|0.000000|0.000000|0.000000|0.000000
471|29|0|0|0|4000|4|0.000000|0.000000|0.000000|0.000000
470|29|0|0|0|4000|9|0.000000|0.000000|0.000000|0.000000
469|29|0|0|0|4000|5|0.000000|0.000000|0.000000|0.000000
468|29|0|0|0|4000|2|0.000000|0.000000|0.000000|0.000000
467|29|0|0|0|4000|3|0.000000|0.000000|0.000000|0.000000
211|30|0|0|32|4000|1|0.000000|0.000000|0.000000|0.000000
210|30|0|0|32|4000|1|0.000000|0.000000|0.000000|0.000000
209|31|0|0|0|4000|0|0.000000|0.000000|0.000000|0.000000
208|13|1|0|32|4000|1|2.635000|868386.381042|931.872513|3505328282.000000
207|30|0|0|32|4000|1|0.000000|0.000000|0.000000|0.000000
206|30|0|0|32|4000|1|0.000000|0.000000|0.000000|0.000000
205|31|0|0|0|4000|0|0.000000|0.000000|0.000000|0.000000
204|11|1|0|32|4000|1|-3.140750|4778479.055801|2185.973251|19138817303.000000
203|30|0|0|32|4000|1|0.000000|0.000000|0.000000|0.000000
202|30|0|0|32|4000|1|0.000000|0.000000|0.000000|0.000000
201|31|0|0|0|4000|0|0.000000|0.000000|0.000000|0.000000
200|54|0|0|32|4000|1|0.000000|0.000000|0.000000|0.000000
465|54|0|0|0|16000|0|0.000000|0.000000|0.000000|0.000000
464|47|0|0|0|16000|1|0.000000|0.000000|0.000000|0.000000
463|54|0|0|0|16000|0|0.000000|0.000000|0.000000|0.000000
462|47|0|0|0|16000|1|0.000000|0.000000|0.000000|0.000000
461|36|0|0|32|16000|1|0.000000|0.000000|0.000000|0.000000
460|25|1|0|64|16000|1|-5.041250|1148687.813983|1071.768545|18385276836.000000
459|30|0|0|64|16000|1|0.000000|0.000000|0.000000|0.000000
458|31|0|0|0|16000|0|0.000000|0.000000|0.000000|0.000000
457|11|1|0|64|16000|1|-148704.253000|1233397293446181.250000|35119756.454824|19741008145136025600.000000
456|30|0|0|64|16000|1|0.000000|0.000000|0.000000|0.000000
455|15|1|0|64|16000|1|-117905.920500|1425795658719079.500000|37759709.462853|22818969042528796672.000000
454|30|0|0|64|16000|1|0.000000|0.000000|0.000000|0.000000
453|38|0|0|64|16000|1|0.000000|0.000000|0.000000|0.000000
452|30|0|0|32|16000|1|0.000000|0.000000|0.000000|0.000000
451|31|0|0|0|16000|0|0.000000|0.000000|0.000000|0.000000
450|38|0|0|64|16000|1|0.000000|0.000000|0.000000|0.000000
449|15|1|0|32|16000|1|7.889750|14588452.304131|3819.483251|233545472456.000000
448|30|0|0|32|16000|1|0.000000|0.000000|0.000000|0.000000
447|31|0|0|0|16000|0|0.000000|0.000000|0.000000|0.000000
446|15|1|0|64|16000|1|-30798.332500|4186047460529077.000000|64699671.255185|66995164946439954432.000000
445|30|0|0|64|16000|1|0.000000|0.000000|0.000000|0.000000
444|38|0|0|64|16000|1|0.000000|0.000000|0.000000|0.000000
443|30|0|0|32|16000|1|0.000000|0.000000|0.000000|0.000000
442|31|0|0|0|16000|0|0.000000|0.000000|0.000000|0.000000
441|38|0|0|64|16000|1|0.000000|0.000000|0.000000|0.000000
440|15|1|0|32|16000|1|7.960000|14588436.832731|3819.481226|233549035504.000000
439|30|0|0|32|16000|1|0.000000|0.000000|0.000000|0.000000
438|54|0|0|0|16000|0|0.000000|0.000000|0.000000|0.000000
437|47|0|0|0|16000|1|0.000000|0.000000|0.000000|0.000000
436|54|0|0|0|16000|0|0.000000|0.000000|0.000000|0.000000
435|47|0|0|0|16000|1|0.000000|0.000000|0.000000|0.000000
434|31|0|0|0|16000|0|0.000000|0.000000|0.000000|0.000000
433|31|0|0|0|16000|0|0.000000|0.000000|0.000000|0.000000
432|31|0|0|0|16000|0|0.000000|0.000000|0.000000|0.000000
431|31|0|0|0|16000|0|0.000000|0.000000|0.000000|0.000000
430|29|0|0|0|16000|4|0.000000|0.000000|0.000000|0.000000
429|29|0|0|0|16000|8|0.000000|0.000000|0.000000|0.000000
428|29|0|0|0|16000|2|0.000000|0.000000|0.000000|0.000000
427|29|0|0|0|16000|2|0.000000|0.000000|0.000000|0.000000
426|29|0|0|0|16000|2|0.000000|0.000000|0.000000|0.000000
425|29|0|0|0|16000|2|0.000000|0.000000|0.000000|0.000000
199|30|0|0|32|4000|1|0.000000|0.000000|0.000000|0.000000
198|30|0|0|32|4000|1|0.000000|0.000000|0.000000|0.000000
197|30|0|0|32|4000|1|0.000000|0.000000|0.000000|0.000000
196|30|0|0|32|4000|1|0.000000|0.000000|0.000000|0.000000
195|31|0|0|0|4000|0|0.000000|0.000000|0.000000|0.000000
194|54|0|0|32|4000|1|0.000000|0.000000|0.000000|0.000000
423|54|0|0|0|16000|0|0.000000|0.000000|0.000000|0.000000
422|47|0|0|0|16000|1|0.000000|0.000000|0.000000|0.000000
421|54|0|0|0|16000|0|0.000000|0.000000|0.000000|0.000000
420|47|0|0|0|16000|1|0.000000|0.000000|0.000000|0.000000
419|36|0|0|32|16000|1|0.000000|0.000000|0.000000|0.000000
418|25|1|0|64|16000|1|-0.215750|453505.565194|673.428218|7258879684.000000
417|30|0|0|64|16000|1|0.000000|0.000000|0.000000|0.000000
415|31|0|0|0|80000|0|0.000000|0.000000|0.000000|0.000000
414|11|1|0|32|80000|1|4.000000|1.999730|1.414118|1440000.000000
413|30|0|0|32|80000|1|0.000000|0.000000|0.000000|0.000000
411|31|0|0|0|80000|0|0.000000|0.000000|0.000000|0.000000
410|11|1|0|64|80000|1|-6675.844925|76117598334235.046875|8724540.007028|6089894870005531648.000000
409|30|0|0|64|80000|1|0.000000|0.000000|0.000000|0.000000
408|15|1|0|64|80000|1|901.940575|19707746546439.601562|4439340.778363|1576703920260478720.000000
407|38|0|0|64|80000|1|0.000000|0.000000|0.000000|0.000000
406|30|0|0|32|80000|1|0.000000|0.000000|0.000000|0.000000
405|31|0|0|0|80000|0|0.000000|0.000000|0.000000|0.000000
404|32|0|0|0|80000|1|0.000000|0.000000|0.000000|0.000000
403|30|0|0|0|80000|2|0.000000|0.000000|0.000000|0.000000
402|38|0|0|64|80000|1|0.000000|0.000000|0.000000|0.000000
401|30|0|0|32|80000|1|0.000000|0.000000|0.000000|0.000000
400|31|0|0|0|80000|0|0.000000|0.000000|0.000000|0.000000
399|32|0|0|0|80000|1|0.000000|0.000000|0.000000|0.000000
398|30|0|0|0|80000|2|0.000000|0.000000|0.000000|0.000000
396|51|0|0|1|96000|1|0.000000|0.000000|0.000000|0.000000
395|30|0|0|32|96000|1|0.000000|0.000000|0.000000|0.000000
393|31|0|0|0|16000|0|0.000000|0.000000|0.000000|0.000000
391|31|0|0|0|16000|0|0.000000|0.000000|0.000000|0.000000
390|15|1|0|64|16000|1|135.374875|7982312129235.454102|2825298.591164|127772608367654208.000000
389|38|0|0|64|16000|1|0.000000|0.000000|0.000000|0.000000
388|30|0|0|32|16000|1|0.000000|0.000000|0.000000|0.000000
387|31|0|0|0|16000|0|0.000000|0.000000|0.000000|0.000000
386|32|0|0|0|16000|1|0.000000|0.000000|0.000000|0.000000
385|30|0|0|0|16000|2|0.000000|0.000000|0.000000|0.000000
384|38|0|0|64|16000|1|0.000000|0.000000|0.000000|0.000000
383|30|0|0|32|16000|1|0.000000|0.000000|0.000000|0.000000
382|31|0|0|0|16000|0|0.000000|0.000000|0.000000|0.000000
381|32|0|0|0|16000|1|0.000000|0.000000|0.000000|0.000000
380|30|0|0|0|16000|2|0.000000|0.000000|0.000000|0.000000
379|54|0|0|0|16000|0|0.000000|0.000000|0.000000|0.000000
378|47|0|0|0|16000|1|0.000000|0.000000|0.000000|0.000000
377|54|0|0|0|16000|0|0.000000|0.000000|0.000000|0.000000
376|47|0|0|0|16000|1|0.000000|0.000000|0.000000|0.000000
375|31|0|0|0|16000|0|0.000000|0.000000|0.000000|0.000000
374|31|0|0|0|16000|0|0.000000|0.000000|0.000000|0.000000
373|29|0|0|0|16000|6|0.000000|0.000000|0.000000|0.000000
372|29|0|0|0|16000|6|0.000000|0.000000|0.000000|0.000000
371|29|0|0|0|16000|5|0.000000|0.000000|0.000000|0.000000
370|29|0|0|0|16000|5|0.000000|0.000000|0.000000|0.000000
193|31|0|0|0|4000|0|0.000000|0.000000|0.000000|0.000000
192|36|0|0|32|4000|1|0.000000|0.000000|0.000000|0.000000
191|25|1|0|64|4000|1|12.835500|1148628.354199|1071.740806|4597623766.000000
190|13|1|0|64|4000|1|436675.230000|1233336558191464.000000|35118891.756311|4936741195725322240.000000
189|30|0|0|64|4000|1|0.000000|0.000000|0.000000|0.000000
188|30|0|0|64|4000|1|0.000000|0.000000|0.000000|0.000000
187|31|0|0|0|4000|0|0.000000|0.000000|0.000000|0.000000
186|36|0|0|32|4000|1|0.000000|0.000000|0.000000|0.000000
185|25|1|0|64|4000|1|-0.505750|6308996.819585|2511.771650|25303161277.000000
184|11|1|0|64|4000|1|-405.044000|6774272002506713.000000|82305965.777134|27169215276751187968.000000
183|30|0|0|64|4000|1|0.000000|0.000000|0.000000|0.000000
182|30|0|0|64|4000|1|0.000000|0.000000|0.000000|0.000000
181|31|0|0|0|4000|0|0.000000|0.000000|0.000000|0.000000
180|30|0|0|0|4000|1|0.000000|0.000000|0.000000|0.000000
179|30|0|0|32|4000|1|0.000000|0.000000|0.000000|0.000000
178|31|0|0|0|4000|0|0.000000|0.000000|0.000000|0.000000
177|31|0|0|0|4000|0|0.000000|0.000000|0.000000|0.000000
176|32|0|0|0|4000|1|0.000000|0.000000|0.000000|0.000000
175|30|0|0|0|4000|2|0.000000|0.000000|0.000000|0.000000
174|30|0|0|32|4000|1|0.000000|0.000000|0.000000|0.000000
172|31|0|0|0|88000|0|0.000000|0.000000|0.000000|0.000000
171|11|1|0|32|88000|1|11.500000|40.245567|6.343939|15180000.000000
170|30|0|0|32|88000|1|0.000000|0.000000|0.000000|0.000000
168|31|0|0|0|88000|0|0.000000|0.000000|0.000000|0.000000
167|31|0|0|0|88000|0|0.000000|0.000000|0.000000|0.000000
166|32|0|0|0|88000|1|0.000000|0.000000|0.000000|0.000000
165|30|0|0|0|88000|2|0.000000|0.000000|0.000000|0.000000
164|30|0|0|32|88000|1|0.000000|0.000000|0.000000|0.000000
163|31|0|0|0|88000|0|0.000000|0.000000|0.000000|0.000000
162|32|0|0|0|88000|1|0.000000|0.000000|0.000000|0.000000
161|30|0|0|0|88000|2|0.000000|0.000000|0.000000|0.000000
159|51|0|0|1|92000|1|0.000000|0.000000|0.000000|0.000000
158|30|0|0|32|92000|1|0.000000|0.000000|0.000000|0.000000
156|31|0|0|0|4000|0|0.000000|0.000000|0.000000|0.000000
154|31|0|0|0|4000|0|0.000000|0.000000|0.000000|0.000000
153|32|0|0|0|4000|1|0.000000|0.000000|0.000000|0.000000
152|30|0|0|0|4000|1|0.000000|0.000000|0.000000|0.000000
151|31|0|0|0|4000|0|0.000000|0.000000|0.000000|0.000000
150|11|1|0|64|4000|1|-218540.137000|2003351590081188.750000|44758815.780594|8032722291870110720.000000
149|30|0|0|64|4000|1|0.000000|0.000000|0.000000|0.000000
148|15|1|0|64|4000|1|-155.946000|1074730619.832614|32783.084355|4307577836832.000000
147|38|0|0|64|4000|1|0.000000|0.000000|0.000000|0.000000
146|30|0|0|32|4000|1|0.000000|0.000000|0.000000|0.000000
145|31|0|0|0|4000|0|0.000000|0.000000|0.000000|0.000000
144|32|0|0|0|4000|1|0.000000|0.000000|0.000000|0.000000
143|30|0|0|0|4000|2|0.000000|0.000000|0.000000|0.000000
142|38|0|0|64|4000|1|0.000000|0.000000|0.000000|0.000000
141|30|0|0|32|4000|1|0.000000|0.000000|0.000000|0.000000
140|30|0|0|0|4000|1|0.000000|0.000000|0.000000|0.000000
139|31|0|0|0|4000|0|0.000000|0.000000|0.000000|0.000000
138|11|1|0|64|4000|1|218135.093000|2000452690267914.250000|44726420.494691|8020255944368144384.000000
137|30|0|0|64|4000|1|0.000000|0.000000|0.000000|0.000000
136|15|1|0|64|4000|1|-578.578000|14429145029.804041|120121.376240|57830217125120.000000
135|38|0|0|64|4000|1|0.000000|0.000000|0.000000|0.000000
134|30|0|0|32|4000|1|0.000000|0.000000|0.000000|0.000000
133|31|0|0|0|4000|0|0.000000|0.000000|0.000000|0.000000
132|32|0|0|0|4000|1|0.000000|0.000000|0.000000|0.000000
131|30|0|0|0|4000|2|0.000000|0.000000|0.000000|0.000000
130|38|0|0|64|4000|1|0.000000|0.000000|0.000000|0.000000
129|30|0|0|32|4000|1|0.000000|0.000000|0.000000|0.000000
128|31|0|0|0|4000|0|0.000000|0.000000|0.000000|0.000000
127|32|0|0|0|4000|1|0.000000|0.000000|0.000000|0.000000
126|30|0|0|0|4000|2|0.000000|0.000000|0.000000|0.000000
124|31|0|0|0|40000|0|0.000000|0.000000|0.000000|0.000000
123|11|1|0|32|40000|1|5.500000|8.248022|2.871937|1540000.000000
122|30|0|0|32|40000|1|0.000000|0.000000|0.000000|0.000000
120|31|0|0|0|40000|0|0.000000|0.000000|0.000000|0.000000
119|11|1|0|64|40000|1|-125608.777600|1162992321504860.000000|34102673.231066|46531949114976747520.000000
118|30|0|0|64|40000|1|0.000000|0.000000|0.000000|0.000000
117|15|1|0|64|40000|1|-21895.821500|200746940724704.093750|14168519.355413|8032058082867445760.000000
116|38|0|0|64|40000|1|0.000000|0.000000|0.000000|0.000000
115|30|0|0|32|40000|1|0.000000|0.000000|0.000000|0.000000
114|31|0|0|0|40000|0|0.000000|0.000000|0.000000|0.000000
113|32|0|0|0|40000|1|0.000000|0.000000|0.000000|0.000000
112|30|0|0|0|40000|2|0.000000|0.000000|0.000000|0.000000
111|38|0|0|64|40000|1|0.000000|0.000000|0.000000|0.000000
110|30|0|0|32|40000|1|0.000000|0.000000|0.000000|0.000000
109|31|0|0|0|40000|0|0.000000|0.000000|0.000000|0.000000
108|32|0|0|0|40000|1|0.000000|0.000000|0.000000|0.000000
107|30|0|0|0|40000|2|0.000000|0.000000|0.000000|0.000000
106|31|0|0|0|40000|0|0.000000|0.000000|0.000000|0.000000
105|11|1|0|64|40000|1|114584.053500|1044556039038753.125000|32319592.185527|41792741017012494336.000000
104|30|0|0|64|40000|1|0.000000|0.000000|0.000000|0.000000
103|15|1|0|64|40000|1|21854.339400|200441350017307.093750|14157731.104146|8019631500862645248.000000
102|38|0|0|64|40000|1|0.000000|0.000000|0.000000|0.000000
101|30|0|0|32|40000|1|0.000000|0.000000|0.000000|0.000000
100|31|0|0|0|40000|0|0.000000|0.000000|0.000000|0.000000
99|32|0|0|0|40000|1|0.000000|0.000000|0.000000|0.000000
98|30|0|0|0|40000|2|0.000000|0.000000|0.000000|0.000000
97|38|0|0|64|40000|1|0.000000|0.000000|0.000000|0.000000
96|30|0|0|32|40000|1|0.000000|0.000000|0.000000|0.000000
95|31|0|0|0|40000|0|0.000000|0.000000|0.000000|0.000000
94|32|0|0|0|40000|1|0.000000|0.000000|0.000000|0.000000
93|30|0|0|0|40000|2|0.000000|0.000000|0.000000|0.000000
91|51|0|0|1|44000|1|0.000000|0.000000|0.000000|0.000000
90|30|0|0|32|44000|1|0.000000|0.000000|0.000000|0.000000
88|31|0|0|0|4000|0|0.000000|0.000000|0.000000|0.000000
86|31|0|0|0|4000|0|0.000000|0.000000|0.000000|0.000000
85|15|1|0|64|4000|1|574.024000|14435506353.963043|120147.852057|57922695535584.000000
84|38|0|0|64|4000|1|0.000000|0.000000|0.000000|0.000000
83|30|0|0|32|4000|1|0.000000|0.000000|0.000000|0.000000
82|31|0|0|0|4000|0|0.000000|0.000000|0.000000|0.000000
81|32|0|0|0|4000|1|0.000000|0.000000|0.000000|0.000000
80|30|0|0|0|4000|2|0.000000|0.000000|0.000000|0.000000
79|38|0|0|64|4000|1|0.000000|0.000000|0.000000|0.000000
78|30|0|0|32|4000|1|0.000000|0.000000|0.000000|0.000000
77|31|0|0|0|4000|0|0.000000|0.000000|0.000000|0.000000
76|32|0|0|0|4000|1|0.000000|0.000000|0.000000|0.000000
75|30|0|0|0|4000|2|0.000000|0.000000|0.000000|0.000000
74|31|0|0|0|4000|0|0.000000|0.000000|0.000000|0.000000
73|15|1|0|64|4000|1|170.277000|1072189230.422578|32744.300732|4302255125520.000000
72|38|0|0|64|4000|1|0.000000|0.000000|0.000000|0.000000
71|30|0|0|32|4000|1|0.000000|0.000000|0.000000|0.000000
70|31|0|0|0|4000|0|0.000000|0.000000|0.000000|0.000000
69|32|0|0|0|4000|1|0.000000|0.000000|0.000000|0.000000
68|30|0|0|0|4000|2|0.000000|0.000000|0.000000|0.000000
67|38|0|0|64|4000|1|0.000000|0.000000|0.000000|0.000000
66|30|0|0|32|4000|1|0.000000|0.000000|0.000000|0.000000
65|31|0|0|0|4000|0|0.000000|0.000000|0.000000|0.000000
64|32|0|0|0|4000|1|0.000000|0.000000|0.000000|0.000000
63|30|0|0|0|4000|2|0.000000|0.000000|0.000000|0.000000
62|31|0|0|0|4000|0|0.000000|0.000000|0.000000|0.000000
61|31|0|0|0|4000|0|0.000000|0.000000|0.000000|0.000000
60|54|0|0|0|4000|0|0.000000|0.000000|0.000000|0.000000
59|47|0|0|0|4000|1|0.000000|0.000000|0.000000|0.000000
58|54|0|0|0|4000|0|0.000000|0.000000|0.000000|0.000000
57|47|0|0|0|4000|1|0.000000|0.000000|0.000000|0.000000
56|54|0|0|0|4000|0|0.000000|0.000000|0.000000|0.000000
55|47|0|0|0|4000|1|0.000000|0.000000|0.000000|0.000000
54|54|0|0|0|4000|0|0.000000|0.000000|0.000000|0.000000
53|47|0|0|0|4000|1|0.000000|0.000000|0.000000|0.000000
52|54|0|0|0|4000|0|0.000000|0.000000|0.000000|0.000000
51|47|0|0|0|4000|1|0.000000|0.000000|0.000000|0.000000
50|54|0|0|0|4000|0|0.000000|0.000000|0.000000|0.000000
49|47|0|0|0|4000|1|0.000000|0.000000|0.000000|0.000000
48|54|0|0|0|4000|0|0.000000|0.000000|0.000000|0.000000
47|47|0|0|0|4000|1|0.000000|0.000000|0.000000|0.000000
46|31|0|0|0|4000|0|0.000000|0.000000|0.000000|0.000000
45|31|0|0|0|4000|0|0.000000|0.000000|0.000000|0.000000
44|29|0|0|0|4000|4|0.000000|0.000000|0.000000|0.000000
43|29|0|0|0|4000|9|0.000000|0.000000|0.000000|0.000000
42|29|0|0|0|4000|9|0.000000|0.000000|0.000000|0.000000
41|29|0|0|0|4000|5|0.000000|0.000000|0.000000|0.000000
40|29|0|0|0|4000|20|0.000000|0.000000|0.000000|0.000000
39|29|0|0|0|4000|15|0.000000|0.000000|0.000000|0.000000
38|29|0|0|0|4000|10|0.000000|0.000000|0.000000|0.000000
37|29|0|0|0|4000|2|0.000000|0.000000|0.000000|0.000000
36|29|0|0|0|4000|2|0.000000|0.000000|0.000000|0.000000
1402|30|0|0|32|4000|1|0.000000|0.000000|0.000000|0.000000
1401|32|0|0|0|4000|1|0.000000|0.000000|0.000000|0.000000
1400|38|0|0|64|4000|1|0.000000|0.000000|0.000000|0.000000
1399|11|1|0|32|4000|1|4000.000000|5331333.500000|2308.968060|85333332000.000000
1398|30|0|0|32|4000|1|0.000000|0.000000|0.000000|0.000000
1397|30|0|0|0|4000|1|0.000000|0.000000|0.000000|0.000000
1396|30|0|0|32|4000|1|0.000000|0.000000|0.000000|0.000000
1395|32|0|0|0|4000|1|0.000000|0.000000|0.000000|0.000000
1394|38|0|0|64|4000|1|0.000000|0.000000|0.000000|0.000000
1393|30|0|0|32|4000|1|0.000000|0.000000|0.000000|0.000000
1392|30|0|0|0|4000|1|0.000000|0.000000|0.000000|0.000000
1390|51|0|0|1|4001|1|0.000000|0.000000|0.000000|0.000000
1389|30|0|0|32|4001|1|0.000000|0.000000|0.000000|0.000000
1387|31|0|0|0|1|0|0.000000|0.000000|0.000000|0.000000
1385|31|0|0|0|1|0|0.000000|0.000000|0.000000|0.000000
1384|54|0|0|0|1|0|0.000000|0.000000|0.000000|0.000000
1370|54|0|0|0|1|0|0.000000|0.000000|0.000000|0.000000
1369|47|0|0|0|1|1|0.000000|0.000000|0.000000|0.000000
1367|31|0|0|0|11|0|0.000000|0.000000|0.000000|0.000000
1366|11|1|0|32|11|1|6.000000|8.750000|2.958040|506.000000
1365|30|0|0|32|11|1|0.000000|0.000000|0.000000|0.000000
1363|31|0|0|0|11|0|0.000000|0.000000|0.000000|0.000000
1362|32|0|0|0|11|1|0.000000|0.000000|0.000000|0.000000
1361|38|0|0|64|11|1|0.000000|0.000000|0.000000|0.000000
1360|30|0|0|32|11|1|0.000000|0.000000|0.000000|0.000000
1359|31|0|0|0|11|0|0.000000|0.000000|0.000000|0.000000
1358|32|0|0|0|11|1|0.000000|0.000000|0.000000|0.000000
1357|38|0|0|64|11|1|0.000000|0.000000|0.000000|0.000000
1356|30|0|0|32|11|1|0.000000|0.000000|0.000000|0.000000
1354|51|0|0|1|12|1|0.000000|0.000000|0.000000|0.000000
1353|30|0|0|32|12|1|0.000000|0.000000|0.000000|0.000000
1351|31|0|0|0|1|0|0.000000|0.000000|0.000000|0.000000
1348|31|0|0|0|24|0|0.000000|0.000000|0.000000|0.000000
1347|11|1|0|32|24|1|12.500000|45.041667|6.711309|4900.000000
1346|30|0|0|32|24|1|0.000000|0.000000|0.000000|0.000000
1344|31|0|0|0|24|0|0.000000|0.000000|0.000000|0.000000
1343|32|0|0|0|24|1|0.000000|0.000000|0.000000|0.000000
1342|38|0|0|64|24|1|0.000000|0.000000|0.000000|0.000000
1341|30|0|0|32|24|1|0.000000|0.000000|0.000000|0.000000
1339|51|0|0|1|25|1|0.000000|0.000000|0.000000|0.000000
1338|30|0|0|32|25|1|0.000000|0.000000|0.000000|0.000000
1336|31|0|0|0|1|0|0.000000|0.000000|0.000000|0.000000
1333|31|0|0|0|6|0|0.000000|0.000000|0.000000|0.000000
1332|11|1|0|32|6|1|3.500000|2.291667|1.513825|91.000000
1331|30|0|0|32|6|1|0.000000|0.000000|0.000000|0.000000
1329|31|0|0|0|6|0|0.000000|0.000000|0.000000|0.000000
1328|32|0|0|0|6|1|0.000000|0.000000|0.000000|0.000000
1327|38|0|0|64|6|1|0.000000|0.000000|0.000000|0.000000
1326|30|0|0|32|6|1|0.000000|0.000000|0.000000|0.000000
1325|31|0|0|0|6|0|0.000000|0.000000|0.000000|0.000000
1324|32|0|0|0|6|1|0.000000|0.000000|0.000000|0.000000
1323|38|0|0|64|6|1|0.000000|0.000000|0.000000|0.000000
1322|30|0|0|32|6|1|0.000000|0.000000|0.000000|0.000000
1321|31|0|0|0|6|0|0.000000|0.000000|0.000000|0.000000
1320|32|0|0|0|6|1|0.000000|0.000000|0.000000|0.000000
1319|38|0|0|64|6|1|0.000000|0.000000|0.000000|0.000000
1318|30|0|0|32|6|1|0.000000|0.000000|0.000000|0.000000
1317|31|0|0|0|6|0|0.000000|0.000000|0.000000|0.000000
1316|32|0|0|0|6|1|0.000000|0.000000|0.000000|0.000000
1315|38|0|0|64|6|1|0.000000|0.000000|0.000000|0.000000
1314|30|0|0|32|6|1|0.000000|0.000000|0.000000|0.000000
1312|51|0|0|1|7|1|0.000000|0.000000|0.000000|0.000000
1311|30|0|0|32|7|1|0.000000|0.000000|0.000000|0.000000
1309|31|0|0|0|1|0|0.000000|0.000000|0.000000|0.000000
1306|31|0|0|0|6|0|0.000000|0.000000|0.000000|0.000000
1305|11|1|0|32|6|1|3.500000|2.291667|1.513825|91.000000
1304|30|0|0|32|6|1|0.000000|0.000000|0.000000|0.000000
1302|31|0|0|0|6|0|0.000000|0.000000|0.000000|0.000000
1301|32|0|0|0|6|1|0.000000|0.000000|0.000000|0.000000
1300|38|0|0|64|6|1|0.000000|0.000000|0.000000|0.000000
1299|30|0|0|32|6|1|0.000000|0.000000|0.000000|0.000000
1298|31|0|0|0|6|0|0.000000|0.000000|0.000000|0.000000
1297|32|0|0|0|6|1|0.000000|0.000000|0.000000|0.000000
1296|38|0|0|64|6|1|0.000000|0.000000|0.000000|0.000000
1295|30|0|0|32|6|1|0.000000|0.000000|0.000000|0.000000
1294|31|0|0|0|6|0|0.000000|0.000000|0.000000|0.000000
1293|32|0|0|0|6|1|0.000000|0.000000|0.000000|0.000000
1292|38|0|0|64|6|1|0.000000|0.000000|0.000000|0.000000
1291|30|0|0|32|6|1|0.000000|0.000000|0.000000|0.000000
1290|31|0|0|0|6|0|0.000000|0.000000|0.000000|0.000000
1289|32|0|0|0|6|1|0.000000|0.000000|0.000000|0.000000
1288|38|0|0|64|6|1|0.000000|0.000000|0.000000|0.000000
1287|30|0|0|32|6|1|0.000000|0.000000|0.000000|0.000000
1285|51|0|0|1|7|1|0.000000|0.000000|0.000000|0.000000
1284|30|0|0|32|7|1|0.000000|0.000000|0.000000|0.000000
1282|31|0|0|0|1|0|0.000000|0.000000|0.000000|0.000000
0|0|0|0|0|2040011|0|0.000000|0.000000|0.000000|0.000000
1280|31|0|0|0|1|0|0.000000|0.000000|0.000000|0.000000
1279|31|0|0|0|1|0|0.000000|0.000000|0.000000|0.000000
1278|31|0|0|0|1|0|0.000000|0.000000|0.000000|0.000000
1277|31|0|0|0|1|0|0.000000|0.000000|0.000000|0.000000
1276|31|0|0|0|1|0|0.000000|0.000000|0.000000|0.000000
1275|31|0|0|0|1|0|0.000000|0.000000|0.000000|0.000000
1274|31|0|0|0|1|0|0.000000|0.000000|0.000000|0.000000
1273|31|0|0|0|1|0|0.000000|0.000000|0.000000|0.000000
1272|31|0|0|0|1|0|0.000000|0.000000|0.000000|0.000000
1271|31|0|0|0|1|0|0.000000|0.000000|0.000000|0.000000
1270|31|0|0|0|1|0|0.000000|0.000000|0.000000|0.000000
1269|31|0|0|0|1|0|0.000000|0.000000|0.000000|0.000000
1268|31|0|0|0|1|0|0.000000|0.000000|0.000000|0.000000
1267|31|0|0|0|1|0|0.000000|0.000000|0.000000|0.000000
1266|31|0|0|0|1|0|0.000000|0.000000|0.000000|0.000000
1265|31|0|0|0|1|0|0.000000|0.000000|0.000000|0.000000
1264|31|0|0|0|1|0|0.000000|0.000000|0.000000|0.000000
1263|31|0|0|0|1|0|0.000000|0.000000|0.000000|0.000000
1262|31|0|0|0|1|0|0.000000|0.000000|0.000000|0.000000
1261|31|0|0|0|1|0|0.000000|0.000000|0.000000|0.000000
1260|31|0|0|0|1|0|0.000000|0.000000|0.000000|0.000000
1259|31|0|0|0|1|0|0.000000|0.000000|0.000000|0.000000
1258|31|0|0|0|1|0|0.000000|0.000000|0.000000|0.000000
1257|31|0|0|0|1|0|0.000000|0.000000|0.000000|0.000000
1256|31|0|0|0|1|0|0.000000|0.000000|0.000000|0.000000
1255|31|0|0|0|1|0|0.000000|0.000000|0.000000|0.000000
1254|31|0|0|0|1|0|0.000000|0.000000|0.000000|0.000000
1253|31|0|0|0|1|0|0.000000|0.000000|0.000000|0.000000
1252|31|0|0|0|1|0|0.000000|0.000000|0.000000|0.000000
1251|31|0|0|0|1|0|0.000000|0.000000|0.000000|0.000000
1250|31|0|0|0|1|0|0.000000|0.000000|0.000000|0.000000
1249|31|0|0|0|1|0|0.000000|0.000000|0.000000|0.000000
1248|54|0|0|0|1|0|0.000000|0.000000|0.000000|0.000000
1247|47|0|0|0|1|1|0.000000|0.000000|0.000000|0.000000
1246|29|0|0|0|1|29|0.000000|0.000000|0.000000|0.000000
1383|54|0|0|0|1|0|0.000000|0.000000|0.000000|0.000000
1382|47|0|0|0|1|1|0.000000|0.000000|0.000000|0.000000
1381|54|0|0|0|1|0|0.000000|0.000000|0.000000|0.000000
1380|47|0|0|0|1|1|0.000000|0.000000|0.000000|0.000000
1379|31|0|0|0|1|0|0.000000|0.000000|0.000000|0.000000
1378|31|0|0|0|1|0|0.000000|0.000000|0.000000|0.000000
1377|31|0|0|0|1|0|0.000000|0.000000|0.000000|0.000000
1376|29|0|0|0|1|3|0.000000|0.000000|0.000000|0.000000
1375|29|0|0|0|1|16|0.000000|0.000000|0.000000|0.000000
1374|29|0|0|0|1|3|0.000000|0.000000|0.000000|0.000000
1373|29|0|0|0|1|3|0.000000|0.000000|0.000000|0.000000
1372|29|0|0|0|1|3|0.000000|0.000000|0.000000|0.000000
10|54|0|0|0|1|0|0.000000|0.000000|0.000000|0.000000
9|30|0|0|0|1|1|0.000000|0.000000|0.000000|0.000000
8|32|0|0|0|1|1|0.000000|0.000000|0.000000|0.000000
7|30|0|0|0|1|1|0.000000|0.000000|0.000000|0.000000
6|31|0|0|0|1|0|0.000000|0.000000|0.000000|0.000000
5|31|0|0|0|1|0|0.000000|0.000000|0.000000|0.000000
4|31|0|0|0|1|0|0.000000|0.000000|0.000000|0.000000
3|29|0|0|0|1|3|0.000000|0.000000|0.000000|0.000000
2|29|0|0|0|1|1|0.000000|0.000000|0.000000|0.000000
1|29|0|0|0|1|1|0.000000|0.000000|0.000000|0.000000
