7.546
4.615
7.727
3.811
10.357
3.353
7.722
3.602
3.567
7.370
3.642
3.940
9.916
4.664
7.379
9.445
10.330
7.652
3.771
12.442
4.154
4.235
7.434
3.499
7.844
7.755
7.704
7.415
4.048
9.176
11.636
7.815
3.647
7.832
7.443
7.775
3.438
7.468
12.212
7.720
7.948
5.077
4.173
5.282
5.444
3.786
3.571
4.278
4.227
4.520
4.172
5.351
4.294
3.971
6.464
4.949
5.205
4.326
3.484
5.228
5.441
4.614
4.682
5.990
4.915
6.061
4.029
4.458
3.513
4.726
8.335
8.103
8.071
7.736
7.898
11.522
8.048
8.120
7.983
7.917
8.247
7.734
7.956
7.885
8.153
7.979
8.014
7.878
7.805
10.853
7.775
8.241
11.362
7.941
7.857
7.807
7.622
8.175
7.864
11.601
8.073
8.251
7.817
11.007
7.927
7.881
7.865
8.193
8.024
7.910
7.970
7.833
5.806
4.300
5.840
5.806
4.942
4.566
4.249
