4721
120
4994
80
13750
122
5044
138
86
3124
95
89
7561
178
5239
7463
9694
3620
92
28270
131
125
3835
75
4643
6221
6370
3796
117
9216
21552
3038
96
5572
2985
5556
75
2867
22690
6988
5765
178
155
813
238
149
101
151
212
283
347
243
162
155
158
257
177
193
150
246
824
187
251
754
191
288
118
177
117
924
9683
5859
6898
6429
5985
9554
5766
7767
5041
5569
5801
4347
4799
5436
5448
8155
6518
6992
5082
10069
5350
7975
9561
6423
5582
7383
5982
9012
5330
10273
7515
5757
4636
9038
7114
6007
5260
8667
6512
4613
6287
5815
98
87
408
288
258
132
273
